--- Relaxation Summary for Iteration 2 ---
Analysis Date: 2025-07-02 01:41:42

Num Atoms    Int. Symbol     Crystal System     Energy per Atom (eV/atom) Iter   Sample   GA Params                                         
------------ --------------- ------------------ ------------------------- ------ -------- --------------------------------------------------
80           P-31m           trigonal           -2.579382                 2      15       D1:32.609, R21:0.949, Cell:(-0.102, -0.094, 0.015, 15.037, -3.168, -9.749, -0.102, -0.094, 0.015, 15.037, -3.168, -9.749) 
80           P-31m           trigonal           -2.579382                 2      6        D1:47.945, R21:0.250, Cell:(0.026, 0.064, 0.097, -8.010, -16.927, 0.000, 0.026, 0.064, 0.097, -8.010, -16.927, 0.000) 
80           P-3             trigonal           -2.579382                 2      27       D1:72.149, R21:0.623, Cell:(0.037, -0.039, -0.131, 0.000, 0.000, 0.000, 0.037, -0.039, -0.131, 0.000, 0.000, 0.000) 
20           P-3             trigonal           -2.579382                 2      19       D1:31.623, R21:0.000, Cell:(0.100, -0.063, 0.100, 0.000, 0.000, 0.000, 0.100, -0.063, 0.100, 0.000, 0.000, 0.000) 
10           P-31m           trigonal           -2.579382                 2      4        D1:56.234, R21:0.000, Cell:(0.050, 0.050, 0.036, 0.000, -7.941, -11.843, 0.050, 0.050, 0.036, 0.000, -7.941, -11.843) 
40           P-3             trigonal           -2.579382                 2      3        D1:88.939, R21:0.051, Cell:(-0.019, -0.091, 0.185, -13.898, -3.168, -9.749, -0.019, -0.091, 0.185, -13.898, -3.168, -9.749) 
80           P-31m           trigonal           -2.579382                 2      9        D1:56.588, R21:0.623, Cell:(-0.146, -0.039, -0.131, -11.094, 0.000, 0.000, -0.146, -0.039, -0.131, -11.094, 0.000, 0.000) 
40           P-3             trigonal           -2.579382                 2      23       D1:31.623, R21:0.000, Cell:(0.050, 0.050, 0.050, -11.383, -7.815, 0.000, 0.050, 0.050, 0.050, -11.383, -7.815, 0.000) 
80           P-31m           trigonal           -2.579382                 2      25       D1:94.125, R21:0.066, Cell:(-0.056, -0.010, -0.004, -23.382, -7.611, 0.000, -0.056, -0.010, -0.004, -23.382, -7.611, 0.000) 
10           P-3             trigonal           -2.579382                 2      13       D1:51.642, R21:0.536, Cell:(0.151, -0.152, -0.117, -23.630, 20.773, -3.035, 0.151, -0.152, -0.117, -23.630, 20.773, -3.035) 
40           P-3             trigonal           -2.579382                 2      30       D1:10.000, R21:0.000, Cell:(-0.030, -0.050, -0.050, 0.000, 0.000, 0.000, -0.030, -0.050, -0.050, 0.000, 0.000, 0.000) 
10           P-3             trigonal           -2.579382                 2      8        D1:100.000, R21:0.000, Cell:(-0.100, -0.100, -0.100, 0.000, -24.297, -28.737, -0.100, -0.100, -0.100, 0.000, -24.297, -28.737) 
80           P-31m           trigonal           -2.579382                 2      22       D1:10.000, R21:0.000, Cell:(0.177, -0.100, -0.100, 0.000, 0.000, -12.206, 0.177, -0.100, -0.100, 0.000, 0.000, -12.206) 
20           P-3             trigonal           -2.579382                 2      28       D1:94.125, R21:0.216, Cell:(-0.056, -0.010, 0.164, 17.537, 8.380, 21.447, -0.056, -0.010, 0.164, 17.537, 8.380, 21.447) 
10           P-3             trigonal           -2.579381                 2      5        D1:7.009, R21:0.428, Cell:(0.153, 0.154, -0.044, -10.204, 0.000, 0.000, 0.153, 0.154, -0.044, -10.204, 0.000, 0.000) 
10           P-3             trigonal           -2.579381                 2      18       D1:100.000, R21:0.000, Cell:(0.000, 0.000, 0.000, 0.000, 0.000, -22.533, 0.000, 0.000, 0.000, 0.000, 0.000, -22.533) 
10           P-3             trigonal           -2.579381                 2      26       D1:10.000, R21:0.993, Cell:(-0.100, -0.100, -0.100, -11.094, -24.297, -28.737, -0.100, -0.100, -0.100, -11.094, -24.297, -28.737) 
10           P-3             trigonal           -2.579381                 2      11       D1:37.096, R21:0.536, Cell:(0.151, -0.152, -0.164, -15.318, 8.380, 12.910, 0.151, -0.152, -0.164, -15.318, 8.380, 12.910) 
10           P-3             trigonal           -2.579381                 2      17       D1:37.096, R21:0.536, Cell:(0.050, 0.050, 0.050, 0.000, -29.625, 0.000, 0.050, 0.050, 0.050, 0.000, -29.625, 0.000) 
40           P-3             trigonal           -2.579381                 2      20       D1:93.212, R21:0.454, Cell:(0.009, -0.067, 0.103, 10.579, -3.168, -9.749, 0.009, -0.067, 0.103, 10.579, -3.168, -9.749) 
10           P-3             trigonal           -2.579381                 2      16       D1:31.623, R21:0.000, Cell:(0.151, -0.152, -0.164, -15.318, 1.010, -27.067, 0.151, -0.152, -0.164, -15.318, 1.010, -27.067) 
20           P-3             trigonal           -2.579381                 2      24       D1:17.783, R21:0.000, Cell:(-0.050, -0.050, -0.050, 0.000, 0.000, 19.653, -0.050, -0.050, -0.050, 0.000, 0.000, 19.653) 
10           P-3             trigonal           -2.579381                 2      14       D1:26.472, R21:0.098, Cell:(-0.019, -0.091, -0.165, 10.579, 20.603, -12.281, -0.019, -0.091, -0.165, 10.579, 20.603, -12.281) 
20           P-3             trigonal           -2.579381                 2      12       D1:52.699, R21:0.440, Cell:(0.040, -0.083, -0.164, -8.599, 1.010, -27.067, 0.040, -0.083, -0.164, -8.599, 1.010, -27.067) 
40           P-3             trigonal           -2.579381                 2      7        D1:10.000, R21:0.000, Cell:(-0.100, -0.100, -0.100, 0.000, 0.000, 10.631, -0.100, -0.100, -0.100, 0.000, 0.000, 10.631) 
10           P-3             trigonal           -2.579380                 2      1        D1:37.096, R21:0.536, Cell:(0.151, -0.152, -0.164, -15.318, 1.010, -27.067, 0.151, -0.152, -0.164, -15.318, 1.010, -27.067) 
20           P-3             trigonal           -2.577578                 2      2        D1:26.472, R21:0.098, Cell:(0.146, -0.157, -0.049, -8.671, 8.380, 21.447, 0.146, -0.157, -0.049, -8.671, 8.380, 21.447) 
40           Cmc2_1          orthorhombic       -2.575926                 2      21       D1:26.472, R21:0.098, Cell:(-0.019, -0.091, -0.051, -23.741, -11.883, 13.469, -0.019, -0.091, -0.051, -23.741, -11.883, 13.469) 
20           P-1             triclinic          -2.564895                 2      29       D1:88.939, R21:0.051, Cell:(0.171, -0.157, -0.004, -23.382, -7.611, 19.653, 0.171, -0.157, -0.004, -23.382, -7.611, 19.653) 
80           P-1             triclinic          -2.561115                 2      10       D1:88.939, R21:0.051, Cell:(0.058, -0.157, -0.049, 17.537, 23.604, -27.067, 0.058, -0.157, -0.049, 17.537, 23.604, -27.067) 
