-4.295226071633846991e-05 -9.547309382879814386e-06 1.018778460293417752e-08 1.603689137263485109e-01 1.001128014910953601e+00 1.240851192768483324e+00 1.241222323910559089e+00 1.340530990207494222e+00 1.341169979513128219e+00 1.342544433499076595e+00 1.343024821472532659e+00 1.350171172589228696e+00 1.418387084309122192e+00 1.558148285127728183e+00 1.558915535790732276e+00 1.832542459728926598e+00 1.835278853083979422e+00 1.988332599124745137e+00 1.988556208200458641e+00 2.037823801322117490e+00 2.040658527104470821e+00 2.177595597831093688e+00 2.228380280899040944e+00 2.361026801248768070e+00 2.361028260037625337e+00 2.946373342337212708e+00 2.977272477506124115e+00 3.430634949191813110e+00 3.430892058167534842e+00 3.804685887672024869e+00
-7.806322658736374043e-02 5.251144728635996628e-02 1.270537570580815845e-01 1.773272671487677865e-01 9.948066812482400101e-01 1.227215425655192815e+00 1.239885455818257709e+00 1.332168405327904148e+00 1.334613850864296181e+00 1.338870517960024875e+00 1.345239917238056471e+00 1.356814152402108897e+00 1.429962440529830348e+00 1.561831746010849953e+00 1.565927458383677084e+00 1.832380541819905062e+00 1.836735767382152718e+00 1.988165107647387408e+00 1.988628982927646893e+00 2.036654974579666710e+00 2.039477892998379893e+00 2.177315215018056804e+00 2.230538102836767678e+00 2.361140389976074783e+00 2.361821719214879600e+00 2.940432647999391857e+00 2.976881944377985700e+00 3.429563602246615606e+00 3.438220478410446201e+00 3.804867127372915103e+00
-4.397828353869130680e-02 1.062746377887626575e-01 1.955190837034657958e-01 2.293813553593846422e-01 9.769641258664412131e-01 1.192402627749063360e+00 1.231919203421320663e+00 1.315539810032873680e+00 1.324266852790063842e+00 1.334886750749282758e+00 1.348696006789460666e+00 1.367935604202971112e+00 1.452708996426584021e+00 1.572198790161026816e+00 1.583857356269374295e+00 1.832327120558014499e+00 1.840063576202027873e+00 1.986962523147993709e+00 1.988466287715936254e+00 2.033714486944210975e+00 2.036752609943800696e+00 2.176483501851306457e+00 2.236902604166128405e+00 2.361620897479158820e+00 2.363805498026369634e+00 2.923517075289634892e+00 2.975746405899450941e+00 3.431038280296323517e+00 3.454653161598356004e+00 3.805396028599410396e+00
1.031233932754817006e-01 1.627435743071133645e-01 2.491628812877663135e-01 3.081973451820668730e-01 9.501539337335017654e-01 1.147178539934026409e+00 1.209582266443911536e+00 1.300050676900119662e+00 1.312722050321732059e+00 1.334658869894062683e+00 1.354001734028017490e+00 1.382335127231747895e+00 1.473917603016769995e+00 1.588580748310745472e+00 1.605765835957432053e+00 1.832433047342542087e+00 1.843584587701885269e+00 1.984157686384786956e+00 1.985904668425185093e+00 2.028994135245662189e+00 2.036177255238803774e+00 2.175007392229289405e+00 2.247183084397914143e+00 2.362435894601154107e+00 2.366382098631349074e+00 2.898088242392092617e+00 2.973967815204058951e+00 3.433741103402313755e+00 3.479192102629807604e+00 3.806230549920285089e+00
1.667371588247485437e-01 2.208983204101708231e-01 3.041487905204421360e-01 3.959843014816364914e-01 9.170684946289968664e-01 1.098644947229586277e+00 1.172690232323262194e+00 1.288613202433098959e+00 1.299737881227698955e+00 1.336791144209808380e+00 1.361120598041815732e+00 1.401177735550100056e+00 1.490033976569618002e+00 1.608271970641403259e+00 1.626631539602880983e+00 1.831998782063307241e+00 1.846075087319081209e+00 1.975912141363379559e+00 1.982951795039429088e+00 2.022911544307312237e+00 2.040611169706356254e+00 2.172653414661278592e+00 2.260842992888953074e+00 2.363573755645783425e+00 2.368875558742122411e+00 2.867577939942587584e+00 2.971701188897430068e+00 3.437050630210266799e+00 3.509295198462394794e+00 3.807307261465720405e+00
2.164243312743270586e-01 2.761542131063084438e-01 3.626435891120720623e-01 4.879537282486272054e-01 8.799901455253812399e-01 1.050792097716258366e+00 1.126677517868630574e+00 1.278700799869891602e+00 1.285615361544090174e+00 1.339259084409675449e+00 1.369520276620338040e+00 1.424229998319324286e+00 1.501582344905663779e+00 1.627525547689133933e+00 1.643533261876455098e+00 1.828915817850509828e+00 1.848683960543272109e+00 1.962966190456634452e+00 1.979568092733182016e+00 2.016859068680641798e+00 2.049135845697678704e+00 2.169260092259959194e+00 2.276961941210551288e+00 2.364987714214180858e+00 2.370862065408290142e+00 2.835748044186328976e+00 2.969138053813325406e+00 3.440515209617049486e+00 3.541989129775807932e+00 3.808547803789644526e+00
2.571263770403816595e-01 3.271901633857410285e-01 4.228687899222928759e-01 5.798681303248164332e-01 8.409133229013333599e-01 1.006319570885012116e+00 1.075357605894765589e+00 1.264679243098744132e+00 1.274899937272239381e+00 1.341278991822729028e+00 1.378615638403680954e+00 1.449858378552401739e+00 1.509514112674768427e+00 1.643349332539968843e+00 1.654939243136945848e+00 1.821762625518953849e+00 1.853959983918973098e+00 1.946778125287494055e+00 1.975309710409258734e+00 2.011819517862650564e+00 2.059802749868701710e+00 2.164917750104839556e+00 2.294267001313914367e+00 2.366586661052676455e+00 2.372261683538448018e+00 2.806063102973716639e+00 2.966487987448918062e+00 3.443781914010771494e+00 3.574378294682279300e+00 3.809864071429967858e+00
2.895213086757905674e-01 3.758071853975291643e-01 4.816246366835253423e-01 6.663167428477212439e-01 8.021224033866526382e-01 9.677984503647488745e-01 1.020722941369225367e+00 1.245965307863112326e+00 1.268319679302936098e+00 1.342785590281295738e+00 1.387939392992270982e+00 1.476087499017846971e+00 1.513991246453741057e+00 1.653990056949428800e+00 1.660564821763788279e+00 1.813168170063105711e+00 1.862348210835708784e+00 1.927963131190579604e+00 1.969957869542843687e+00 2.008320856288486667e+00 2.070746044339700553e+00 2.159996018285200048e+00 2.311303889210230000e+00 2.368230106961326520e+00 2.373224162381978974e+00 2.781110626269223118e+00 2.963961439552444954e+00 3.446601151029978993e+00 3.603935985360692040e+00 3.811161518551769323e+00
3.136740664456789118e-01 4.233026446834696754e-01 5.344171927323839721e-01 7.402199714170116795e-01 7.678773814494610495e-01 9.387585698952949365e-01 9.641485664377964504e-01 1.225809704698972213e+00 1.263515060127110123e+00 1.343859437930718714e+00 1.397104401787129246e+00 1.500985459904103037e+00 1.514711725761641148e+00 1.657279333029012980e+00 1.662867098490182993e+00 1.807714023308039097e+00 1.872645980933146825e+00 1.907274803821520370e+00 1.963549538189508947e+00 2.006394124466399642e+00 2.080421640565915276e+00 2.155078359699549750e+00 2.326608597392095135e+00 2.369722478048329251e+00 2.373935593801902666e+00 2.762235424904317949e+00 2.961755397675231549e+00 3.448826687720905504e+00 3.628669057077313465e+00 3.812340382655574622e+00
3.300181059140467887e-01 4.696164093752928648e-01 5.715820162499194446e-01 7.465132877823145163e-01 7.934011815221132524e-01 9.069267702566231604e-01 9.251320164699978754e-01 1.206354440419715068e+00 1.260148217722744990e+00 1.344567613748219426e+00 1.405585423460317784e+00 1.511751234925818865e+00 1.522703373252615622e+00 1.653430512110330763e+00 1.664242458096211630e+00 1.808903782146698003e+00 1.879326901441524145e+00 1.889657335321062392e+00 1.956624215932813993e+00 2.005661020838390041e+00 2.087779610548920584e+00 2.150853526935177840e+00 2.338834043745378288e+00 2.370839728944952540e+00 2.374487613185435997e+00 2.749573194954263666e+00 2.960041442641020648e+00 3.450401500189672177e+00 3.647168420438168912e+00 3.813296156991204278e+00
3.393086179186189377e-01 5.134162226503216075e-01 5.772600374710555871e-01 7.553646427140785491e-01 8.167044965342379337e-01 8.521649965183384356e-01 9.288372692782900231e-01 1.191076799889309923e+00 1.258152308450150025e+00 1.344961712298480050e+00 1.412175491332324562e+00 1.507552085389828100e+00 1.538134487227183600e+00 1.647909121386301745e+00 1.664150542612594874e+00 1.816818368509788506e+00 1.862880996800965860e+00 1.894514369652067876e+00 1.950559948726197312e+00 2.005555020169273117e+00 2.092295713975048432e+00 2.147985491043325812e+00 2.346817878994001738e+00 2.371443445563224284e+00 2.374858351583717830e+00 2.742492373267912953e+00 2.958954598403865877e+00 3.451328761379766963e+00 3.658561717349451126e+00 3.813925524932971989e+00
3.422977324512183062e-01 5.469634017330470277e-01 5.576739925633922290e-01 7.811513884193515000e-01 8.103467890581197430e-01 8.245492791611779282e-01 9.342819662747461340e-01 1.185018963998145436e+00 1.257491867665717411e+00 1.345086491746226409e+00 1.414793300113610597e+00 1.505467884581554783e+00 1.543961061877434426e+00 1.645301544928886583e+00 1.663895597889906153e+00 1.823967214644013124e+00 1.851772810092681576e+00 1.897973613787283798e+00 1.947935378253122130e+00 2.005584497394073740e+00 2.093808004806916756e+00 2.146967818361932512e+00 2.349620558391475544e+00 2.371606985719869165e+00 2.374988993080199506e+00 2.740239685471900000e+00 2.958582197101627287e+00 3.451633534745528475e+00 3.662403536172531116e+00 3.814146112854702508e+00
3.508002500900578302e-01 5.460651247987015067e-01 5.594699983708015800e-01 7.778810142401767491e-01 7.974635870875963484e-01 8.278774421156156471e-01 9.485642075895552860e-01 1.184599136569280065e+00 1.246864497050992782e+00 1.348323574851384876e+00 1.422714554780563079e+00 1.503350510659347439e+00 1.542562735812413655e+00 1.642819703133197917e+00 1.666965350943207191e+00 1.824802204587073318e+00 1.851025784872693203e+00 1.896297678757554062e+00 1.947341666828156681e+00 2.007697700044344558e+00 2.092457351999160053e+00 2.146122992075318869e+00 2.349956701742607290e+00 2.372050542008106166e+00 2.374871037065997115e+00 2.738693775357734506e+00 2.958543024370699825e+00 3.457377592303112035e+00 3.658304803658330773e+00 3.814236815600604125e+00
3.750269211563625471e-01 5.448329991717181242e-01 5.655003456995864042e-01 7.662340745257628649e-01 7.737059031891817540e-01 8.333806546524561432e-01 9.795375905216745505e-01 1.182890903912613423e+00 1.220763053089466421e+00 1.357598481399570955e+00 1.440227507829914932e+00 1.497034813941835907e+00 1.540412294776728475e+00 1.636337989320682418e+00 1.675002752032022757e+00 1.825082941132696757e+00 1.848093501984449993e+00 1.894870523685180608e+00 1.945827233921519683e+00 2.013570966820450447e+00 2.088164996252076300e+00 2.143188435636749212e+00 2.351891197540802114e+00 2.373057370754453110e+00 2.374669962572905746e+00 2.734185364815173713e+00 2.958397485893461187e+00 3.473347603160342967e+00 3.646867937007408855e+00 3.814460301156282540e+00
4.112357662389528601e-01 5.473297720848252501e-01 5.742153666434377524e-01 7.378706356551179013e-01 7.631836835202717717e-01 8.327877212313846700e-01 1.014103945437039078e+00 1.178752668019982464e+00 1.188328762153226803e+00 1.371632316659222584e+00 1.456558186202229876e+00 1.486873439045180767e+00 1.542404828321075394e+00 1.627287381639637154e+00 1.685857322046294460e+00 1.822668777980105848e+00 1.840611524441348124e+00 1.899891513868539938e+00 1.944213439998854209e+00 2.022160963779586762e+00 2.081021500017123937e+00 2.137639942313177333e+00 2.356645749817431579e+00 2.373956966119007639e+00 2.374968629981323520e+00 2.727049442274811941e+00 2.958091611061190118e+00 3.496313975442168154e+00 3.630331713544054484e+00 3.814711956067831533e+00
4.541162967231483494e-01 5.534922555019046175e-01 5.807023749153151781e-01 7.118418143445066626e-01 7.576676868896032868e-01 8.212479315237941613e-01 1.045903235631434391e+00 1.156310328402667009e+00 1.171935497852059749e+00 1.388152038782881847e+00 1.464375208144272023e+00 1.473996549208088869e+00 1.552442446347515936e+00 1.616085258641999145e+00 1.697433827614056145e+00 1.819679172053612959e+00 1.829978474708243930e+00 1.910734641265338762e+00 1.942705742854264228e+00 2.032377521704543000e+00 2.071997502133269720e+00 2.130462215777609636e+00 2.363785793378604616e+00 2.374348513272173555e+00 2.376100645832214031e+00 2.717942760166518479e+00 2.957614778408844014e+00 3.522384595290841691e+00 3.611361242787159309e+00 3.814910620946352360e+00
4.990097446908394185e-01 5.553656976706035087e-01 5.755654109019985309e-01 6.959501833921944991e-01 7.616988690848754961e-01 8.000140447975371272e-01 1.067261947250454535e+00 1.137081475855406199e+00 1.160187843776604444e+00 1.404411831343761685e+00 1.460754806789072102e+00 1.463554980603589462e+00 1.568725758123626690e+00 1.602450073797327956e+00 1.706741839843721964e+00 1.818642813291942550e+00 1.822663732081563293e+00 1.922909426286547152e+00 1.939671928800558831e+00 2.043044798999603895e+00 2.062154333963066133e+00 2.124576186317606918e+00 2.371157553358249626e+00 2.374698135423294776e+00 2.377170938351741203e+00 2.708394501786360209e+00 2.957059519724300589e+00 3.548260367034275831e+00 3.591798562113021731e+00 3.815044635343954216e+00
5.365219490732975327e-01 5.504091720787631647e-01 5.518351963842573760e-01 6.924371626175015448e-01 7.763873172531032818e-01 7.769696826364091979e-01 1.069812716041573797e+00 1.142995126694267727e+00 1.143726099745974167e+00 1.413325690316675320e+00 1.456462644816921337e+00 1.456616728445989883e+00 1.586251587831053911e+00 1.586523095733150202e+00 1.710095782998667824e+00 1.822130305643271386e+00 1.822666964555232250e+00 1.933000631824812965e+00 1.933482034542764572e+00 2.051987044083096734e+00 2.052832017043987545e+00 2.122894172513630551e+00 2.374824793076158347e+00 2.374835110764641488e+00 2.378989580897197254e+00 2.701265454444844227e+00 2.956629643787839878e+00 3.571681556131682811e+00 3.571974019221278773e+00 3.815136184551278564e+00
5.144303813629328426e-01 5.220718323227638846e-01 5.911051169961936136e-01 6.867702297518144539e-01 7.655170780825666377e-01 7.959262447195509793e-01 1.071500611345402199e+00 1.126209609712703230e+00 1.162371668433757055e+00 1.406565672756269647e+00 1.448867495332790911e+00 1.471660366614247151e+00 1.570046585123104466e+00 1.599710046348905790e+00 1.708615430043562977e+00 1.819316265560748880e+00 1.828674299034567019e+00 1.923700144229400610e+00 1.941607195530087315e+00 2.044329658457441301e+00 2.059607158089682866e+00 2.124296899337089872e+00 2.372343037798946952e+00 2.374743332117902117e+00 2.379421436705803306e+00 2.703343484613755177e+00 2.956797910016162323e+00 3.551995508856681472e+00 3.589186587607918533e+00 3.815077865968462323e+00
4.766542028344376014e-01 4.897863601454386373e-01 6.325944987518878904e-01 6.617683076603290138e-01 7.758406515841400619e-01 8.096796941512046653e-01 1.078958175204682401e+00 1.109571245487438018e+00 1.183767096496090021e+00 1.394419553518901900e+00 1.440205498528930761e+00 1.495608386803382484e+00 1.551853431110519654e+00 1.606663181981876853e+00 1.705862183649092145e+00 1.816430078657814695e+00 1.840829116289585787e+00 1.912101068754736621e+00 1.949808829479375394e+00 2.036175729233644649e+00 2.064930318445394430e+00 2.128425871689123561e+00 2.365978710408095154e+00 2.374252930439666009e+00 2.379648571753247399e+00 2.710120077544133199e+00 2.957370752501470079e+00 3.532402318771608041e+00 3.600783471814670733e+00 3.814849593060173572e+00
4.323949876104326018e-01 4.535616609726269566e-01 6.212607858738393718e-01 6.735110987071051269e-01 7.963306032271941781e-01 8.149131986417565976e-01 1.093394369820559930e+00 1.099580752156322783e+00 1.204557642075960944e+00 1.382615006307538419e+00 1.431125390690255017e+00 1.521096357132740495e+00 1.532799557670560642e+00 1.605214955103770436e+00 1.704321761974756821e+00 1.814121478078440708e+00 1.857253120434623872e+00 1.899143843211153815e+00 1.957635973883502967e+00 2.028822633609676185e+00 2.067599564654773125e+00 2.134485768587450316e+00 2.356008347614881870e+00 2.373438197115219417e+00 2.379173063694417500e+00 2.721889764338759399e+00 2.958417502629798079e+00 3.513605098096196588e+00 3.605559288977323362e+00 3.814371457392800036e+00
3.846836562959788375e-01 4.141298446774525632e-01 5.736947092446923469e-01 7.100990412713366062e-01 7.834389356268061100e-01 8.447289401683922838e-01 1.099192560024279786e+00 1.115776953004741667e+00 1.223897625632570429e+00 1.372610524581325819e+00 1.421978254925187368e+00 1.508917535119884912e+00 1.548779497584538367e+00 1.596279240138093192e+00 1.703293037192021853e+00 1.813092223845549800e+00 1.874843339680312138e+00 1.887227233652175151e+00 1.964860188762610038e+00 2.022698528688462893e+00 2.067510606524316064e+00 2.141619998896139521e+00 2.342633564695701942e+00 2.372321661730858011e+00 2.378065536633279464e+00 2.738652132239833392e+00 2.959960075851582495e+00 3.496182148197034323e+00 3.602922376574371199e+00 3.813589722512607860e+00
3.348851254765523588e-01 3.725033193590220337e-01 5.218607709975098263e-01 7.129146835764276213e-01 7.758848717006674445e-01 8.877652869962664450e-01 1.111104622384917251e+00 1.141700673198052574e+00 1.241630012312700426e+00 1.364512674799142511e+00 1.413010565829192933e+00 1.485266934887590429e+00 1.570986742435049432e+00 1.582318943681114698e+00 1.700101796499930318e+00 1.813749739791492344e+00 1.870280415359459658e+00 1.899496599718306422e+00 1.971248361912328884e+00 2.018187296704717415e+00 2.064815032101678494e+00 2.149097582617004232e+00 2.326440224986420446e+00 2.370946158114862978e+00 2.376443237257780172e+00 2.760127684448624219e+00 2.961962865655398680e+00 3.480561273517416510e+00 3.592910985454049744e+00 3.812510839076768132e+00
2.835915076887101094e-01 3.293803958642952945e-01 4.675279385763005946e-01 6.578952154374683170e-01 8.083317549072311925e-01 9.362946890118741816e-01 1.130503815139887180e+00 1.170695020417295451e+00 1.257832661053570167e+00 1.357912772047200844e+00 1.404373032325494375e+00 1.460191779979514104e+00 1.565114463113774779e+00 1.587618848104462410e+00 1.692298541067663642e+00 1.816072631113980096e+00 1.859106002452941331e+00 1.920452146169477237e+00 1.976589588008795140e+00 2.015672281371781338e+00 2.059944046459763367e+00 2.156330759576770451e+00 2.308412475929695784e+00 2.369374917543307646e+00 2.374420264841422323e+00 2.785722529111400281e+00 2.964331680805015523e+00 3.467008925411538822e+00 3.576184541580117671e+00 3.811209299676302731e+00
2.306556704843591710e-01 2.851506182115730037e-01 4.119584273659355755e-01 5.841708743497849854e-01 8.467188006557643254e-01 9.884139623281720244e-01 1.153789481674250439e+00 1.201277346670094559e+00 1.272666558283586991e+00 1.352293736571549276e+00 1.396099184819948213e+00 1.434536063865164524e+00 1.545934043444123773e+00 1.596764996709921780e+00 1.678491185177063194e+00 1.819519288299913828e+00 1.850486138656304957e+00 1.940729995650806172e+00 1.980731531958956460e+00 2.015516424868663226e+00 2.053641514642959187e+00 2.162843525447218251e+00 2.289833213576552229e+00 2.367688769559510575e+00 2.372112486366282802e+00 2.814461728828308473e+00 2.966922371190499952e+00 3.455636605533900507e+00 3.554001261875619821e+00 3.809802966487798592e+00
1.750099433863243070e-01 2.399629147810059815e-01 3.562867898365612573e-01 5.015325792660737525e-01 8.846252470094452258e-01 1.042474210333816043e+00 1.178283772975962540e+00 1.232189083081984382e+00 1.286321568299695128e+00 1.347289215662539785e+00 1.388104509224548533e+00 1.409391692141837904e+00 1.525053683349980815e+00 1.598175959771162224e+00 1.658672764414577783e+00 1.823087182346799784e+00 1.845037290237975247e+00 1.958733661590845943e+00 1.983671494705301130e+00 2.017858427138011557e+00 2.046993774633678154e+00 2.168263597691884481e+00 2.272113132601378371e+00 2.365982717308444450e+00 2.369644577644602901e+00 2.844930556938918276e+00 2.969557102427912376e+00 3.446425142026499522e+00 3.528172023174341643e+00 3.808417209880017307e+00
1.134277813073920615e-01 1.938451802126892609e-01 3.016076338664482326e-01 4.139221561747389311e-01 9.202514131333275893e-01 1.096629955952273638e+00 1.201679562301446458e+00 1.262247109180069993e+00 1.299008733783170166e+00 1.342835188147478265e+00 1.380217909587843739e+00 1.386310223093443428e+00 1.502526063740568629e+00 1.592788449435257547e+00 1.634289762616895070e+00 1.825906077060301946e+00 1.842121500127127165e+00 1.973051548936844979e+00 1.985632648034168168e+00 2.022303035339012567e+00 2.041422745289327434e+00 2.172356820326513560e+00 2.256559072595547555e+00 2.364362722213490642e+00 2.367161686980488788e+00 2.875254537887118378e+00 2.972044583146908892e+00 3.439265503034227844e+00 3.500983011962702118e+00 3.807159894095312858e+00
1.525156718313744157e-02 1.468252381687683572e-01 2.489938417292712480e-01 3.243748556990379006e-01 9.519803245859486118e-01 1.148498043936165836e+00 1.221310683348506121e+00 1.290212361614880177e+00 1.310984587507624477e+00 1.339326333467361518e+00 1.367179647318764069e+00 1.372408855142089434e+00 1.478327251052380387e+00 1.582691490801894529e+00 1.608029297528527524e+00 1.827941419213372942e+00 1.840340676331611913e+00 1.982475788374695069e+00 1.986937929396012548e+00 2.027840849879195328e+00 2.038391609540314509e+00 2.175087973167356914e+00 2.244131286259628322e+00 2.362941987027108226e+00 2.364845128506735339e+00 2.903132352644977043e+00 2.974200377572827403e+00 3.434015041720748229e+00 3.475085711427564394e+00 3.806112300375782187e+00
-8.226418161024093290e-02 9.891635395556389043e-02 1.985264411600250190e-01 2.374406194011330073e-01 9.777608860871480623e-01 1.194435930428974224e+00 1.234289761181031064e+00 1.314603963424500366e+00 1.322605391844840605e+00 1.337801463790981638e+00 1.353953418420770216e+00 1.364372442263729557e+00 1.452992495632098535e+00 1.570969183600924302e+00 1.583674084217453926e+00 1.829678423765102036e+00 1.838557954451017995e+00 1.986949587882656409e+00 1.987807664763355131e+00 2.033071172508694957e+00 2.038334769685412162e+00 2.176651348100346439e+00 2.235296105332249983e+00 2.361835438577617463e+00 2.362915679154315107e+00 2.925949169215798840e+00 2.975864382322598978e+00 3.430582110478360924e+00 3.453309052957011627e+00 3.805330174480186400e+00
-8.574234682073632319e-02 4.997143432083227255e-02 1.320727091372737028e-01 1.774042553936103772e-01 9.949989478409901889e-01 1.228214975140905940e+00 1.239862096795484758e+00 1.332615525646069443e+00 1.334752176050589156e+00 1.339003263354751061e+00 1.346374427303315802e+00 1.356199171337460152e+00 1.429603593774924519e+00 1.561498802967364874e+00 1.565865149021419933e+00 1.831401362596457139e+00 1.836566628325943640e+00 1.988207151550805962e+00 1.988348719106837637e+00 2.036621831413999217e+00 2.039818223428936150e+00 2.177387573826326417e+00 2.230091163729249537e+00 2.361155770043493529e+00 2.361598002859588874e+00 2.941062173795543355e+00 2.976913953870532925e+00 3.429131816231787422e+00 3.438193146451642868e+00 3.804848433954713727e+00
-4.295226071633846991e-05 -9.547309382879814386e-06 1.018778460293417752e-08 1.603689137263485109e-01 1.001128014910953601e+00 1.240851192768483324e+00 1.241222323910559089e+00 1.340530990207494222e+00 1.341169979513128219e+00 1.342544433499076595e+00 1.343024821472532659e+00 1.350171172589228696e+00 1.418387084309122192e+00 1.558148285127728183e+00 1.558915535790732276e+00 1.832542459728926598e+00 1.835278853083979422e+00 1.988332599124745137e+00 1.988556208200458641e+00 2.037823801322117490e+00 2.040658527104470821e+00 2.177595597831093688e+00 2.228380280899040944e+00 2.361026801248768070e+00 2.361028260037625337e+00 2.946373342337212708e+00 2.977272477506124115e+00 3.430634949191813110e+00 3.430892058167534842e+00 3.804685887672024869e+00
4.000475345149455408e-02 4.820086706642307678e-02 1.150414526714443331e-01 1.639192262437965120e-01 1.001782175555606891e+00 1.238326929522461706e+00 1.238673541193510363e+00 1.319506114822037945e+00 1.320092144931205747e+00 1.350277743212015658e+00 1.362916956867133322e+00 1.363499900447028290e+00 1.417910848066601615e+00 1.559421783322744837e+00 1.560228865751073668e+00 1.832642623768502066e+00 1.835378531444331385e+00 1.990386342489216753e+00 1.990629106805144710e+00 2.035516308331547730e+00 2.038270527275299226e+00 2.159378444379459694e+00 2.243456891799965991e+00 2.363230387247635012e+00 2.363266828430255373e+00 2.911598224463250784e+00 3.017909459201156164e+00 3.428656015973608362e+00 3.428917671316194404e+00 3.803454771511889376e+00
8.440967662527798510e-02 9.173911813057117337e-02 1.713248810386189813e-01 2.298640407630053173e-01 1.003836643486695435e+00 1.228938891779772780e+00 1.229228185909959636e+00 1.300806861258521963e+00 1.301450422442214760e+00 1.350678881131930575e+00 1.381727189269465805e+00 1.382353877362958672e+00 1.416503372903929581e+00 1.563195833583808758e+00 1.564110056137863580e+00 1.832744603039651254e+00 1.835483196571055409e+00 1.996040962722349654e+00 1.996377145549858012e+00 2.029307573761613082e+00 2.031792825789764390e+00 2.125247026731457378e+00 2.268197689167579245e+00 2.369572615842710839e+00 2.369705779624379893e+00 2.870461396610417548e+00 3.076242852744139444e+00 3.422840942347773918e+00 3.423112779946048345e+00 3.799760074819321876e+00
1.280487126907622064e-01 1.341006025574457416e-01 1.850542316111006280e-01 3.384560313853315350e-01 1.007562374057803245e+00 1.209791320492232369e+00 1.210061247983498900e+00 1.289585641471983735e+00 1.290306159980022960e+00 1.351396893858779480e+00 1.397494989492682693e+00 1.398156799669427963e+00 1.414228890118686133e+00 1.569337358787419756e+00 1.570406207410720789e+00 1.832207378324101299e+00 1.834961514230473156e+00 2.002672652371702444e+00 2.003480325518342209e+00 2.022406179633422507e+00 2.024150046419805893e+00 2.086056542412005665e+00 2.291857919411567135e+00 2.379351920885617755e+00 2.379618375492533300e+00 2.833917244917782519e+00 3.140220426329988435e+00 3.413552097201050461e+00 3.413832888646790131e+00 3.793588337316462056e+00
1.703735140934461989e-01 1.748838693166270553e-01 2.014093166936369306e-01 4.406606097740350947e-01 1.013396035548764562e+00 1.182539283674618469e+00 1.182804073949384360e+00 1.285212289774625871e+00 1.285986473252208384e+00 1.352489110777752579e+00 1.410430144494047466e+00 1.410920032010973157e+00 1.411375877926315026e+00 1.577675079541127845e+00 1.578934840424979669e+00 1.829888661563480845e+00 1.832678980010111980e+00 2.000859184856264239e+00 2.002632168101398324e+00 2.025105568555819247e+00 2.025538470851729667e+00 2.043858252292797495e+00 2.312643057218584985e+00 2.391642199684503645e+00 2.392052577511747380e+00 2.802262076340498176e+00 3.207913205935278622e+00 3.401385677642827954e+00 3.401669902303950277e+00 3.784888151267878698e+00
2.106646194371188940e-01 2.135677272328028731e-01 2.190633245346391422e-01 5.338736123997717131e-01 1.021910839136856985e+00 1.151455608744810899e+00 1.151684489756163110e+00 1.284348355047070900e+00 1.285162296453478348e+00 1.353996920605951670e+00 1.407522854103395504e+00 1.421124875581295521e+00 1.421687374374752233e+00 1.588090774512929571e+00 1.589570604731791681e+00 1.824282398142327732e+00 1.827123561013420883e+00 1.992356129779124130e+00 1.994022170738730226e+00 1.999688041718493015e+00 2.036597851683004556e+00 2.036754106233825024e+00 2.330067164823795167e+00 2.405457224700438434e+00 2.406002901668454541e+00 2.775508281528274335e+00 3.277344106775278210e+00 3.387161379855573973e+00 3.387444639415656322e+00 3.773534460166743987e+00
2.365978392391922536e-01 2.480404978319043496e-01 2.494767695685127240e-01 6.156184593793285753e-01 1.033713603091635624e+00 1.119761916255019196e+00 1.119932221655481674e+00 1.284790749083066563e+00 1.285647550344024781e+00 1.355925284755202798e+00 1.403432936736605852e+00 1.430040961568932012e+00 1.430475720137826645e+00 1.600576750655795744e+00 1.602297477791533531e+00 1.814062666935559287e+00 1.816940732914906764e+00 1.954706298565775713e+00 1.984994787430977237e+00 1.986351092871096569e+00 2.049636376052011322e+00 2.049748665408550163e+00 2.344003467589288014e+00 2.419806583546312506e+00 2.420467855000792312e+00 2.753675374771852535e+00 3.346361854274579439e+00 3.371904551751773838e+00 3.372189504118861869e+00 3.759292200464354305e+00
2.527627686162147724e-01 2.814222421591446310e-01 2.817150797589434985e-01 6.834931155574552886e-01 1.049109299412879004e+00 1.089764288746266185e+00 1.089886402455577663e+00 1.285503829312225843e+00 1.286407843294845588e+00 1.358223686428742250e+00 1.399130858368715202e+00 1.437489793268811766e+00 1.437808747755768612e+00 1.615189469121073085e+00 1.617163307441472631e+00 1.798854349492876370e+00 1.801718294328196412e+00 1.910702712704488215e+00 1.980585584725156778e+00 1.981670012840404782e+00 2.062024110160057599e+00 2.062129722175440438e+00 2.354551584278565812e+00 2.433681397357870146e+00 2.434433954985115278e+00 2.736696572915818582e+00 3.356805645335916299e+00 3.357087186770207676e+00 3.412882466591634856e+00 3.741790243421593498e+00
2.664912713117845167e-01 3.091259658944618960e-01 3.095461528413127050e-01 7.356767031630190301e-01 1.063462993628110587e+00 1.063587040201031453e+00 1.067356083515875076e+00 1.286071302487794998e+00 1.287020144692193835e+00 1.360761778347429507e+00 1.394892764870559576e+00 1.443517374256149122e+00 1.443764401396780750e+00 1.631882722175166389e+00 1.634117487365044141e+00 1.779555485078324617e+00 1.782334537485584347e+00 1.870238935483832243e+00 1.978867659763072773e+00 1.979758592649581761e+00 2.072627398530618947e+00 2.072738371185639306e+00 2.362012820449024275e+00 2.446038848193136772e+00 2.446858101656463891e+00 2.724310523080203161e+00 3.343163820691407384e+00 3.343451825076673600e+00 3.475048769089570389e+00 3.720520147819855072e+00
2.769281473417158357e-01 3.303533070211873701e-01 3.309929993284660976e-01 7.716525568252532441e-01 1.042804541629920090e+00 1.042944399003393974e+00 1.085786982958202529e+00 1.286398657465857021e+00 1.287383457000465858e+00 1.363280561703746452e+00 1.391087982425827319e+00 1.448015444424109122e+00 1.448216247873173046e+00 1.650170783314347966e+00 1.652682588997484769e+00 1.758077433329430006e+00 1.760694053301998130e+00 1.836784603350352763e+00 1.978767474051078556e+00 1.979537122092210666e+00 2.080687336296459300e+00 2.080807059364584877e+00 2.366832573765803804e+00 2.455839819545804659e+00 2.456703368007376653e+00 2.716056480170901732e+00 3.332259153493474457e+00 3.332552264487579574e+00 3.531448735738755840e+00 3.694891250539537708e+00
2.834459514443991579e-01 3.439728070376277813e-01 3.444179648365419122e-01 7.923113364944327497e-01 1.029557279069609033e+00 1.029684980733599931e+00 1.099910135448248338e+00 1.286539048145034281e+00 1.287546882581710239e+00 1.365300994699249815e+00 1.388269387295628654e+00 1.450819563236158682e+00 1.450972714565776256e+00 1.668090395997678055e+00 1.670928377216143179e+00 1.737687277182131229e+00 1.740041915003849082e+00 1.814344885643462524e+00 1.979193645522544509e+00 1.979897766234676393e+00 2.085708227952707272e+00 2.085834526986816151e+00 2.369483172853871444e+00 2.462159285042226031e+00 2.463047752403978219e+00 2.711395400125541588e+00 3.325203252612897398e+00 3.325498696836322488e+00 3.580915522474988677e+00 3.664530019211139411e+00
2.856614939903984185e-01 3.488039748836170850e-01 3.488718897069016389e-01 7.989950561605232426e-01 1.024989011835392594e+00 1.025099858975395684e+00 1.105249376540879069e+00 1.286573968090303000e+00 1.287589721249325247e+00 1.366114645152719742e+00 1.387185585638981200e+00 1.451777641608346991e+00 1.451902977371595238e+00 1.677650109190226724e+00 1.680755986224130583e+00 1.727210063728428224e+00 1.729318956421873832e+00 1.806392274159350997e+00 1.979418630958380776e+00 1.980102013288327800e+00 2.087411665681054629e+00 2.087540234019703345e+00 2.370322414699519875e+00 2.464344721410477668e+00 2.465241185423056702e+00 2.709896365780561922e+00 3.322760195880225087e+00 3.323056096925476322e+00 3.614798517559352220e+00 3.637124575209464972e+00
2.895324262408694449e-01 3.413916604269396915e-01 3.678602571937989452e-01 7.894426857818716003e-01 1.023700921393384311e+00 1.028014051467813106e+00 1.109515151452592274e+00 1.267904261928100906e+00 1.283225454377955099e+00 1.361818442044561595e+00 1.401692370194250747e+00 1.450424427720920173e+00 1.452453094195330863e+00 1.680536878573011927e+00 1.684138661545110827e+00 1.727566908317230476e+00 1.730491044542020074e+00 1.810312664426616092e+00 1.979093285048141082e+00 1.981918090502647445e+00 2.086289377264620271e+00 2.087174530299207742e+00 2.369869270513424553e+00 2.464704897522850491e+00 2.465333890878248280e+00 2.708002426461734835e+00 3.321212998711778663e+00 3.327215413646617659e+00 3.614131586628994253e+00 3.636808950233060056e+00
3.004953396593571524e-01 3.483795583246352967e-01 3.958417006213154066e-01 7.635766826551748654e-01 1.019903379028908930e+00 1.034345063203391257e+00 1.121974768935967592e+00 1.229073077876906561e+00 1.270133787078331800e+00 1.351161602830563080e+00 1.423044806572998366e+00 1.451578240940818221e+00 1.453541444571808672e+00 1.685123635816360155e+00 1.696320104927349526e+00 1.729154478614555845e+00 1.734216008272792875e+00 1.821677709548997770e+00 1.978138488374790560e+00 1.986901803332689065e+00 2.082809521247384499e+00 2.086156588761916009e+00 2.368557198501842098e+00 2.464036022501794321e+00 2.467281064167968552e+00 2.702385838975210675e+00 3.321747531408318022e+00 3.334374770886677553e+00 3.612193382205624470e+00 3.635956817393088514e+00
3.167792833418975884e-01 3.706819736771618246e-01 4.316504515650980700e-01 7.269478567134208813e-01 1.013711571044352278e+00 1.040461960053757906e+00 1.140715135129220181e+00 1.185379257420491994e+00 1.248302245623055917e+00 1.338436290536577422e+00 1.421661774483665708e+00 1.453755235143202373e+00 1.471579863723137205e+00 1.690676339177152876e+00 1.712296469206914917e+00 1.733361500243966846e+00 1.741698761566955467e+00 1.839306921786668658e+00 1.976595372182976984e+00 1.993916457479050885e+00 2.076951215516957383e+00 2.084435428825504921e+00 2.366516451577410862e+00 2.462691715906957679e+00 2.470506759110879802e+00 2.693301342415086896e+00 3.323922072039025455e+00 3.344549698478977984e+00 3.609175782034012681e+00 3.634783882578981107e+00
3.356768558786086265e-01 4.059918287267723636e-01 4.754899187762157142e-01 6.846022835232450365e-01 1.004941607410710258e+00 1.045037687034070073e+00 1.141934839859354067e+00 1.161734377732725587e+00 1.219895626977768988e+00 1.326703137815498534e+00 1.407917793225932357e+00 1.453232194106867770e+00 1.496438623992942807e+00 1.695990342737794032e+00 1.725543069179143796e+00 1.741589471045130511e+00 1.755704983166319400e+00 1.861269087756760365e+00 1.974530339889253749e+00 2.001695325954844673e+00 2.068669145488714278e+00 2.082015888087134670e+00 2.363932101262250285e+00 2.460806694784270832e+00 2.474559673347433097e+00 2.681320836376051453e+00 3.327047778814116619e+00 3.357746870526958638e+00 3.605355512012943908e+00 3.633499275801197026e+00
3.543969248404096883e-01 4.489645257698181569e-01 5.277951254630330880e-01 6.410256530024918131e-01 9.927742247235223916e-01 1.048136293898395577e+00 1.102686302125012396e+00 1.166676230035057271e+00 1.200958047667234130e+00 1.317492527360804244e+00 1.389750461686485972e+00 1.451611135451840617e+00 1.518658864841130773e+00 1.700091530806376205e+00 1.735418216017208248e+00 1.752779181253915963e+00 1.775748604167685984e+00 1.885016775586327631e+00 1.972031258115384045e+00 2.009407523064075551e+00 2.057974433425616478e+00 2.078951679395977248e+00 2.361015294816830146e+00 2.458437685545933338e+00 2.479031050961815197e+00 2.667414787719936786e+00 3.330501242047844368e+00 3.373742313666800552e+00 3.600944933494953926e+00 3.632237373253169199e+00
3.706416835295256451e-01 4.916306248886884167e-01 5.870863682438626219e-01 6.031730937599246722e-01 9.758222493550002818e-01 1.049805910479703064e+00 1.069855857106320141e+00 1.132617665497986259e+00 1.213773874175788414e+00 1.312082911141863706e+00 1.369093543413141489e+00 1.448893017748218437e+00 1.537490664006585739e+00 1.703128591622425470e+00 1.744849825750419026e+00 1.765620322082092297e+00 1.797473670581298810e+00 1.907696806082453733e+00 1.969207699285707935e+00 2.016976310253947080e+00 2.045038711076390125e+00 2.075326758969749275e+00 2.357984354044937003e+00 2.455688122814767560e+00 2.483487978519522077e+00 2.652885883793052901e+00 3.333836108603816406e+00 3.392108647859056525e+00 3.595914391505884655e+00 3.631063272418489252e+00
3.820090818929574028e-01 5.141615547184339441e-01 5.903359500494799184e-01 6.514985231301211321e-01 9.536100302427392705e-01 1.043225374450127863e+00 1.050934376013862304e+00 1.089682318595666777e+00 1.227657486336787285e+00 1.312004857627567356e+00 1.347260750480469227e+00 1.445120999154688501e+00 1.553039134293483059e+00 1.705826876759627408e+00 1.754562487266997151e+00 1.779135777288666675e+00 1.818240430891540527e+00 1.926700028737076353e+00 1.966198340725605398e+00 2.024420483135240811e+00 2.030812330093630269e+00 2.071248118386278314e+00 2.355053707340911018e+00 2.452722287130641998e+00 2.487518966874696869e+00 2.639136877697855876e+00 3.336791136808383129e+00 3.412318476649818244e+00 3.589918019007332539e+00 3.630004094529609926e+00
3.853124083551690005e-01 5.020353739729814802e-01 6.227881681872656783e-01 7.143974501920411502e-01 9.285389581902073752e-01 1.024154423832050131e+00 1.033223346013697030e+00 1.059926674952145653e+00 1.235789592523967251e+00 1.317707207609641884e+00 1.325679440851695201e+00 1.440423514472289002e+00 1.565391092000160578e+00 1.708825988959453923e+00 1.764282097816736838e+00 1.792286740473416184e+00 1.836684830820964898e+00 1.940515349747550244e+00 1.963192421738475968e+00 2.013669541310302513e+00 2.034503765180151191e+00 2.066893499543078772e+00 2.352421113214942405e+00 2.449761807727456109e+00 2.490804148264264661e+00 2.627355026951553096e+00 3.339242309292883792e+00 3.433803803764645668e+00 3.582382233814913164e+00 3.629078152587045469e+00
3.784440622628874595e-01 4.886643143699967995e-01 6.700069757218133359e-01 7.716911899510172645e-01 9.049746358642291044e-01 9.844199723642379496e-01 1.010026458292320850e+00 1.056904299578476536e+00 1.238952197277874756e+00 1.305349873057400023e+00 1.327653253471738681e+00 1.435106010293588419e+00 1.574569090583452180e+00 1.712341796945322070e+00 1.773362017692622361e+00 1.804132881960739399e+00 1.851903442537441657e+00 1.949294473145146256e+00 1.960489465665587572e+00 1.997811382124825785e+00 2.043568484309024935e+00 2.062587831512226355e+00 2.350249013739038162e+00 2.447065975374940638e+00 2.493189204152303162e+00 2.618257086899475006e+00 3.341146162219172044e+00 3.455912698007008288e+00 3.572731741779579195e+00 3.628311691331792321e+00
3.653793415082617346e-01 4.834431450747268544e-01 7.205361972932907699e-01 8.176137188433652003e-01 8.880831751096263105e-01 9.329684742106153506e-01 9.955723043190745081e-01 1.056625151951412933e+00 1.239583644252654215e+00 1.288704593079299299e+00 1.337809167894444373e+00 1.429796319983548614e+00 1.580707901005454774e+00 1.715977310477593054e+00 1.780924562645841647e+00 1.813786921203605962e+00 1.863243664608662975e+00 1.953926942020583146e+00 1.958776067145616029e+00 1.983735008749941464e+00 2.051399586967812994e+00 2.058845468247153310e+00 2.348648064225145049e+00 2.444899308941712590e+00 2.494707893319704883e+00 2.612026697051697877e+00 3.342497024268953343e+00 3.477745727593178682e+00 3.560726165845554014e+00 3.627737345489826737e+00
3.539563055004797953e-01 4.825329701139833283e-01 7.721562108288373416e-01 8.415364175513254663e-01 8.809581510517638936e-01 8.860326105325837531e-01 9.828831639634869610e-01 1.056628355578245415e+00 1.239429314750596589e+00 1.277473491527436389e+00 1.345485594802604323e+00 1.425602537168621398e+00 1.584136940921746728e+00 1.718814797312961273e+00 1.786004023747264302e+00 1.820273483085610433e+00 1.870252777079206785e+00 1.954721055680023412e+00 1.959156717493764521e+00 1.973823337411241496e+00 2.055770256355138770e+00 2.057074478637824999e+00 2.347675320033967949e+00 2.443492700194367373e+00 2.495514073696377899e+00 2.608477099676994371e+00 3.343302141081165413e+00 3.497539227446777144e+00 3.547218719374474638e+00 3.627382528937550088e+00
3.495782999223418508e-01 4.825668661706886686e-01 8.198233408052134630e-01 8.266316281860131010e-01 8.519459826931696789e-01 8.913284509496386399e-01 9.768778097457695431e-01 1.056647221028291561e+00 1.239302772613138703e+00 1.273478525379206250e+00 1.348373430775621218e+00 1.423953921721901050e+00 1.585226130188121862e+00 1.719896251519594355e+00 1.787802604916391314e+00 1.822593798003089738e+00 1.872629741014535165e+00 1.954483278553482251e+00 1.959645003578723843e+00 1.970258389511281960e+00 2.055116223361014516e+00 2.058598748002741896e+00 2.347350038856747645e+00 2.443004908851749146e+00 2.495762169325128177e+00 2.607334310575236458e+00 3.343569453242883682e+00 3.508232897920812388e+00 3.538687060974923249e+00 3.627262726081827093e+00
3.528231004370057655e-01 4.822441657346788757e-01 8.091469262837858167e-01 8.151924954684387492e-01 8.582970700725182089e-01 9.060009698787120369e-01 9.817078601613360433e-01 1.056295689999639187e+00 1.237955598655462897e+00 1.272880396852625662e+00 1.343296283653728551e+00 1.420853844968362312e+00 1.591085773322579833e+00 1.722793780859602331e+00 1.786135822938211382e+00 1.823825899875298306e+00 1.871075548740813499e+00 1.953355359780714728e+00 1.959612763631932930e+00 1.972139329084330983e+00 2.054250045085161069e+00 2.057438202679997108e+00 2.347747257362230666e+00 2.443377460464981610e+00 2.495224446090507975e+00 2.606308177896840217e+00 3.347146386015467989e+00 3.508042151873898451e+00 3.536162609779754717e+00 3.627405427049545494e+00
3.622561212645697415e-01 4.809033953994335531e-01 7.820181985601596386e-01 8.032001307408455082e-01 8.660687058016801609e-01 9.351881932059424862e-01 9.946986674164134401e-01 1.055525473660696711e+00 1.232195494524950696e+00 1.271112134401432892e+00 1.331728464296750403e+00 1.412117635923938685e+00 1.606649362841140904e+00 1.729944249519032917e+00 1.781700747192917156e+00 1.826757018800666321e+00 1.867114694403213537e+00 1.950719198191590342e+00 1.959511821000170295e+00 1.977439284770227790e+00 2.051443415755777266e+00 2.054679953830218508e+00 2.348820292769248308e+00 2.444691606140390050e+00 2.493577336539112288e+00 2.603493695273902730e+00 3.357389854677545582e+00 3.507283251049291728e+00 3.528946204404682430e+00 3.627733279274326872e+00
3.767383619630014224e-01 4.774522344230953674e-01 7.548727948391508180e-01 7.936433532391746759e-01 8.696579316497152767e-01 9.674315773782991013e-01 1.012538070176109084e+00 1.055082085233531197e+00 1.217531559354072757e+00 1.268504452188962572e+00 1.321793444318777100e+00 1.398988663487878314e+00 1.627894705003831488e+00 1.737668787155912220e+00 1.775189114322442085e+00 1.830203875049398521e+00 1.862701047211049454e+00 1.948201807678975106e+00 1.959288700468393207e+00 1.985331412534444118e+00 2.047039536528611148e+00 2.051448990415254858e+00 2.350232518253831948e+00 2.447412070486812308e+00 2.490798374001535809e+00 2.599531546017003869e+00 3.373007347356814734e+00 3.505336024867999445e+00 3.518135572974838254e+00 3.628024586161283871e+00
3.940705190454174001e-01 4.704089134818296158e-01 7.313831445163710976e-01 7.907785231290939132e-01 8.663732383593878428e-01 9.995794157686201942e-01 1.031577518370829116e+00 1.056135734052591202e+00 1.191421054313124284e+00 1.265847883202543489e+00 1.318690641258090546e+00 1.382840497515027245e+00 1.651301208031592527e+00 1.742665853012390631e+00 1.766730353587585789e+00 1.833742722760195010e+00 1.859680535573701166e+00 1.947335045480580451e+00 1.958857988310837461e+00 1.994795494718170970e+00 2.042392782072239399e+00 2.048347577912797313e+00 2.351515660333032720e+00 2.451946091954527507e+00 2.487015497169243528e+00 2.595131280310257971e+00 3.392305331303595128e+00 3.499853931241622806e+00 3.506807970138583030e+00 3.628092142101571493e+00
4.111989174848764139e-01 4.591156615432517296e-01 7.134376547610276065e-01 7.961494692486372760e-01 8.552150593025040770e-01 1.030004570001566533e+00 1.046484960666959285e+00 1.061819669940598621e+00 1.157158658681374686e+00 1.263435268823591029e+00 1.321409189661695960e+00 1.365375156716979177e+00 1.673968019218251335e+00 1.744419745153361845e+00 1.756905110424687999e+00 1.837628895068525114e+00 1.857562257776778303e+00 1.949023709319411601e+00 1.958214577962693381e+00 2.004847815908411324e+00 2.037593592578854640e+00 2.046779140671354469e+00 2.352243133388075780e+00 2.458262788110013197e+00 2.482535758674341064e+00 2.590896794380618484e+00 3.413590962451001687e+00 3.486793347515892094e+00 3.499964471173431679e+00 3.627893757161299693e+00
4.246241954538921837e-01 4.451802568300722296e-01 7.024144118592698938e-01 8.073321711454299887e-01 8.379248762871459588e-01 1.050937482811544310e+00 1.059476706571516269e+00 1.073930491561525757e+00 1.119859166609947554e+00 1.261311258223232867e+00 1.327539892823131229e+00 1.348951379902118441e+00 1.692145575306219563e+00 1.744635672454531328e+00 1.748155346371032870e+00 1.842337429238208868e+00 1.854195131932981466e+00 1.952941405573909606e+00 1.957581542880994618e+00 2.014760416785303043e+00 2.031537332032914644e+00 2.048047104299792753e+00 2.352209938030483727e+00 2.465692787877828529e+00 2.477733099451691956e+00 2.587409432730453318e+00 3.435293173432171887e+00 3.471309851736947838e+00 3.493700384000836934e+00 3.627547529113802405e+00
4.312401382216674017e-01 4.325041391109749611e-01 6.986289990287049001e-01 8.183230238621300723e-01 8.195934664079996823e-01 1.054125071356496024e+00 1.082698574217368703e+00 1.083112403651248279e+00 1.085822226847229066e+00 1.260802355678843245e+00 1.335521133061497334e+00 1.336099413138448266e+00 1.699464979609669690e+00 1.744936468160714016e+00 1.745409780551562928e+00 1.848234348482369338e+00 1.848493980723983743e+00 1.957245957161931615e+00 1.957519830458645416e+00 2.023854528701809041e+00 2.024172422151552464e+00 2.051443346272967538e+00 2.351507099355163888e+00 2.472803647828159423e+00 2.473207209914273008e+00 2.585392262307832034e+00 3.454936217927983222e+00 3.455288000905255785e+00 3.488633806659191094e+00 3.627254203768087493e+00
4.269317677342038819e-01 4.358293937569659993e-01 6.996397157273209766e-01 8.049028937666784511e-01 8.316821144797025278e-01 1.052330163736103996e+00 1.058095557167874956e+00 1.088665370265141208e+00 1.105689129173089480e+00 1.263618781744964892e+00 1.327346778506741876e+00 1.346161974766945546e+00 1.694360680862112556e+00 1.743517886598937139e+00 1.748431925831429590e+00 1.841297591092579511e+00 1.855448261549891287e+00 1.955645933301046080e+00 1.959113733839933369e+00 2.015615846492486263e+00 2.032012616564273788e+00 2.051065000823640183e+00 2.351385984365355952e+00 2.467966831799345506e+00 2.477959611737182932e+00 2.586298423469636454e+00 3.439129193611017321e+00 3.464747342162988186e+00 3.494003820271970095e+00 3.627212348151750643e+00
4.265066544341549193e-01 4.349919274121999968e-01 6.977584560082524812e-01 7.969961737544262181e-01 8.364479446994188550e-01 1.033041397545712003e+00 1.053523929228850520e+00 1.090719169942016231e+00 1.127181611214143508e+00 1.272841751341881267e+00 1.319929598794395087e+00 1.357765416511771850e+00 1.682500507030294745e+00 1.740741710785236318e+00 1.752729410417263933e+00 1.832906300551811363e+00 1.862985193297827191e+00 1.953925881061288283e+00 1.960787525135856191e+00 2.007610632094432024e+00 2.039464831990362992e+00 2.049660547544398970e+00 2.351276383951360849e+00 2.463301221315506773e+00 2.482256142285641953e+00 2.589281891758049792e+00 3.423210519507925653e+00 3.462334775701297218e+00 3.509126575862884678e+00 3.627260589227485621e+00
4.247038187472770843e-01 4.378292996669038706e-01 6.841267818074404650e-01 7.998831633171679112e-01 8.323611054005743970e-01 1.017080321450482217e+00 1.052430816292193372e+00 1.093546045635499286e+00 1.147825451421613074e+00 1.287311176099559473e+00 1.312680761362926773e+00 1.369822775667956183e+00 1.667590421059231165e+00 1.736887438520081872e+00 1.755105768974479785e+00 1.823470077179458304e+00 1.868763085236549770e+00 1.951987515621814051e+00 1.962217887482375911e+00 2.001654338291229962e+00 2.044546429751444627e+00 2.048499301714826526e+00 2.351294672687267440e+00 2.459508935957056774e+00 2.485423739874554894e+00 2.594408125065428727e+00 3.407643434910164082e+00 3.455087395195377997e+00 3.526297717368768847e+00 3.627430129446945983e+00
4.156085677350604968e-01 4.521204986414233962e-01 6.574975565384996168e-01 7.958247946978597165e-01 8.361921777583086746e-01 1.007893060593775925e+00 1.051894270648753293e+00 1.100199849456768408e+00 1.168149493980787046e+00 1.298657489648521679e+00 1.310840273421500335e+00 1.381796649178520520e+00 1.650993645006783472e+00 1.732324934107726255e+00 1.755044461967457448e+00 1.813244536139541285e+00 1.869845609736978886e+00 1.949195549473717870e+00 1.963523357837531513e+00 1.999731619858885923e+00 2.040750373862001865e+00 2.053829434960745104e+00 2.351568703034603303e+00 2.456793945478950913e+00 2.487291424521148819e+00 2.601649270906124745e+00 3.392818412280141693e+00 3.445587330952896821e+00 3.542511313074076629e+00 3.627748085507587650e+00
4.035512183907785655e-01 4.744566685016708418e-01 6.224405610225780539e-01 7.670424384042447974e-01 8.623172484219153722e-01 1.004835795225990536e+00 1.051756931834197939e+00 1.111429105899934378e+00 1.188623357186565643e+00 1.290125264761412538e+00 1.328569364677258058e+00 1.393237359963563460e+00 1.633151000790841190e+00 1.727396038236022058e+00 1.752966631891478499e+00 1.802500272902197276e+00 1.864036681229601644e+00 1.944563143622551893e+00 1.965018568397752352e+00 2.003032132178558467e+00 2.034245947264078147e+00 2.059648345169916794e+00 2.352220059056424617e+00 2.455236108578456200e+00 2.487801196031730999e+00 2.610880608404632319e+00 3.379047842368668952e+00 3.434405210987190316e+00 3.557026069539380941e+00 3.628235758062021254e+00
3.900889622618743391e-01 5.032837544362936955e-01 5.827264636475111281e-01 7.266162693658210214e-01 8.965608177935018297e-01 1.007237465556993561e+00 1.051599907293274017e+00 1.126363209540507393e+00 1.209561583859480649e+00 1.276915043790878501e+00 1.349001344235006838e+00 1.403796499920412888e+00 1.614150815967110075e+00 1.722346064302647139e+00 1.749455042306797825e+00 1.791493991106583250e+00 1.851366559702447567e+00 1.936984348716195958e+00 1.966731130023617435e+00 2.010861304904496549e+00 2.026843684831523440e+00 2.064941326961112544e+00 2.353340520653635970e+00 2.454780422095026005e+00 2.487011652783564397e+00 2.621865064760902975e+00 3.366556547920067644e+00 3.421802225699685618e+00 3.569669998326888916e+00 3.628906204630619303e+00
3.760711968585152554e-01 5.332072235164210250e-01 5.446940917124357684e-01 6.799633725817231245e-01 9.328538338386607176e-01 1.015467214567985277e+00 1.051171125131285411e+00 1.143436693772248658e+00 1.231027729408112670e+00 1.261425762490021141e+00 1.369073607581438035e+00 1.413225164922561561e+00 1.593914753990376632e+00 1.717284522485426512e+00 1.745026653086247048e+00 1.780476311858110616e+00 1.833464880330163416e+00 1.925611155011930142e+00 1.968484518404081118e+00 2.016375332600419235e+00 2.024611000868937083e+00 2.069645337796405915e+00 2.354965287147101627e+00 2.455254262388065989e+00 2.485090753947202913e+00 2.634236568750935703e+00 3.355482385803763012e+00 3.408089653052528867e+00 3.580471314043713882e+00 3.629760536777073554e+00
3.620402116123141445e-01 4.965209103084696762e-01 5.760903278405795636e-01 6.302590542785444505e-01 9.652202745875916312e-01 1.032557458860070776e+00 1.050436191071252301e+00 1.160479671271900770e+00 1.244079438208921973e+00 1.253940755844645594e+00 1.387916221586277477e+00 1.421356709058098744e+00 1.572280465570131014e+00 1.712180929514368177e+00 1.740072184754029694e+00 1.769719944605347983e+00 1.812207394766006452e+00 1.910217366741023604e+00 1.970232521412048854e+00 2.010151138907742219e+00 2.035898894547852667e+00 2.073762327481973422e+00 2.357054187167555437e+00 2.456409163079424918e+00 2.482297686016227800e+00 2.647493516044091777e+00 3.345888908271704043e+00 3.393724976012713945e+00 3.589531097200399312e+00 3.630783510502452849e+00
3.483352947806129807e-01 4.546280281035564586e-01 5.773728107125328801e-01 6.180046872089250964e-01 9.873578586243789701e-01 1.048629677006005956e+00 1.063386226159596548e+00 1.172782728834357746e+00 1.231500439961628279e+00 1.275722143972785938e+00 1.404942372785516369e+00 1.428072725526727149e+00 1.549069506528264695e+00 1.706891775771092856e+00 1.734792340106182662e+00 1.759551409615410789e+00 1.789319659826498654e+00 1.891499612593194435e+00 1.972003709711320996e+00 2.003634923956057357e+00 2.048164493657638641e+00 2.077313059457884581e+00 2.359490464729017578e+00 2.457971022917485371e+00 2.478954845458190892e+00 2.661011872314416493e+00 3.337790155430919725e+00 3.379308282203167924e+00 3.596968955702405157e+00 3.631939294134827634e+00
3.351602408639509645e-01 4.154109741344165219e-01 5.273991667014050755e-01 6.586937038840816605e-01 1.000683918179879006e+00 1.046827037201714994e+00 1.103512197754233259e+00 1.170709787035418392e+00 1.231612397316509844e+00 1.297626674599940300e+00 1.419664916284991696e+00 1.433236264602041787e+00 1.524198139234341998e+00 1.701228190113722727e+00 1.728962162528661528e+00 1.750355995812227672e+00 1.766728318134378251e+00 1.870986714404204276e+00 1.973796210227805048e+00 1.997691462392414463e+00 2.059528193403799889e+00 2.080324544207672322e+00 2.362096296584561550e+00 2.459682027031230511e+00 2.475413002937459694e+00 2.674083000660741227e+00 3.331184818175496165e+00 3.365513445330477360e+00 3.602907622559678114e+00 3.633167983354166353e+00
3.225498010595721499e-01 3.813694386029823913e-01 4.794050880605469911e-01 6.991041069545904652e-01 1.009680869536920156e+00 1.043874887684878461e+00 1.146482250231480204e+00 1.156410162807769870e+00 1.244294669624350202e+00 1.318466054951785482e+00 1.431549036210362891e+00 1.436563213687600760e+00 1.497987384971235292e+00 1.695104555817039449e+00 1.721111137857037399e+00 1.742463613630785613e+00 1.747623223311242091e+00 1.850655734001505515e+00 1.975545250810864184e+00 1.992263100884852811e+00 2.069328511486077105e+00 2.082817620068553754e+00 2.364657176303007535e+00 2.461325886890019188e+00 2.472015109538832967e+00 2.685973796962407789e+00 3.326092872758283914e+00 3.352983129944523188e+00 3.607477138440644104e+00 3.634384689066543217e+00
3.102237611225439062e-01 3.557091779788325581e-01 4.356697645104143923e-01 7.366967991754922451e-01 1.016307604386722518e+00 1.039501025785584565e+00 1.135707989728073297e+00 1.193007835266200356e+00 1.260032371197823409e+00 1.337165633180563695e+00 1.435145796847997923e+00 1.441308098575399210e+00 1.472557441229046749e+00 1.688776979690534974e+00 1.708749463670143687e+00 1.735208427196021530e+00 1.737162990959038922e+00 1.832537100845097022e+00 1.977131249873480101e+00 1.987432514470875988e+00 2.077191776484157426e+00 2.084795658708192168e+00 2.366948321336447059e+00 2.462735753403290317e+00 2.469066196581434891e+00 2.695997721014177451e+00 3.322583029778063413e+00 3.342227020475084132e+00 3.610818991792421606e+00 3.635485617900685806e+00
2.982750387176431039e-01 3.415635827167236016e-01 3.981323057760081663e-01 7.685958044653620203e-01 1.021084111510746295e+00 1.033637853007304930e+00 1.119457856435024823e+00 1.235294505441018265e+00 1.274020430423569161e+00 1.352360427903855022e+00 1.422946019945827478e+00 1.447249050255936975e+00 1.456590385376820951e+00 1.683018392471292701e+00 1.694837003170172496e+00 1.730210518059520197e+00 1.732653225159174859e+00 1.818384150955155043e+00 1.978405382204073470e+00 1.983509040699688031e+00 2.082907712118558408e+00 2.086241857775485098e+00 2.368760197821924596e+00 2.463783805965023443e+00 2.466820466295166270e+00 2.703579238958487618e+00 3.320777935004955772e+00 3.333563717664482784e+00 3.613076881693400466e+00 3.636363845139466644e+00
2.890832307723267824e-01 3.395811145099119632e-01 3.686707786447375734e-01 7.908462098393552742e-01 1.024031853764768130e+00 1.027713419619099344e+00 1.108849915177730461e+00 1.270815395827978422e+00 1.283624976760053826e+00 1.362482023590738889e+00 1.400019325531548509e+00 1.450593770422698103e+00 1.452647467064349440e+00 1.678991757062927137e+00 1.684585903713827992e+00 1.727896959993256765e+00 1.730139890349932985e+00 1.809441896206735123e+00 1.979212418386087746e+00 1.980933169653347647e+00 2.086366941404340203e+00 2.087128600484807084e+00 2.369922134949359993e+00 2.464325050089073432e+00 2.465520486745595541e+00 2.708296260151574320e+00 3.320832533277222165e+00 3.327126763175786373e+00 3.614375449929283057e+00 3.636929469856286623e+00
2.856614939903984185e-01 3.488039748836170850e-01 3.488718897069016389e-01 7.989950561605232426e-01 1.024989011835392594e+00 1.025099858975395684e+00 1.105249376540879069e+00 1.286573968090303000e+00 1.287589721249325247e+00 1.366114645152719742e+00 1.387185585638981200e+00 1.451777641608346991e+00 1.451902977371595238e+00 1.677650109190226724e+00 1.680755986224130583e+00 1.727210063728428224e+00 1.729318956421873832e+00 1.806392274159350997e+00 1.979418630958380776e+00 1.980102013288327800e+00 2.087411665681054629e+00 2.087540234019703345e+00 2.370322414699519875e+00 2.464344721410477668e+00 2.465241185423056702e+00 2.709896365780561922e+00 3.322760195880225087e+00 3.323056096925476322e+00 3.614798517559352220e+00 3.637124575209464972e+00
3.495782999223418508e-01 4.825668661706886686e-01 8.198233408052134630e-01 8.266316281860131010e-01 8.519459826931696789e-01 8.913284509496386399e-01 9.768778097457695431e-01 1.056647221028291561e+00 1.239302772613138703e+00 1.273478525379206250e+00 1.348373430775621218e+00 1.423953921721901050e+00 1.585226130188121862e+00 1.719896251519594355e+00 1.787802604916391314e+00 1.822593798003089738e+00 1.872629741014535165e+00 1.954483278553482251e+00 1.959645003578723843e+00 1.970258389511281960e+00 2.055116223361014516e+00 2.058598748002741896e+00 2.347350038856747645e+00 2.443004908851749146e+00 2.495762169325128177e+00 2.607334310575236458e+00 3.343569453242883682e+00 3.508232897920812388e+00 3.538687060974923249e+00 3.627262726081827093e+00
3.539495476681259190e-01 4.810754710826792291e-01 8.168328741728524411e-01 8.257214022932704012e-01 8.514646261544253081e-01 8.923307806198601533e-01 9.806672951553593309e-01 1.045433148656058187e+00 1.239911289107464398e+00 1.280330705572687799e+00 1.348666355424074093e+00 1.424191262171005778e+00 1.584984677699962763e+00 1.719451428843919771e+00 1.782105561946649264e+00 1.827714301449389733e+00 1.872469029929167750e+00 1.950732237602905039e+00 1.958752862142254525e+00 1.974477615004907038e+00 2.053745555745796203e+00 2.061083770375939039e+00 2.347186409785753991e+00 2.441199468210024648e+00 2.493363739560824133e+00 2.608175887031887186e+00 3.345966737796696844e+00 3.488368140679019014e+00 3.541368030962289026e+00 3.641501349398112541e+00
3.665725617603810549e-01 4.766402849467150094e-01 8.079941571142997825e-01 8.235958860532480719e-01 8.506501461798454677e-01 8.951544294804830715e-01 9.822450365522362725e-01 1.024980139338331986e+00 1.241585978424840198e+00 1.296270550989518044e+00 1.349625361925222755e+00 1.425261921552854583e+00 1.584260546868079267e+00 1.717878089357782967e+00 1.770156278763311164e+00 1.837481197087407203e+00 1.871859815654146830e+00 1.943245329810972422e+00 1.957138746890421777e+00 1.983010316185089161e+00 2.049405237303060012e+00 2.068548682826653273e+00 2.346673055918239381e+00 2.436056902025895532e+00 2.486363586556284311e+00 2.610878693036596143e+00 3.352808359769799740e+00 3.443388341327087598e+00 3.549329054362630131e+00 3.669770478253184365e+00
3.861128247512772282e-01 4.693712060773728711e-01 7.945337364042286410e-01 8.208886231170476888e-01 8.497930352320083314e-01 8.992578253757933515e-01 9.511013467222262374e-01 1.031610288712820900e+00 1.244116385353957854e+00 1.313640177557814592e+00 1.351496768460758169e+00 1.428116489287437618e+00 1.583040861874947192e+00 1.714612784078276553e+00 1.756293005643316807e+00 1.846268775884758240e+00 1.870526706499006098e+00 1.934831513258593594e+00 1.955940199162927939e+00 1.993790560887778840e+00 2.042213429474189379e+00 2.080201339406895222e+00 2.345794602833259468e+00 2.428319047172879497e+00 2.475336113847522501e+00 2.615897949576328152e+00 3.362083858297709060e+00 3.388420491748923347e+00 3.561727952060557367e+00 3.699100325295898717e+00
4.106740873058791208e-01 4.594523838388631098e-01 7.768646787428594713e-01 8.179615812212678305e-01 8.480749040217908652e-01 8.981057092596042013e-01 9.101454219218491071e-01 1.053616443709650907e+00 1.247224431159321689e+00 1.327800692226813517e+00 1.354688705092916612e+00 1.433841066419328625e+00 1.581261672801857587e+00 1.709110274809995111e+00 1.741578900156151688e+00 1.851367993325480077e+00 1.868258239329738446e+00 1.926419108723726792e+00 1.956579843910441152e+00 2.006709469436802173e+00 2.032543957354864705e+00 2.094587145071774792e+00 2.344664034297317734e+00 2.418994463514739568e+00 2.461173451129834877e+00 2.623795492531916906e+00 3.322391884936242601e+00 3.378867983983307344e+00 3.577303229038636179e+00 3.725868009693858784e+00
4.370299664676084439e-01 4.481508105051465463e-01 7.517013728612854662e-01 8.150972458882275173e-01 8.416658949531310441e-01 8.602614957682154229e-01 9.120039296356446945e-01 1.079091865725376076e+00 1.250480031003791570e+00 1.337333257370086237e+00 1.359713173478841686e+00 1.442907154451502416e+00 1.578750806630168535e+00 1.701145549579839988e+00 1.726245636991839083e+00 1.851839966682040650e+00 1.864943473467963297e+00 1.918662837666492260e+00 1.959783776820953172e+00 2.019858753400007423e+00 2.022863880609702125e+00 2.109715431523991214e+00 2.343616952884317151e+00 2.409123426998200923e+00 2.444962783981750487e+00 2.635076887370847665e+00 3.256635826426041991e+00 3.393356206808692654e+00 3.594604576546758246e+00 3.749209506305907880e+00
4.304941524585881862e-01 4.680345440734399176e-01 7.132852768832966817e-01 8.122655382205783425e-01 8.188536725042611097e-01 8.470950772619917357e-01 9.177231002969844509e-01 1.105071583674959390e+00 1.253376358792121614e+00 1.342805903845583071e+00 1.367063818178249290e+00 1.454765188838872625e+00 1.575170514750751982e+00 1.690949830355200190e+00 1.710609532357924012e+00 1.848522542996412721e+00 1.860781098325561933e+00 1.912032695803982163e+00 1.964413084750992633e+00 2.009300727583167578e+00 2.038005907739439238e+00 2.123452522254518193e+00 2.343156605577314977e+00 2.399598081060619670e+00 2.427866278935152611e+00 2.650054670969853809e+00 3.189464930976753987e+00 3.408422912232361046e+00 3.612150665825159646e+00 3.768968761589857497e+00
4.123631042065733499e-01 4.955483252431359675e-01 6.646369844060963095e-01 8.004157346176211663e-01 8.111153584242227765e-01 8.416168304344153750e-01 9.231734762534830052e-01 1.129842298757453456e+00 1.255515019000158938e+00 1.345411546957390403e+00 1.376937091964623772e+00 1.468201273713476640e+00 1.570037812640935115e+00 1.679222454155049116e+00 1.695479549939812314e+00 1.842752805541082894e+00 1.856811332987039931e+00 1.906735005843234854e+00 1.966927324157487389e+00 2.000736039225251783e+00 2.054420180513101268e+00 2.134146701083856179e+00 2.343694184734632202e+00 2.391082138964415904e+00 2.411071821938308268e+00 2.668689349278929424e+00 3.123853237136146266e+00 3.422540762912335666e+00 3.628556670137300877e+00 3.785156435861197988e+00
3.911112905399819484e-01 5.201706524899677442e-01 6.168236751342872637e-01 7.905755617407749236e-01 8.098835866662371652e-01 8.360935107583465919e-01 9.278232433467186180e-01 1.151853783399147346e+00 1.256775628931488198e+00 1.346193324271249825e+00 1.388798096385018388e+00 1.481764896692093325e+00 1.563010046668430686e+00 1.667103462661970736e+00 1.682170415449462109e+00 1.835958973347717738e+00 1.854013267694530009e+00 1.902772431812681075e+00 1.963323882171829959e+00 1.998948385634012448e+00 2.069734216393101178e+00 2.141162681984174920e+00 2.345225450997399541e+00 2.384014128345959715e+00 2.395826298770417306e+00 2.690306569414097737e+00 3.062895766120920182e+00 3.434636670538690151e+00 3.642620226912545611e+00 3.797790079127780327e+00
3.685058352778459168e-01 5.397120373604153976e-01 5.789352425589683326e-01 7.849822115732777439e-01 8.095946077495262960e-01 8.306586278892774677e-01 9.313478788489327753e-01 1.169466714953678821e+00 1.257326211472418853e+00 1.345944453355824466e+00 1.401059487461803421e+00 1.493794674644345122e+00 1.554619436889852713e+00 1.656137280966654357e+00 1.672050550738929164e+00 1.829757907173726217e+00 1.852501620361366230e+00 1.900057784994134025e+00 1.956110227576395078e+00 2.001642864645222453e+00 2.082391775658783750e+00 2.144948860332340779e+00 2.347237527221704756e+00 2.378598840338296494e+00 2.383543020474838237e+00 2.712967616458732856e+00 3.010565084433686867e+00 3.443877838708633288e+00 3.653373155034710607e+00 3.806856489007616418e+00
3.497700513343016682e-01 5.511195491450433526e-01 5.568565666795510793e-01 7.820641693936528638e-01 8.099962253234906928e-01 8.263150777227127319e-01 9.335392560343616086e-01 1.180989446647767949e+00 1.257475956842899478e+00 1.345368555021139834e+00 1.410901164021201692e+00 1.502334092013590139e+00 1.547102522659073331e+00 1.648230832866869555e+00 1.665918629364034231e+00 1.825484700968720952e+00 1.851904414968794876e+00 1.898486304063287555e+00 1.950159898417894055e+00 2.004482318145351272e+00 2.090831590766670800e+00 2.146559118437733726e+00 2.348944236689397336e+00 2.374109963322883932e+00 2.376513274885311500e+00 2.732183346951964964e+00 2.972898966166683365e+00 3.449664292373947116e+00 3.660110141801485195e+00 3.812320147636179879e+00
3.422977324512183062e-01 5.469634017330470277e-01 5.576739925633922290e-01 7.811513884193515000e-01 8.103467890581197430e-01 8.245492791611779282e-01 9.342819662747461340e-01 1.185018963998145436e+00 1.257491867665717411e+00 1.345086491746226409e+00 1.414793300113610597e+00 1.505467884581554783e+00 1.543961061877434426e+00 1.645301544928886583e+00 1.663895597889906153e+00 1.823967214644013124e+00 1.851772810092681576e+00 1.897973613787283798e+00 1.947935378253122130e+00 2.005584497394073740e+00 2.093808004806916756e+00 2.146967818361932512e+00 2.349620558391475544e+00 2.371606985719869165e+00 2.374988993080199506e+00 2.740239685471900000e+00 2.958582197101627287e+00 3.451633534745528475e+00 3.662403536172531116e+00 3.814146112854702508e+00
5.365219490732975327e-01 5.504091720787631647e-01 5.518351963842573760e-01 6.924371626175015448e-01 7.763873172531032818e-01 7.769696826364091979e-01 1.069812716041573797e+00 1.142995126694267727e+00 1.143726099745974167e+00 1.413325690316675320e+00 1.456462644816921337e+00 1.456616728445989883e+00 1.586251587831053911e+00 1.586523095733150202e+00 1.710095782998667824e+00 1.822130305643271386e+00 1.822666964555232250e+00 1.933000631824812965e+00 1.933482034542764572e+00 2.051987044083096734e+00 2.052832017043987545e+00 2.122894172513630551e+00 2.374824793076158347e+00 2.374835110764641488e+00 2.378989580897197254e+00 2.701265454444844227e+00 2.956629643787839878e+00 3.571681556131682811e+00 3.571974019221278773e+00 3.815136184551278564e+00
5.514881393683214172e-01 5.680034770674162736e-01 5.694636667030007482e-01 6.987811778543053798e-01 7.586429566560041193e-01 7.593719141313205467e-01 1.064984801774430334e+00 1.146953358783361798e+00 1.147678145981006814e+00 1.415279480053064809e+00 1.428172153321777715e+00 1.428389925159571083e+00 1.615460600158866278e+00 1.615706696588604441e+00 1.711005129775198919e+00 1.816284983496980976e+00 1.816844595711968324e+00 1.938526334486105451e+00 1.938994639690953425e+00 2.057435018830152895e+00 2.058278274533269947e+00 2.105676620565897661e+00 2.371161674887129145e+00 2.371193642693377512e+00 2.388764336219971085e+00 2.693630502685566697e+00 2.972746905365553527e+00 3.567406449369922239e+00 3.567699377453243503e+00 3.811486497311701971e+00
5.803534796693796682e-01 5.819886533764251357e-01 5.877908311660327012e-01 7.051160553427344713e-01 7.432387404235551998e-01 7.441702291768966804e-01 1.060990054617022116e+00 1.148193812609616948e+00 1.148934661725441231e+00 1.401948580043527626e+00 1.402328161105985238e+00 1.413009525220120910e+00 1.643800026635521050e+00 1.644040813745146989e+00 1.711442252569123745e+00 1.812693384518503370e+00 1.813289669084132028e+00 1.945496779912692986e+00 1.945948549587092957e+00 2.059767000703028650e+00 2.060584896788001164e+00 2.089794974987876142e+00 2.371512052203022858e+00 2.371579136874272464e+00 2.395169381825768440e+00 2.677264316394770471e+00 3.009859729938570982e+00 3.559085689482993420e+00 3.559381287382328729e+00 3.804130525401985707e+00
5.854578401419572309e-01 5.871914342792120545e-01 6.399393875718305535e-01 7.108775964130833458e-01 7.324346284206547653e-01 7.335615961327334178e-01 1.058183928982602051e+00 1.146880489579236828e+00 1.147648316706170402e+00 1.378579271826354091e+00 1.379125999922077073e+00 1.406654962937433417e+00 1.670858808753352465e+00 1.671089495774188194e+00 1.711334916793870953e+00 1.810903239089368011e+00 1.811543922555875374e+00 1.952978525965124668e+00 1.953408556033008336e+00 2.059199316575777150e+00 2.059961044125068419e+00 2.074977967660607270e+00 2.376206947482365273e+00 2.376327245143178057e+00 2.398554228710393144e+00 2.657955114186208334e+00 3.061169916153021919e+00 3.547251765274275659e+00 3.547553149933791783e+00 3.793161157386970128e+00
5.816216241862612879e-01 5.831743059686793629e-01 7.001387756953166841e-01 7.171720257674847332e-01 7.282929998259946025e-01 7.296968069155743697e-01 1.056857598285209976e+00 1.143256564735196212e+00 1.144047779024685019e+00 1.358716510149393208e+00 1.359361551103741128e+00 1.396596283524122573e+00 1.696472952100043452e+00 1.696675297296314167e+00 1.710667371887376165e+00 1.809997639618594389e+00 1.810663499967218648e+00 1.960032062305855138e+00 1.960431155528714164e+00 2.056356759570889370e+00 2.057014036838340054e+00 2.060949917521359698e+00 2.385122921873691570e+00 2.385307933525726121e+00 2.399314083434028078e+00 2.639421329557110507e+00 3.121340066414869163e+00 3.532693256192163123e+00 3.533001732011041618e+00 3.778663544228390681e+00
5.689911487270685742e-01 5.701823418859877091e-01 7.164962951327972229e-01 7.310901326171834747e-01 7.325900078072299371e-01 7.704576797093545260e-01 1.057193016708877442e+00 1.137595453308992477e+00 1.138410182052301156e+00 1.342876111954508289e+00 1.343502540438975768e+00 1.383140401861015611e+00 1.709453645110187825e+00 1.720686395801618751e+00 1.720854076727274640e+00 1.808754330478039130e+00 1.809396484474796729e+00 1.965818985643079886e+00 1.966174819208898139e+00 2.047628570102625556e+00 2.052190056698153242e+00 2.052780909645312679e+00 2.397582486176085492e+00 2.397755328610536640e+00 2.397976592323082468e+00 2.623396732968895417e+00 3.186489056411975440e+00 3.516435362630033090e+00 3.516748328273674229e+00 3.760696043585810333e+00
5.496904602179670807e-01 5.505208616365333540e-01 7.176732515966834924e-01 7.394394698613090400e-01 7.409775180270130601e-01 8.373206455435701079e-01 1.059219286215424605e+00 1.130209382156821762e+00 1.131055077999597591e+00 1.331373895064615454e+00 1.331872429792272161e+00 1.366294850173088049e+00 1.707840385538948125e+00 1.743614272079025751e+00 1.743743560562243999e+00 1.805916081714035837e+00 1.806482071313761262e+00 1.969736948815796529e+00 1.970041929790895985e+00 2.036031699395170147e+00 2.047533520334325008e+00 2.047984131494139604e+00 2.394301407079035382e+00 2.412620760551606569e+00 2.412932965956406495e+00 2.610469749564126474e+00 3.253486132647645412e+00 3.499702945931725928e+00 3.500016015277494397e+00 3.739297817763552523e+00
5.262782196662546541e-01 5.269022618988871143e-01 7.165857635789951718e-01 7.515993810365741989e-01 7.530839196098556565e-01 9.016505911339440793e-01 1.062789748220942965e+00 1.121479721764271797e+00 1.122359432851056438e+00 1.324258270250112446e+00 1.324638210427043994e+00 1.345813345849757203e+00 1.705950625900048978e+00 1.765281865522181359e+00 1.765329415430662685e+00 1.800663478345384094e+00 1.801127558590498667e+00 1.971489975501593994e+00 1.971752246723714075e+00 2.027450145484356092e+00 2.042995287844132424e+00 2.043330335574857770e+00 2.388944955089930211e+00 2.428661305353635225e+00 2.429020306398241402e+00 2.600631846147950732e+00 3.319537622962824841e+00 3.483858437164289334e+00 3.484170993167255315e+00 3.714566215276755567e+00
5.008899942980451492e-01 5.015917703753393075e-01 7.136703728305220373e-01 7.663434265794618616e-01 7.677688226513174063e-01 9.603615958966544852e-01 1.067596441728716261e+00 1.111861545986754907e+00 1.112774102814017452e+00 1.321247275543151023e+00 1.321640970001763282e+00 1.321960717193904067e+00 1.703981123009386645e+00 1.782422541052588238e+00 1.782840670658942139e+00 1.795634552860625233e+00 1.796060648009031979e+00 1.971018764383216659e+00 1.971256635020259607e+00 2.023619130605033067e+00 2.038678757983185097e+00 2.038956820032050921e+00 2.381828833272814361e+00 2.444132894928051414e+00 2.444523694610062137e+00 2.593584542601090615e+00 3.381868465237386268e+00 3.470305421287055214e+00 3.470624016615150520e+00 3.686915943502180770e+00
4.754167746660325489e-01 4.763573344813502031e-01 7.093774482896458844e-01 7.828639235771525096e-01 7.842489776750851682e-01 1.009881581550844398e+00 1.073221291801899513e+00 1.101866097829302893e+00 1.102818423218121735e+00 1.295489196281943256e+00 1.322436671153600196e+00 1.323003482615607407e+00 1.702134604109951654e+00 1.776527418917235979e+00 1.777091918713806340e+00 1.809883900914255328e+00 1.810225701708268131e+00 1.968362571369149938e+00 1.968586668714634280e+00 2.025982931325863934e+00 2.034339418381466924e+00 2.034627626533191069e+00 2.373074124111453020e+00 2.457452588829469153e+00 2.457860336845519189e+00 2.588925487569869066e+00 3.436949340181865598e+00 3.460351149827975537e+00 3.460686275028753478e+00 3.657910717938767320e+00
4.516366271361709206e-01 4.527916119334367551e-01 7.042031513147249955e-01 8.004700578901233765e-01 8.018120744047952941e-01 1.044174999923564329e+00 1.079120414829718433e+00 1.092053071065405501e+00 1.093098122225889757e+00 1.272062195337569257e+00 1.327269695960157758e+00 1.327887125475386343e+00 1.700587340703550776e+00 1.762055795689331905e+00 1.762570929220640847e+00 1.829323955932637080e+00 1.829602983500165925e+00 1.963638866743121270e+00 1.963868377804439014e+00 2.029559478714547005e+00 2.029838655503272360e+00 2.035323772794011443e+00 2.362879371477728085e+00 2.467297415711273700e+00 2.467708824032166515e+00 2.586278673217195401e+00 3.455031345951507848e+00 3.455375133658150411e+00 3.477746741929910179e+00 3.633122585358884660e+00
4.312401382216674017e-01 4.325041391109749611e-01 6.986289990287049001e-01 8.183230238621300723e-01 8.195934664079996823e-01 1.054125071356496024e+00 1.082698574217368703e+00 1.083112403651248279e+00 1.085822226847229066e+00 1.260802355678843245e+00 1.335521133061497334e+00 1.336099413138448266e+00 1.699464979609669690e+00 1.744936468160714016e+00 1.745409780551562928e+00 1.848234348482369338e+00 1.848493980723983743e+00 1.957245957161931615e+00 1.957519830458645416e+00 2.023854528701809041e+00 2.024172422151552464e+00 2.051443346272967538e+00 2.351507099355163888e+00 2.472803647828159423e+00 2.473207209914273008e+00 2.585392262307832034e+00 3.454936217927983222e+00 3.455288000905255785e+00 3.488633806659191094e+00 3.627254203768087493e+00
