-1.899362745594435076e-01
-1.694436768931051884e-01
-1.489510792267668415e-01
-1.284584815604285224e-01
-1.079658838940902033e-01
-8.747328622775187024e-02
-6.698068856141355110e-02
-4.648809089507522502e-02
-2.599549322873689547e-02
-5.502895562398567655e-03
1.498970210393976189e-02
3.548229977027809318e-02
5.597489743661639150e-02
7.646749510295472452e-02
9.696009276929305754e-02
1.174526904356313767e-01
1.379452881019697097e-01
1.584378857683080288e-01
1.789304834346463757e-01
1.994230811009846949e-01
2.199156787673230418e-01
2.404082764336613609e-01
2.609008740999996800e-01
2.813934717663379992e-01
3.018860694326763183e-01
3.223786670990146375e-01
3.428712647653529566e-01
3.633638624316912757e-01
3.838564600980295949e-01
4.043490577643679140e-01
4.248416554307062887e-01
4.453342530970446078e-01
4.658268507633829270e-01
4.863194484297212461e-01
5.068120460960595652e-01
5.273046437623979399e-01
5.477972414287362035e-01
5.682898390950745782e-01
5.887824367614129528e-01
6.092750344277512164e-01
6.297676320940895911e-01
6.502602297604278547e-01
6.707528274267662294e-01
6.912454250931046040e-01
7.117380227594428677e-01
7.322306204257812423e-01
7.527232180921195059e-01
7.732158157584577696e-01
7.937084134247961442e-01
8.142010110911344078e-01
8.346936087574727825e-01
8.551862064238110461e-01
8.756788040901494208e-01
8.961714017564876844e-01
9.166639994228260591e-01
9.371565970891644337e-01
9.576491947555028084e-01
9.781417924218411830e-01
9.986343900881794466e-01
1.019126987754517710e+00
1.039619585420856085e+00
1.060112183087194460e+00
1.080604780753532834e+00
1.101097378419871209e+00
1.121589976086209361e+00
1.142082573752547736e+00
1.162575171418886111e+00
1.183067769085224485e+00
1.203560366751562860e+00
1.224052964417901013e+00
1.244545562084239387e+00
1.265038159750577762e+00
1.285530757416916137e+00
1.306023355083254511e+00
1.326515952749592664e+00
1.347008550415931039e+00
1.367501148082269413e+00
1.387993745748607788e+00
1.408486343414946163e+00
1.428978941081284315e+00
1.449471538747622690e+00
1.469964136413961064e+00
1.490456734080299439e+00
1.510949331746637814e+00
1.531441929412975966e+00
1.551934527079314341e+00
1.572427124745652716e+00
1.592919722411991090e+00
1.613412320078329465e+00
1.633904917744667618e+00
1.654397515411005992e+00
1.674890113077344367e+00
1.695382710743682741e+00
1.715875308410020672e+00
1.736367906076358825e+00
1.756860503742697199e+00
1.777353101409035574e+00
1.797845699075373949e+00
1.818338296741712323e+00
1.838830894408050476e+00
1.859323492074388851e+00
1.879816089740727225e+00
1.900308687407065600e+00
1.920801285073403974e+00
1.941293882739742127e+00
1.961786480406080502e+00
1.982279078072418876e+00
2.002771675738757029e+00
2.023264273405095626e+00
2.043756871071433778e+00
2.064249468737772375e+00
2.084742066404110528e+00
2.105234664070448680e+00
2.125727261736787277e+00
2.146219859403125430e+00
2.166712457069464026e+00
2.187205054735802179e+00
2.207697652402140331e+00
2.228190250068478928e+00
2.248682847734817081e+00
2.269175445401155677e+00
2.289668043067493830e+00
2.310160640733831983e+00
2.330653238400170579e+00
2.351145836066508732e+00
2.371638433732847329e+00
2.392131031399185481e+00
2.412623629065523634e+00
2.433116226731862231e+00
2.453608824398200383e+00
2.474101422064538980e+00
2.494594019730877132e+00
2.515086617397215285e+00
2.535579215063553882e+00
2.556071812729892034e+00
2.576564410396230631e+00
2.597057008062568784e+00
2.617549605728906936e+00
2.638042203395245533e+00
2.658534801061583686e+00
2.679027398727922282e+00
2.699519996394260435e+00
2.720012594060598587e+00
2.740505191726937184e+00
2.760997789393275337e+00
2.781490387059613933e+00
2.801982984725952086e+00
2.822475582392290239e+00
2.842968180058628835e+00
2.863460777724966988e+00
2.883953375391305141e+00
2.904445973057643737e+00
2.924938570723981890e+00
2.945431168390320487e+00
2.965923766056658639e+00
2.986416363722996792e+00
3.006908961389335389e+00
3.027401559055673541e+00
3.047894156722012138e+00
3.068386754388350290e+00
3.088879352054688443e+00
3.109371949721027040e+00
3.129864547387365192e+00
3.150357145053703789e+00
3.170849742720041942e+00
3.191342340386380094e+00
3.211834938052718691e+00
3.232327535719056844e+00
3.252820133385395440e+00
3.273312731051733593e+00
3.293805328718071745e+00
3.314297926384410342e+00
3.334790524050748495e+00
3.355283121717087091e+00
3.375775719383425244e+00
3.396268317049763397e+00
3.416760914716101993e+00
3.437253512382440146e+00
3.457746110048778743e+00
3.478238707715116895e+00
3.498731305381455048e+00
3.519223903047793645e+00
3.539716500714131797e+00
3.560209098380470394e+00
3.580701696046808546e+00
3.601194293713146699e+00
3.621686891379484852e+00
3.642179489045823448e+00
3.662672086712161601e+00
3.683164684378500198e+00
3.703657282044837906e+00
3.724149879711176947e+00
3.744642477377514656e+00
3.765135075043853696e+00
3.785627672710191405e+00
3.806120270376530001e+00
3.826612868042868154e+00
3.847105465709206751e+00
3.867598063375544903e+00
3.888090661041883500e+00
