0.000000000000000000e+00
3.546554972819845886e-02
7.093109945639691771e-02
1.063966491845953766e-01
1.418621989127938354e-01
1.773277486409922943e-01
2.127932983691907531e-01
2.482588480973892120e-01
2.837243978255876709e-01
3.191899475537861575e-01
3.546554972819845886e-01
3.901210470101830752e-01
4.276604622614944007e-01
4.651998775128056707e-01
5.027392927641169962e-01
5.402787080154283217e-01
5.778181232667396472e-01
6.153575385180509727e-01
6.500093064423383415e-01
6.846610743666257104e-01
7.193128422909130792e-01
7.539646102152004481e-01
7.886163781394877059e-01
8.232681460637750748e-01
8.579199139880624436e-01
8.925716819123498125e-01
9.272234498366371813e-01
9.618752177609245502e-01
9.965269856852119190e-01
1.031178753609499177e+00
1.065830521533786435e+00
1.098179788615952335e+00
1.130529055698118457e+00
1.162878322780284357e+00
1.195227589862450257e+00
1.227576856944616157e+00
1.259926124026782279e+00
1.292275391108948179e+00
1.324624658191114079e+00
1.356973925273280202e+00
1.389323192355446102e+00
1.421672459437612002e+00
1.454182546688460587e+00
1.486692633939309172e+00
1.519202721190157757e+00
1.551712808441006342e+00
1.584222895691854927e+00
1.616732982942703511e+00
1.649243070193552096e+00
1.681753157444400681e+00
1.714263244695249266e+00
1.746773331946097851e+00
1.779283419196946436e+00
1.811793506447795021e+00
1.843970148091776062e+00
1.876146789735757325e+00
1.908323431379738366e+00
1.940500073023719629e+00
1.972676714667700670e+00
2.004853356311681711e+00
2.037029997955662974e+00
2.067061530156712124e+00
2.097093062357760829e+00
2.127124594558809978e+00
2.157156126759859127e+00
2.187187658960908276e+00
2.217219191161957426e+00
2.247250723363006131e+00
2.277282255564055280e+00
2.307313787765104429e+00
2.337345319966153134e+00
2.367376852167202284e+00
2.397408384368251433e+00
2.427439916569300582e+00
2.457471448770349731e+00
2.487502980971398436e+00
2.487502980971398436e+00
2.519852248053564558e+00
2.552201515135730236e+00
2.584550782217896359e+00
2.616900049300062481e+00
2.649249316382228159e+00
2.681598583464394281e+00
2.713947850546560403e+00
2.746297117628726081e+00
2.778646384710892203e+00
2.810995651793057881e+00
2.843344918875224003e+00
2.843344918875224003e+00
2.875694185957390125e+00
2.908043453039555803e+00
2.940392720121721926e+00
2.972741987203888048e+00
3.005091254286053726e+00
3.037440521368219848e+00
3.069789788450385970e+00
3.102139055532551648e+00
3.134488322614717770e+00
3.166837589696883448e+00
3.199186856779049570e+00
