-3.544667568942290181e-01
-2.678613012894835443e-01
-1.812558456847380983e-01
-9.465039007999263843e-02
-8.044934475247140365e-03
7.856052112949836463e-02
1.651659767342437413e-01
2.517714323389892428e-01
3.383768879437347721e-01
4.249823435484802459e-01
5.115877991532257196e-01
5.981932547579712489e-01
6.847987103627165562e-01
7.714041659674620854e-01
8.580096215722075037e-01
9.446150771769530330e-01
1.031220532781698562e+00
1.117825988386444092e+00
1.204431443991189621e+00
1.291036899595934928e+00
1.377642355200680457e+00
1.464247810805425765e+00
1.550853266410171516e+00
1.637458722014916823e+00
1.724064177619662130e+00
1.810669633224407882e+00
1.897275088829153411e+00
1.983880544433898940e+00
2.070486000038644026e+00
2.157091455643389555e+00
2.243696911248135528e+00
2.330302366852881057e+00
2.416907822457625699e+00
2.503513278062371672e+00
2.590118733667117201e+00
2.676724189271862286e+00
2.763329644876607816e+00
2.849935100481353789e+00
2.936540556086099318e+00
3.023146011690844404e+00
3.109751467295589933e+00
3.196356922900335462e+00
3.282962378505080547e+00
3.369567834109826077e+00
3.456173289714572050e+00
3.542778745319316691e+00
3.629384200924062664e+00
3.715989656528808194e+00
3.802595112133552835e+00
3.889200567738298808e+00
3.975806023343044338e+00
4.062411478947789867e+00
4.149016934552535396e+00
4.235622390157280925e+00
4.322227845762026455e+00
4.408833301366771984e+00
4.495438756971516625e+00
4.582044212576263043e+00
4.668649668181008572e+00
4.755255123785753213e+00
4.841860579390498742e+00
4.928466034995245160e+00
5.015071490599990689e+00
5.101676946204735330e+00
5.188282401809480859e+00
5.274887857414226389e+00
5.361493313018971918e+00
5.448098768623717447e+00
5.534704224228462976e+00
5.621309679833208506e+00
5.707915135437954035e+00
5.794520591042699564e+00
5.881126046647445094e+00
5.967731502252189735e+00
6.054336957856935264e+00
6.140942413461681681e+00
6.227547869066427211e+00
6.314153324671171852e+00
6.400758780275917381e+00
6.487364235880662910e+00
6.573969691485409328e+00
6.660575147090153969e+00
6.747180602694899498e+00
6.833786058299645028e+00
6.920391513904390557e+00
7.006996969509136086e+00
7.093602425113881615e+00
7.180207880718627145e+00
7.266813336323372674e+00
7.353418791928118203e+00
7.440024247532862844e+00
7.526629703137609262e+00
7.613235158742354791e+00
7.699840614347100320e+00
7.786446069951846738e+00
7.873051525556591379e+00
7.959656981161336020e+00
8.046262436766083326e+00
8.132867892370827079e+00
8.219473347975574384e+00
8.306078803580318137e+00
8.392684259185063667e+00
8.479289714789810972e+00
8.565895170394554725e+00
8.652500625999300254e+00
8.739106081604047560e+00
8.825711537208791313e+00
8.912316992813536842e+00
8.998922448418282372e+00
9.085527904023027901e+00
9.172133359627775206e+00
9.258738815232518959e+00
9.345344270837264489e+00
9.431949726442010018e+00
9.518555182046755547e+00
9.605160637651501077e+00
9.691766093256246606e+00
9.778371548860992135e+00
9.864977004465735888e+00
9.951582460070483194e+00
1.003818791567522872e+01
1.012479337127997248e+01
1.021139882688471978e+01
1.029800428248946531e+01
1.038460973809421084e+01
1.047121519369895637e+01
1.055782064930370012e+01
1.064442610490844743e+01
1.073103156051319296e+01
1.081763701611793671e+01
1.090424247172268402e+01
1.099084792732742777e+01
1.107745338293217330e+01
1.116405883853692060e+01
1.125066429414166436e+01
1.133726974974641166e+01
1.142387520535115542e+01
1.151048066095590094e+01
1.159708611656064825e+01
1.168369157216539200e+01
1.177029702777013753e+01
1.185690248337488306e+01
1.194350793897962859e+01
1.203011339458437412e+01
1.211671885018911965e+01
1.220332430579386518e+01
1.228992976139861071e+01
1.237653521700335624e+01
1.246314067260810177e+01
1.254974612821284730e+01
1.263635158381759283e+01
1.272295703942233835e+01
1.280956249502708388e+01
1.289616795063182941e+01
1.298277340623657317e+01
1.306937886184132047e+01
1.315598431744606600e+01
1.324258977305080975e+01
1.332919522865555706e+01
1.341580068426030081e+01
1.350240613986504812e+01
1.358901159546979365e+01
1.367561705107453740e+01
1.376222250667928471e+01
1.384882796228402846e+01
1.393543341788877399e+01
1.402203887349352129e+01
1.410864432909826505e+01
1.419524978470301058e+01
1.428185524030775788e+01
1.436846069591250163e+01
1.445506615151724716e+01
1.454167160712199269e+01
1.462827706272673822e+01
1.471488251833148553e+01
1.480148797393622750e+01
1.488809342954097659e+01
1.497469888514572034e+01
1.506130434075046587e+01
1.514790979635521140e+01
1.523451525195995515e+01
1.532112070756470423e+01
1.540772616316944799e+01
1.549433161877419352e+01
1.558093707437893904e+01
1.566754252998368280e+01
1.575414798558842833e+01
1.584075344119317563e+01
1.592735889679792116e+01
1.601396435240266669e+01
1.610056980800741044e+01
1.618717526361215420e+01
1.627378071921690150e+01
1.636038617482164881e+01
1.644699163042639256e+01
1.653359708603113987e+01
1.662020254163588362e+01
1.670680799724062737e+01
1.679341345284537823e+01
1.688001890845012198e+01
