0.000000000000000000e+00
4.708841141552834453e-02
9.417682283105668906e-02
1.412652342465850475e-01
1.883536456621133781e-01
2.354420570776417088e-01
2.825304684931700949e-01
3.296188799086984256e-01
3.767072913242267562e-01
4.237957027397550869e-01
4.708841141552834175e-01
5.179725255708117482e-01
5.650609369863401898e-01
6.121493484018685205e-01
6.592377598173968511e-01
7.068141470787143721e-01
7.543905343400318930e-01
8.019669216013494140e-01
8.495433088626668239e-01
8.971196961239843448e-01
9.446960833853018658e-01
9.922724706466192757e-01
1.039848857907936797e+00
1.084626634153882607e+00
1.129404410399828418e+00
1.174182186645774451e+00
1.218959962891720261e+00
1.263737739137666072e+00
1.308515515383612104e+00
1.353293291629557915e+00
1.398071067875503726e+00
1.442848844121449536e+00
1.487626620367395347e+00
1.532404396613341380e+00
1.577182172859287190e+00
1.621959949105233001e+00
1.666737725351179034e+00
1.711515501597124844e+00
1.756293277843070655e+00
1.801071054089016465e+00
1.855960654494070106e+00
1.910850254899123746e+00
1.965739855304177608e+00
2.020629455709231248e+00
2.061831815697818371e+00
2.103034175686405938e+00
2.144236535674993060e+00
2.185438895663580627e+00
2.226641255652167750e+00
2.267843615640754873e+00
2.309045975629342440e+00
2.350248335617929563e+00
2.391450695606517129e+00
2.432653055595104252e+00
2.473855415583691375e+00
2.515057775572278942e+00
2.556260135560866065e+00
2.597462495549453632e+00
2.638664855538040754e+00
2.679867215526628321e+00
2.722157337536688537e+00
2.764447459546748309e+00
2.806737581556808525e+00
2.849027703566868297e+00
2.891317825576928513e+00
2.933607947586988285e+00
2.975898069597048501e+00
3.018188191607108273e+00
3.060478313617168489e+00
3.100542639731961980e+00
3.140606965846755916e+00
3.180671291961549407e+00
3.220735618076343343e+00
3.260799944191136834e+00
3.300864270305930326e+00
3.340928596420724261e+00
3.380992922535517753e+00
3.421057248650311244e+00
3.461121574765105180e+00
3.501185900879898671e+00
3.541250226994692607e+00
3.581314553109486098e+00
3.621378879224280034e+00
3.661443205339073526e+00
3.701507531453867017e+00
3.741571857568660953e+00
3.781636183683454444e+00
3.821700509798247936e+00
3.821700509798247936e+00
3.865612190122290848e+00
3.909523870446333760e+00
3.953435550770376672e+00
3.997347231094419584e+00
4.041258911418462496e+00
4.041258911418462496e+00
4.085170591742505408e+00
4.129082272066548320e+00
4.172993952390591232e+00
4.216905632714634145e+00
4.260817313038677057e+00
