-2.853688701780760623e-05 -8.812240120516590935e-06 -4.889116094497071710e-08 8.001872586465173798e-02 1.000064990106013907e+00 1.240070286527488186e+00 1.240300178121569452e+00 1.338634680486127992e+00 1.338994811941630392e+00 1.340513925098899328e+00 1.340774976696245346e+00 1.343888488493407918e+00 1.405347848180101611e+00 1.556493601220303225e+00 1.556928973669261973e+00 1.827636174008322456e+00 1.829062289419773890e+00 1.987269895085493898e+00 1.987451999618656595e+00 2.032485687980156275e+00 2.033953777413927799e+00 2.172759012168955284e+00 2.225557099519756221e+00 2.361237165244049141e+00 2.361237253224214072e+00 2.942927221661316928e+00 2.977856529580333866e+00 3.429479420479628171e+00 3.429702263033957532e+00 3.804290663046806742e+00
-8.265302977258487394e-02 5.228405196616608963e-02 9.685535003956208255e-02 1.387460337770216046e-01 9.936548591888147985e-01 1.225503341539672331e+00 1.238772298369251290e+00 1.328064003860100595e+00 1.332676988035323751e+00 1.336381160336527429e+00 1.342815991753060656e+00 1.353196173052239715e+00 1.417793883920721809e+00 1.559964663073720503e+00 1.564362156835400253e+00 1.827097408609254625e+00 1.830976419890323781e+00 1.987006246616148664e+00 1.987562728274879120e+00 2.031190961357472347e+00 2.032915400157023100e+00 2.172484096603872317e+00 2.227745633700350059e+00 2.361338519037649686e+00 2.362017537771681663e+00 2.937020028506482472e+00 2.977464717259771465e+00 3.428409886154598407e+00 3.437001855934838090e+00 3.804475300291340290e+00
-5.720485282062371529e-02 1.055813983579630966e-01 1.510545673466528460e-01 2.204282098666301148e-01 9.755616816803408531e-01 1.189187231985857629e+00 1.230088198676404287e+00 1.310760478412049457e+00 1.322392055876318029e+00 1.332930686860355651e+00 1.346206538753312199e+00 1.365006590970702538e+00 1.441845006318747346e+00 1.570508963339528830e+00 1.582525387842409703e+00 1.826875002753693966e+00 1.834700435479498681e+00 1.985659166336090742e+00 1.987343703456608157e+00 2.027968491465869327e+00 2.030565188310914149e+00 2.171673043701237482e+00 2.234197820111943678e+00 2.361796295638955989e+00 2.363956746361873584e+00 2.920196437236399767e+00 2.976325609608470035e+00 3.429880333861376585e+00 3.453366636200203565e+00 3.805013938645283478e+00
9.611357106480120094e-02 1.608877200629200699e-01 2.106333091273264180e-01 3.029524497339857181e-01 9.483749954272532312e-01 1.142934646141864574e+00 1.206558185629899693e+00 1.295719433320529745e+00 1.310602227800837571e+00 1.332945816461883037e+00 1.351303039514880178e+00 1.379744779288753609e+00 1.464544310813492123e+00 1.586788134002264705e+00 1.604693454965388622e+00 1.827044715673674213e+00 1.838517020583853911e+00 1.982836692966993608e+00 1.984300647547859731e+00 2.023416404315220962e+00 2.030183363848168554e+00 2.170248716744470396e+00 2.244607064747135450e+00 2.362576293624719437e+00 2.366479792592407705e+00 2.894898758905431357e+00 2.974541804289609903e+00 3.432568159697928500e+00 3.477823539858391655e+00 3.805863257281412615e+00
1.625392391361928091e-01 2.168516690089499488e-01 2.740194120455625715e-01 3.894919347195944792e-01 9.148274162999500136e-01 1.093815719524023899e+00 1.168714826477882607e+00 1.284900274514700458e+00 1.296912090762947889e+00 1.335235461401495849e+00 1.358095410606601217e+00 1.398772439869536921e+00 1.482473734656993170e+00 1.605958113550521649e+00 1.625761195961085370e+00 1.827099039333880848e+00 1.841033546976781565e+00 1.974171782666235941e+00 1.980962955958129212e+00 2.017892443881053932e+00 2.034726329489222607e+00 2.168000287450786434e+00 2.258414139414441024e+00 2.363671227056952429e+00 2.368926366341892020e+00 2.864539035662995836e+00 2.972268995594186780e+00 3.435857983837366181e+00 3.507844621676699859e+00 3.806957974111971232e+00
2.119165218255607275e-01 2.696827015046407428e-01 3.405420144911155966e-01 4.795687563158429478e-01 8.772378824007329712e-01 1.045653066010626020e+00 1.122203617144523546e+00 1.276026058008817854e+00 1.281262537730137430e+00 1.337791608412385091e+00 1.366198860108871260e+00 1.421809289440447710e+00 1.495920675712798742e+00 1.624520576346424994e+00 1.642672671864027656e+00 1.825147944443376913e+00 1.843214230426979405e+00 1.960739971201728382e+00 1.977255454960928471e+00 2.012463640232740936e+00 2.043332902765979675e+00 2.164781540464853826e+00 2.274680563242042819e+00 2.365041644082666039e+00 2.370876109292698874e+00 2.832863002156945864e+00 2.969699291714172240e+00 3.439301814002305502e+00 3.540467261489505191e+00 3.808217674874400327e+00
2.509076731255603931e-01 3.194584313965161959e-01 4.068306700711174506e-01 5.697314107828896912e-01 8.376280404613187791e-01 1.001032042593898108e+00 1.070680107121996905e+00 1.261952467958805668e+00 1.269948491675633173e+00 1.339840580276600912e+00 1.375152032505115418e+00 1.447208123290732562e+00 1.505520087752155955e+00 1.639892702860025642e+00 1.653732253056410473e+00 1.819144111366893801e+00 1.848174984681273392e+00 1.944227729926541803e+00 1.972687675139306318e+00 2.008028335880811532e+00 2.054008743260896885e+00 2.160682697493734761e+00 2.292123810814827412e+00 2.366604675507521627e+00 2.372241406289115062e+00 2.803321766676595495e+00 2.967042720913819043e+00 3.442549338576793350e+00 3.572801181792327085e+00 3.809552387191950107e+00
2.811283073560592038e-01 3.679329940758754303e-01 4.696369047697583343e-01 6.546766383182184290e-01 7.982988804981712150e-01 9.624290738994962791e-01 1.015987938912109145e+00 1.242138637225211673e+00 1.263861031526046785e+00 1.341332516266678487e+00 1.384548235053437715e+00 1.473023493024646635e+00 1.511178234067331427e+00 1.650963557313302799e+00 1.658381767214447633e+00 1.811248265875562202e+00 1.856596589867608005e+00 1.925255523720295736e+00 1.967093731514065746e+00 2.005078326431346980e+00 2.064913892700443121e+00 2.156055678480399251e+00 2.309285712476744301e+00 2.368225577870435306e+00 2.373161336349354222e+00 2.778491435739021576e+00 2.964510073803769519e+00 3.445352734932485728e+00 3.602320561327714721e+00 3.810866160611011022e+00
3.033202455725219071e-01 4.157272258897283246e-01 5.250820760379748542e-01 7.274572808671064816e-01 7.634775220069134338e-01 9.331878199171701471e-01 9.593633192898991524e-01 1.221363882770799547e+00 1.259277900032068631e+00 1.342366229198716177e+00 1.394006765209658383e+00 1.497369311125025693e+00 1.512442463813284288e+00 1.657123345784533353e+00 1.657929450737870347e+00 1.805959792532892072e+00 1.867060724311851327e+00 1.904502079436292794e+00 1.960560457689728198e+00 2.003621462676852261e+00 2.074537644905190881e+00 2.151447644083196664e+00 2.324700270621028242e+00 2.369707773258991068e+00 2.373819202330011091e+00 2.759709015231072815e+00 2.962298649605712431e+00 3.447566633284315785e+00 3.627030078359355869e+00 3.812058346378043527e+00
3.182281092625348640e-01 4.624121686408693699e-01 5.639342160876369414e-01 7.416164606626090006e-01 7.804612605955538740e-01 9.021355955191930898e-01 9.184225258697534811e-01 1.201677229576100459e+00 1.256069129926015382e+00 1.343027048514790156e+00 1.402946982410173460e+00 1.509471295842647276e+00 1.518417577942588359e+00 1.652388819468656900e+00 1.661035754440406631e+00 1.806797323369619512e+00 1.875296015622227142e+00 1.885457039972314952e+00 1.953668122775912064e+00 2.003256272431814811e+00 2.081854007028522524e+00 2.147496554944815284e+00 2.337016346078925277e+00 2.370815515074575774e+00 2.374321002650305878e+00 2.747108109945664012e+00 2.960580390225386882e+00 3.449133979709047892e+00 3.645516857106176456e+00 3.813023932198970734e+00
3.266724046411408899e-01 5.065966259055002530e-01 5.703413619648010080e-01 7.505702721509722730e-01 8.050508213621826448e-01 8.467938928570978296e-01 9.199511793041655894e-01 1.186495607548040176e+00 1.254185691473741260e+00 1.343383674262163208e+00 1.410012271816988738e+00 1.504967494121129068e+00 1.533210207777450318e+00 1.646844378273964571e+00 1.662030055642142568e+00 1.814008263849664404e+00 1.860860607212817541e+00 1.888510665263139821e+00 1.947788608677401223e+00 2.003388405275847717e+00 2.086348155897175705e+00 2.144815318945349603e+00 2.345061879877316624e+00 2.371399135154756976e+00 2.374667353663995506e+00 2.740060499441901332e+00 2.959490727724164660e+00 3.450057288856864801e+00 3.656904576445239918e+00 3.813659302295637765e+00
3.293849625772068412e-01 5.412596876224476938e-01 5.499171307886010496e-01 7.774471160114236890e-01 8.038327589607320300e-01 8.136660767954736473e-01 9.241962219182406901e-01 1.180555803216401189e+00 1.253567538420987670e+00 1.343494220688935537e+00 1.412848987997590955e+00 1.502700581018612702e+00 1.538744417000927456e+00 1.644344772653603792e+00 1.662162998765978950e+00 1.820441594891004655e+00 1.850360102493070036e+00 1.891799506853367951e+00 1.945302266352898934e+00 2.003500758709612750e+00 2.087854546872576211e+00 2.143863518315872962e+00 2.347886218094308752e+00 2.371549603045882471e+00 2.374794882283099984e+00 2.737818078756842688e+00 2.959117340879822144e+00 3.450360856287720157e+00 3.660744894787837378e+00 3.813881910028777078e+00
3.380095819017839287e-01 5.405304489355631237e-01 5.514851821821301625e-01 7.738668042186211959e-01 7.910864783012121482e-01 8.170515320133184822e-01 9.387303733372345249e-01 1.179967983296380973e+00 1.243066084760108936e+00 1.346752971353991857e+00 1.420641563499068560e+00 1.500572047179377755e+00 1.537573412301295184e+00 1.641912217654741823e+00 1.664909479112034019e+00 1.821116659124676129e+00 1.849404662574272606e+00 1.890613918612096045e+00 1.944711409407236857e+00 2.005581786774757624e+00 2.086604600570903578e+00 2.142997586640706498e+00 2.348194948071054888e+00 2.371998246264924948e+00 2.374669662087927069e+00 2.736298576667424598e+00 2.959078315851750407e+00 3.456087714399734612e+00 3.656652343889927881e+00 3.813969838370613541e+00
3.627119914442625825e-01 5.392481600693687094e-01 5.573850573948225806e-01 7.595897831610725071e-01 7.696150928806432256e-01 8.227801218456775034e-01 9.701683518239818671e-01 1.177855743774273156e+00 1.217106482812969626e+00 1.356096565428486445e+00 1.437844889054777475e+00 1.494208272900968471e+00 1.536044209137591432e+00 1.635329860696991489e+00 1.672435311634228761e+00 1.820845289374665832e+00 1.845889562164089837e+00 1.890511477399742235e+00 1.943345618277679820e+00 2.011301150068356858e+00 2.082566572868709276e+00 2.140026884077257829e+00 2.350071818089392472e+00 2.372991828876739540e+00 2.374458418747507071e+00 2.731860463872926026e+00 2.958932917866586187e+00 3.472011027177748677e+00 3.645231439843929166e+00 3.814187382748368105e+00
3.999346017000628417e-01 5.414416008514688627e-01 5.659955760571770966e-01 7.306122863971837855e-01 7.592971759700425372e-01 8.225015302859344235e-01 1.005340485254809346e+00 1.173357604722801595e+00 1.184495079994318578e+00 1.370182065651486925e+00 1.453694036244119747e+00 1.483930709743049414e+00 1.538961498757941859e+00 1.626045589800573454e+00 1.682954638393214575e+00 1.817718228212035214e+00 1.837705604227092504e+00 1.896948183534206356e+00 1.942138285562623912e+00 2.019550110582894575e+00 2.075744494951208718e+00 2.134474833342327571e+00 2.354803967498477757e+00 2.373759197847425728e+00 2.374803765017773127e+00 2.724817747025272130e+00 2.958626534794746021e+00 3.494912506508991434e+00 3.628715405972906538e+00 3.814434702803910060e+00
4.443514454281357606e-01 5.472290262109538173e-01 5.720369942899097282e-01 7.044261286512495390e-01 7.532361915813926556e-01 8.117214553100580154e-01 1.037878147397007567e+00 1.152306279702779657e+00 1.165913203232496365e+00 1.386721197079073375e+00 1.461024665872949324e+00 1.470852600222382289e+00 1.549932416900987153e+00 1.614638649247664759e+00 1.694470351048235068e+00 1.814399335869588459e+00 1.826265404271588011e+00 1.908665446802231713e+00 1.941113120995238583e+00 2.029271098304410881e+00 2.067074580232419745e+00 2.127337361817505990e+00 2.362041878890982716e+00 2.374084365544868014e+00 2.375805103963817277e+00 2.715804396553569422e+00 2.958148133545793090e+00 3.520912292218243866e+00 3.609764632531021977e+00 3.814633701882292893e+00
4.911034563658217555e-01 5.488260109745343174e-01 5.657838631737458490e-01 6.885123244550896970e-01 7.562553595465225653e-01 7.919127326733441663e-01 1.060159046066333932e+00 1.132218637135175010e+00 1.153917995797645091e+00 1.403088099932850108e+00 1.457381097441093676e+00 1.459935430190634875e+00 1.566785501538457082e+00 1.600848165004769674e+00 1.703998310321317211e+00 1.813678808539012088e+00 1.817706461221307190e+00 1.921281449911637296e+00 1.938385103087714167e+00 2.039399089374104079e+00 2.057629918840128358e+00 2.121506525726494008e+00 2.369819825384865464e+00 2.374441588241165135e+00 2.376400411778197164e+00 2.706329240456360363e+00 2.957590503046598318e+00 3.546722556428989925e+00 3.590219832027318425e+00 3.814771909275665340e+00
5.362389091005217434e-01 5.391189853087763328e-01 5.393752631465057457e-01 6.850217120234550761e-01 7.698560783364997162e-01 7.703064035026782053e-01 1.063414492886664675e+00 1.137242860446852744e+00 1.137587270622127722e+00 1.412206646417959011e+00 1.452823266117422740e+00 1.453013462965550673e+00 1.584546854476535982e+00 1.584758014863529185e+00 1.707573439487431344e+00 1.816899043241362088e+00 1.817393826109804822e+00 1.931753597589128013e+00 1.931985638553394891e+00 2.047953397133686071e+00 2.048670698328618034e+00 2.119847896754362804e+00 2.374611285419236939e+00 2.374639409717329563e+00 2.377020387056428152e+00 2.699233550955399519e+00 2.957158407265925604e+00 3.570124022185626522e+00 3.570383919373525394e+00 3.814867468865185351e+00
5.062697024977300675e-01 5.145931111853531137e-01 5.828072797396227633e-01 6.796159101604928310e-01 7.599508843085202026e-01 7.874339290220720988e-01 1.064503676277813726e+00 1.120653193802869652e+00 1.156846545371856383e+00 1.405295178049321470e+00 1.445456158990040985e+00 1.468102650031633427e+00 1.567998959357114641e+00 1.598165019906141904e+00 1.705757107590700761e+00 1.814710517886343188e+00 1.823278318700913170e+00 1.922243506638642296e+00 1.940130066815549004e+00 2.040468877089760547e+00 2.055224912190402264e+00 2.121274431500611346e+00 2.371464175725249479e+00 2.374554264710285079e+00 2.378147776294157190e+00 2.701340598698688922e+00 2.957327216891117772e+00 3.550476555170448023e+00 3.587556246702670482e+00 3.814816874090278365e+00
4.660446350650548908e-01 4.842337996083215801e-01 6.250806487536084699e-01 6.549044509971915229e-01 7.699988440796170508e-01 7.997045353786799149e-01 1.071610039816026205e+00 1.104884359771789004e+00 1.178772489991836814e+00 1.393103086826166903e+00 1.437008547103739264e+00 1.492106989654245819e+00 1.549446318130576650e+00 1.605054870174284609e+00 1.702548790742777429e+00 1.812541166009529414e+00 1.835781470162960449e+00 1.910371990580276291e+00 1.948097177194189067e+00 2.032523675454797285e+00 2.060230520654055653e+00 2.125353846111835754e+00 2.364623359213374965e+00 2.374094231210067463e+00 2.378864913317998653e+00 2.708095874733007502e+00 2.957901792341384617e+00 3.530922779586530780e+00 3.599131802931271995e+00 3.814591645472613202e+00
4.211598316460145042e-01 4.487585482433686379e-01 6.138123513154487565e-01 6.662084861425708882e-01 7.874199787969279329e-01 8.068321040684014456e-01 1.086496179978898136e+00 1.095402495518108976e+00 1.200089498226033502e+00 1.381296484253328849e+00 1.428155085705104410e+00 1.518239581441007235e+00 1.529443887927601109e+00 1.603172582145446556e+00 1.700855613040390901e+00 1.810851395739380143e+00 1.852890559884301069e+00 1.896890151992395079e+00 1.955634898176118464e+00 2.025269246435642767e+00 2.062617173362268019e+00 2.131294874864727351e+00 2.354388344382738030e+00 2.373312431667695677e+00 2.378663509305461776e+00 2.719798036517128814e+00 2.958951594336165503e+00 3.512168636778926878e+00 3.603900031135458093e+00 3.814111708336620055e+00
3.734562296298256090e-01 4.099266115969616431e-01 5.647272669295153591e-01 7.014287575746707137e-01 7.737597393877868601e-01 8.387588336676345957e-01 1.096618131161817722e+00 1.107972890976106850e+00 1.219934870242979530e+00 1.371251819066180433e+00 1.419228201826019387e+00 1.506441608203524352e+00 1.544934693115954882e+00 1.593460719007908200e+00 1.700107257664772664e+00 1.810211947797530918e+00 1.872152435145381322e+00 1.883364450711352056e+00 1.962586982094842281e+00 2.019136721575569560e+00 2.062272234001741200e+00 2.138256900167551322e+00 2.340843578159867544e+00 2.372230662261044731e+00 2.377724245438491923e+00 2.736454567605242083e+00 2.960498521010130002e+00 3.494790879845609766e+00 3.601267831423771160e+00 3.813323694791643348e+00
3.240862997605780671e-01 3.688951959971312200e-01 5.104562663063727523e-01 6.995798066380385372e-01 7.719133885257640770e-01 8.818496043115309213e-01 1.108525639104927407e+00 1.134126490664437048e+00 1.238141606901040470e+00 1.363075393543687008e+00 1.410457787476374625e+00 1.482626882114659983e+00 1.567466658690231496e+00 1.578586952407027288e+00 1.697469950545494211e+00 1.810956089564949467e+00 1.867596799287168707e+00 1.895528249802242771e+00 1.968768372172514880e+00 2.014521185010805127e+00 2.059342782050861409e+00 2.145525558960069468e+00 2.324518696151960384e+00 2.370892477318537139e+00 2.376214061797911725e+00 2.757795305851260981e+00 2.962506805082658623e+00 3.479214990157426968e+00 3.591273184752119985e+00 3.812234445356049939e+00
2.735143998034212376e-01 3.264049431266310419e-01 4.527696742046707357e-01 6.457299995570798812e-01 8.050231735944228806e-01 9.304036448758401523e-01 1.127754254853923221e+00 1.163338434738960148e+00 1.254777267648642836e+00 1.356387527714096208e+00 1.401976473110713606e+00 1.457567425803503847e+00 1.560287610423427340e+00 1.584660009572043560e+00 1.690278096931958629e+00 1.813059041793438242e+00 1.855441108682622353e+00 1.917269547804319574e+00 1.973997956370253881e+00 2.011822238330879475e+00 2.054256426542097724e+00 2.152526528983246035e+00 2.306367561511962982e+00 2.369361252219785108e+00 2.374274375488150568e+00 2.783235352473675928e+00 2.964881972622229966e+00 3.465704681604884208e+00 3.574576623416501509e+00 3.810918718152478402e+00
2.214074532404168016e-01 2.828567077268870911e-01 3.928532997538737859e-01 5.739145432844162675e-01 8.437217837299870737e-01 9.826119897606445663e-01 1.150924333753434503e+00 1.194189548539030366e+00 1.269994100997556608e+00 1.350698927572865138e+00 1.393797326224823996e+00 1.432000115197822998e+00 1.540057096891205735e+00 1.594385224298464188e+00 1.676949701288948713e+00 1.816046010378541409e+00 1.846098719873361604e+00 1.938134834739936974e+00 1.978145615201353014e+00 2.011415729667787478e+00 2.047744472935222326e+00 2.158797177305153525e+00 2.287658821820696797e+00 2.367716961466133974e+00 2.372036853737263140e+00 2.811807471650570989e+00 2.967479498175284558e+00 3.454368890641508205e+00 3.552438176399070002e+00 3.809494869683992313e+00
1.663319505570004520e-01 2.383472133289017136e-01 3.317286959380467692e-01 4.932677424571797475e-01 8.820472343515264324e-01 1.036870154568021896e+00 1.175480966766024427e+00 1.225441718410973602e+00 1.283975356046349159e+00 1.345657246046555011e+00 1.385811074240769658e+00 1.406951769598670410e+00 1.518071212983855167e+00 1.596337088169690999e+00 1.657378237365693341e+00 1.819047435559722592e+00 1.840153612177387599e+00 1.956687802063844295e+00 1.981228733087531557e+00 2.013444004103280172e+00 2.040867578226263301e+00 2.163981841647039772e+00 2.269800065085100460e+00 2.366052856632606449e+00 2.369634965001001792e+00 2.842103303146200854e+00 2.970121111518362333e+00 3.445186684668270161e+00 3.526670073407899952e+00 3.808089364279362066e+00
1.039538999194905278e-01 1.927532452995642520e-01 2.703623521976016297e-01 4.076266196105708950e-01 9.181203364754277896e-01 1.091400046949814850e+00 1.199162547686949409e+00 1.255916127082195688e+00 1.296923899268725089e+00 1.341192667325418419e+00 1.377789525892499034e+00 1.383952756947949725e+00 1.494372087572781727e+00 1.591294117318570622e+00 1.633034640070961219e+00 1.821358166623683328e+00 1.836905141517937379e+00 1.971543857974459968e+00 1.983469520436422107e+00 2.017526232037220257e+00 2.035035000157789487e+00 2.167866313098935738e+00 2.254102731763384160e+00 2.364472635826873503e+00 2.367217176016027658e+00 2.872254413961498276e+00 2.972615058966294299e+00 3.438048555739959156e+00 3.499557836851777903e+00 3.806811780089792929e+00
-3.541010811900024979e-02 1.459195420346481031e-01 2.096740930152223847e-01 3.196142925661363265e-01 9.502661801846609135e-01 1.143937493923287585e+00 1.219289905386803596e+00 1.284352262886791163e+00 1.309079261172289455e+00 1.337662433596945588e+00 1.364654726540785790e+00 1.369895952289397423e+00 1.468924539519892436e+00 1.581274078475819467e+00 1.606689010849356780e+00 1.823047796031731504e+00 1.834857223605046217e+00 1.981385998974739548e+00 1.985142051775406813e+00 2.022713403457903070e+00 2.031790218252895741e+00 2.170434224157773428e+00 2.241536854150707025e+00 2.363087208062372380e+00 2.364962880603916684e+00 2.899967531243237140e+00 2.974776451567403335e+00 3.432812891213706585e+00 3.473747888722745092e+00 3.805745459819065868e+00
-8.869754032609714067e-02 9.788861992341112150e-02 1.508851872607988032e-01 2.311406854830395097e-01 9.763888348041297460e-01 1.191019751127260218e+00 1.232854388278209035e+00 1.309228097298982263e+00 1.320769433049032271e+00 1.336043293750037941e+00 1.351461424100301123e+00 1.361399844050737551e+00 1.442261328609830917e+00 1.569403198316486669e+00 1.582183366414818826e+00 1.824586310838653525e+00 1.832855441136602925e+00 1.985974563419561356e+00 1.986382926518755587e+00 2.027718947432157748e+00 2.031678555077967019e+00 2.171889463694271161e+00 2.232583109082135753e+00 2.362009726979767077e+00 2.363086053647070806e+00 2.922641216714334078e+00 2.976444778963168947e+00 3.429390651380430644e+00 3.452056430777910023e+00 3.804948197090700202e+00
-8.919094743592385910e-02 4.903227650706076107e-02 9.779136567656236678e-02 1.426011094991930794e-01 9.938550168761707271e-01 1.226412266282933983e+00 1.238858214232867905e+00 1.328494403180048078e+00 1.332326768617477564e+00 1.337069507901858190e+00 1.343991377107095708e+00 1.352426153251022667e+00 1.417470652545652854e+00 1.559731093267932023e+00 1.564181696510212438e+00 1.826248292079709179e+00 1.830678826082372090e+00 1.987128513829728993e+00 1.987215228146033352e+00 2.031251521379954905e+00 2.033138369677229385e+00 2.172568359125105708e+00 2.227296921944465158e+00 2.361352182106418507e+00 2.361801387136408970e+00 2.937653112649604825e+00 2.977497076126126796e+00 3.427950958307393492e+00 3.437001612362947878e+00 3.804456619398365547e+00
-2.853688701780760623e-05 -8.812240120516590935e-06 -4.889116094497071710e-08 8.001872586465173798e-02 1.000064990106013907e+00 1.240070286527488186e+00 1.240300178121569452e+00 1.338634680486127992e+00 1.338994811941630392e+00 1.340513925098899328e+00 1.340774976696245346e+00 1.343888488493407918e+00 1.405347848180101611e+00 1.556493601220303225e+00 1.556928973669261973e+00 1.827636174008322456e+00 1.829062289419773890e+00 1.987269895085493898e+00 1.987451999618656595e+00 2.032485687980156275e+00 2.033953777413927799e+00 2.172759012168955284e+00 2.225557099519756221e+00 2.361237165244049141e+00 2.361237253224214072e+00 2.942927221661316928e+00 2.977856529580333866e+00 3.429479420479628171e+00 3.429702263033957532e+00 3.804290663046806742e+00
4.330412553441320700e-02 4.331803849816521362e-02 8.646754948849054434e-02 1.066588526230204115e-01 1.000668362472492579e+00 1.237520249313703635e+00 1.237736518388300677e+00 1.317473803536441501e+00 1.317790431537295248e+00 1.344014638660515182e+00 1.361060920101758720e+00 1.361369614759436519e+00 1.404884755772627836e+00 1.557722238378367097e+00 1.558173585946452944e+00 1.827751359925004593e+00 1.829176331733033178e+00 1.989256488801331768e+00 1.989452736192703242e+00 2.030325442126275526e+00 2.031748740181919644e+00 2.154563427202857984e+00 2.239772546667900599e+00 2.363406518584329152e+00 2.363424529380076411e+00 2.910602663483107921e+00 3.016767587107967774e+00 3.427500025838363218e+00 3.427723354999615779e+00 3.803254282039995271e+00
8.634373711820526875e-02 8.635997474344950242e-02 1.032999302559551302e-01 2.127458089776363970e-01 1.002550367275391929e+00 1.228028019114653757e+00 1.228203788532053808e+00 1.298768060794061263e+00 1.299113492271574133e+00 1.344453907646294688e+00 1.380007504865037093e+00 1.380321390033078410e+00 1.403516415037066034e+00 1.561354583676908936e+00 1.561853331386448218e+00 1.827879168973734370e+00 1.829303788773000594e+00 1.994626086164541512e+00 1.994891429335326372e+00 2.024645540686097700e+00 2.025912223547138957e+00 2.119718995538272033e+00 2.263072456062491522e+00 2.369650989924408702e+00 2.369717829150135291e+00 2.871316405309715325e+00 3.075117632413078450e+00 3.421681108891356793e+00 3.421905884860960700e+00 3.800062380759888114e+00
1.253403848227218065e-01 1.287844565457861024e-01 1.288036935188880128e-01 3.176175247864175821e-01 1.005941730938090473e+00 1.208715399722472883e+00 1.208845042586476737e+00 1.287632269612953184e+00 1.288014027358544977e+00 1.345193170093264001e+00 1.395940128014318660e+00 1.396249398127957564e+00 1.401305589294397302e+00 1.567250484543734057e+00 1.567825854966863997e+00 1.827330802236071250e+00 1.828763046716467278e+00 2.000137505384540937e+00 2.000715957978169701e+00 2.019279052084585135e+00 2.020092592000229281e+00 2.079561072905598884e+00 2.285173560380199476e+00 2.379278734818998320e+00 2.379413183782110419e+00 2.836347829120912323e+00 3.139737905542949292e+00 3.412379796328702142e+00 3.412606942773077634e+00 3.794487120122642221e+00
1.490446547841189351e-01 1.701830699239808842e-01 1.702052407177915561e-01 4.196970224886557022e-01 1.011276432759679489e+00 1.181345175043040596e+00 1.181447599949396077e+00 1.283315697427482194e+00 1.283725461824980707e+00 1.346242868999746989e+00 1.398348751823605740e+00 1.409070577130258739e+00 1.409362133588884847e+00 1.575248786000853940e+00 1.575925345013110990e+00 1.824920534731583999e+00 1.826373770468088242e+00 1.996989971524472995e+00 1.997947332382918439e+00 2.023887720211329455e+00 2.024121549282802413e+00 2.036798837158772635e+00 2.304772612708828827e+00 2.391377337029025441e+00 2.391585195126927132e+00 2.805577444361063044e+00 3.208143864442522197e+00 3.400188241050357885e+00 3.400418640160455919e+00 3.786208114760404975e+00
1.722663392820376338e-01 2.099258499723217486e-01 2.099507948618626885e-01 5.165305926573330320e-01 1.019252541380098798e+00 1.150226963145064341e+00 1.150316817693303184e+00 1.282452982390058338e+00 1.282887836519029490e+00 1.347613121192255958e+00 1.394787743305896610e+00 1.419919536658052817e+00 1.420180001853564855e+00 1.585257213982878444e+00 1.586052991136011281e+00 1.819153567603039257e+00 1.820636705795925181e+00 1.988891845605873732e+00 1.989767189486655097e+00 1.992923730303624907e+00 2.035619460699722438e+00 2.035727772096192822e+00 2.321880133311309269e+00 2.404977581873445569e+00 2.405254791599761077e+00 2.778579048103378746e+00 3.277971868490293428e+00 3.385925877177741405e+00 3.386160501388030486e+00 3.774874924619847416e+00
1.936546041142472308e-01 2.471766513968656764e-01 2.472041042805995237e-01 6.046790899344610670e-01 1.030836836364372955e+00 1.118562681846940077e+00 1.118647343419117091e+00 1.282894639816207549e+00 1.283355342157468604e+00 1.349308041299486449e+00 1.390787947971283467e+00 1.428990267341284204e+00 1.429209827945504330e+00 1.597299929757768355e+00 1.598226176739697912e+00 1.808792465123552073e+00 1.810297029954748727e+00 1.949244977414065660e+00 1.982136822436630252e+00 1.982837413745668576e+00 2.048639840147185254e+00 2.048724520959529283e+00 2.336664091813064559e+00 2.419109194136121133e+00 2.419445863809325914e+00 2.755141364795314907e+00 3.346869206279825093e+00 3.370621386095320471e+00 3.370864621094766367e+00 3.760154153674311939e+00
2.122747008146451397e-01 2.808370404310203683e-01 2.808667466965255044e-01 6.799909046702550253e-01 1.046967017855501947e+00 1.088636935888318336e+00 1.088720533109035715e+00 1.283644140110409726e+00 1.284130671797558909e+00 1.351313989795479120e+00 1.386549409431093505e+00 1.436568048321006819e+00 1.436742546346770899e+00 1.611461975744976627e+00 1.612524633898537063e+00 1.793567561632476215e+00 1.795065093731864625e+00 1.907348939717614655e+00 1.978167273661219472e+00 1.978725925485447679e+00 2.060980223557098867e+00 2.061064389603305624e+00 2.349195729755753970e+00 2.432783952335322741e+00 2.433167675595209190e+00 2.735301161270113912e+00 3.355473166508616156e+00 3.355712269652700197e+00 3.412749854935377858e+00 3.741744150638813604e+00
2.274376892014056406e-01 3.095402872649666293e-01 3.095719948087394813e-01 7.386292709170847459e-01 1.062434466503222152e+00 1.062519565519745912e+00 1.067502187769567623e+00 1.284291334513898653e+00 1.284801348745606919e+00 1.353574240075918311e+00 1.382314203455233592e+00 1.442691170047544436e+00 1.442823030352549774e+00 1.627712435900687149e+00 1.628915650499229706e+00 1.774417348181207776e+00 1.775869549919764978e+00 1.869321593624906130e+00 1.976675957323225541e+00 1.977131975140367981e+00 2.071530452951907186e+00 2.071621496351102820e+00 2.359387846498458341e+00 2.444975971285194838e+00 2.445394111658270031e+00 2.719286893606767119e+00 3.341783041829396783e+00 3.342027425114811212e+00 3.473911950895457235e+00 3.719359776572281007e+00
2.386306210458537524e-01 3.317239594470091091e-01 3.317573368123716282e-01 7.787940219769333705e-01 1.041858520363053930e+00 1.041945689608515302e+00 1.089543361725632709e+00 1.284719171927063419e+00 1.285247885594096973e+00 1.355928221507515685e+00 1.378411131954821345e+00 1.447238386859655002e+00 1.447335948404163242e+00 1.645552094264284282e+00 1.646905782945376595e+00 1.753239198275977850e+00 1.754604022010253450e+00 1.838046306711778488e+00 1.976648205996805130e+00 1.977038613307565251e+00 2.079539492263751121e+00 2.079638760079441262e+00 2.367009921066061118e+00 2.454656319840939016e+00 2.455097330406241340e+00 2.707443005967011374e+00 3.330837690464986345e+00 3.331085628842634261e+00 3.529184978818073137e+00 3.692730340297925462e+00
2.454914117648517857e-01 3.458371773248514192e-01 3.458717075942207009e-01 8.014417821493249328e-01 1.028647361427088791e+00 1.028736465134290290e+00 1.107100797612946552e+00 1.284943027596533671e+00 1.285483742029658538e+00 1.357964227067270047e+00 1.375386918292311522e+00 1.450047335116820824e+00 1.450122999799011936e+00 1.662959741344548270e+00 1.664492632335325739e+00 1.733300757225433086e+00 1.734525378288806152e+00 1.817058317820984703e+00 1.977076704442571220e+00 1.977431238268247515e+00 2.084522145689661432e+00 2.084627631989049767e+00 2.371759591723870297e+00 2.460903575453027070e+00 2.461357453077852142e+00 2.700140280663051229e+00 3.323754003854288097e+00 3.324004201324564090e+00 3.577588964613534372e+00 3.661869857699154185e+00
2.478025795040540713e-01 3.506920473221318280e-01 3.507269953898691228e-01 8.086617046111584939e-01 1.024083582823019478e+00 1.024173444363041030e+00 1.113853945734567308e+00 1.285010301013207235e+00 1.285555145656663178e+00 1.358847088099977451e+00 1.374164487657044020e+00 1.450997841585612180e+00 1.451066028168537692e+00 1.672111343828719843e+00 1.673788957337117189e+00 1.723214567136447384e+00 1.724313720144378337e+00 1.809605149639687438e+00 1.977295245131552193e+00 1.977638405828354262e+00 2.086211195739218649e+00 2.086318970904339487e+00 2.373377124915516667e+00 2.463065110672263636e+00 2.463523116804806623e+00 2.697669100569941580e+00 3.321300983944813545e+00 3.321551964081259189e+00 3.609966810995122621e+00 3.635396979474331047e+00
2.528203284920683691e-01 3.429635030253632144e-01 3.692172912991539269e-01 7.982410791104258552e-01 1.022725405795753550e+00 1.028895066159459581e+00 1.116827916739022042e+00 1.265031611890266028e+00 1.281132717384067421e+00 1.354640836590532471e+00 1.390017466229276799e+00 1.449504743784167049e+00 1.451651578228853712e+00 1.674249868151205023e+00 1.678229827033230315e+00 1.723570041728666347e+00 1.725624722651624365e+00 1.813348504197613620e+00 1.976917261251018187e+00 1.979514948948081665e+00 2.085051447104347755e+00 2.085905739152252192e+00 2.372902449836671313e+00 2.463195572003550549e+00 2.463858871902781633e+00 2.695868837237496152e+00 3.319738883832369147e+00 3.325679005922732134e+00 3.609353655621629908e+00 3.635081010334597629e+00
2.670512961363831761e-01 3.485788550872284675e-01 3.961347795232639246e-01 7.704357416274395520e-01 1.018669713611489058e+00 1.039368821856882175e+00 1.126103181518153473e+00 1.225181543034675302e+00 1.267719026051143283e+00 1.344319107409218228e+00 1.414211867584217908e+00 1.448926129482294600e+00 1.452584181755457227e+00 1.679192962042308279e+00 1.690924445987597169e+00 1.725254912833099175e+00 1.729611359140047711e+00 1.824228464109580061e+00 1.975895264084795322e+00 1.984600544798652999e+00 2.081431398773159192e+00 2.084784576485375851e+00 2.371525700667514336e+00 2.462449486133677645e+00 2.465921527600436480e+00 2.690517655614460768e+00 3.320259492310034144e+00 3.332717849767553808e+00 3.607576200692540258e+00 3.634222062658056362e+00
2.879838560469234476e-01 3.686357373651782399e-01 4.305151767690768572e-01 7.316627339272877562e-01 1.011963104598383900e+00 1.049511296931859849e+00 1.141517349479283627e+00 1.181186049195837917e+00 1.245335418569135655e+00 1.332192396523039557e+00 1.417725051797113167e+00 1.452778861004250466e+00 1.464373517473570141e+00 1.685686672364990368e+00 1.707285732640971609e+00 1.729611512277633878e+00 1.737328093886736369e+00 1.841176049055815778e+00 1.974253323212275868e+00 1.991802090792929247e+00 2.075361178234898407e+00 2.082904808773330174e+00 2.369379235923328331e+00 2.461164316694993470e+00 2.469145891459923803e+00 2.681827360027489782e+00 3.322420647455051057e+00 3.342705010784075892e+00 3.604812041932783817e+00 3.633031169727726439e+00
3.116098169263123996e-01 4.016534494180039605e-01 4.727263576956598490e-01 6.872406447424765918e-01 1.002396647933251783e+00 1.056667092601834668e+00 1.137989243997916011e+00 1.160062258583933303e+00 1.216376325369728839e+00 1.321144200274569025e+00 1.405274038187787511e+00 1.452117323118105485e+00 1.488284105938617152e+00 1.691810160481052705e+00 1.721409200062070877e+00 1.738069137248409834e+00 1.751233929560400693e+00 1.862381693986215225e+00 1.972066952420155506e+00 1.999870334977681852e+00 2.066825953733166354e+00 2.080284539251915810e+00 2.366657319555852013e+00 2.459366317811433778e+00 2.473179943062254527e+00 2.670310737575190441e+00 3.325538455536923177e+00 3.355672602136397842e+00 3.601296607673796224e+00 3.631728760103983600e+00
3.339849325605026009e-01 4.431820397758205465e-01 5.233210707562210295e-01 6.416046735678798685e-01 9.892400760024608886e-01 1.061034733209532455e+00 1.098862984080594352e+00 1.163443687209214872e+00 1.197494332947755646e+00 1.312511850024558724e+00 1.387504815464664754e+00 1.450318249772458934e+00 1.510669852253090362e+00 1.696271239805297482e+00 1.732269956097048036e+00 1.749726647724172857e+00 1.771065663950678104e+00 1.885382807428473750e+00 1.969437110977709349e+00 2.007973353367035863e+00 2.055872428666321028e+00 2.076991175188967365e+00 2.363590326271130859e+00 2.457096128947263480e+00 2.477618865295151185e+00 2.656878167127463275e+00 3.328984214549809639e+00 3.371434154580583709e+00 3.597188385648747211e+00 3.630467231419012286e+00
3.525194577843547838e-01 4.855914743765258890e-01 5.809362047942963070e-01 6.014302038183163557e-01 9.713815844014168643e-01 1.062703693647026881e+00 1.066452572826598333e+00 1.128943454446875494e+00 1.210279245131759884e+00 1.307467821076834236e+00 1.367059626082439694e+00 1.447422002528066409e+00 1.530176559898445143e+00 1.699245515529495432e+00 1.742503551080930135e+00 1.763105283729064832e+00 1.792714960521647249e+00 1.907364108910950540e+00 1.966485444632873891e+00 2.016007698719668895e+00 2.042701616638105122e+00 2.073127165768581026e+00 2.360423685907264701e+00 2.454442641710187889e+00 2.482031195851841954e+00 2.642784598731264367e+00 3.332305162277496624e+00 3.389592569682984280e+00 3.592419641800299157e+00 3.629317110054346873e+00
3.651768519197892138e-01 5.090233414681006874e-01 5.854875930523609773e-01 6.438828514654841850e-01 9.486970853663198033e-01 1.040145877304857969e+00 1.061350402658704839e+00 1.087915850741025370e+00 1.224254175894667229e+00 1.307481391263174642e+00 1.345408281698151187e+00 1.443503512360336360e+00 1.546746937849532211e+00 1.701602803990166057e+00 1.752834599173914931e+00 1.777082247291234429e+00 1.813499532104407841e+00 1.925742604185870954e+00 1.963356445938722050e+00 2.023724275267749562e+00 2.028484266082730247e+00 2.068822654951346429e+00 2.357399423697183138e+00 2.451555810507260791e+00 2.486008716314219491e+00 2.629403688335419709e+00 3.335237189437339822e+00 3.409632000812140351e+00 3.586637192870546720e+00 3.628292805605759064e+00
3.693512954999761400e-01 4.956917022685420338e-01 6.169746620473983700e-01 7.053785108031246365e-01 9.235992031531777835e-01 1.020383495208128766e+00 1.030458020588841839e+00 1.071405902309300329e+00 1.232750548884235187e+00 1.313114152619376140e+00 1.323976447271880019e+00 1.438718389735515579e+00 1.560305920096079824e+00 1.704109351415721507e+00 1.763004823964589241e+00 1.790577823186356277e+00 1.832024180114533385e+00 1.939062372414653179e+00 1.960228417460323502e+00 2.011104484277782767e+00 2.034286022192694166e+00 2.064277243479053947e+00 2.354733132794784467e+00 2.448646636569388857e+00 2.489236681592277733e+00 2.617910962675165987e+00 3.337657485730836537e+00 3.430976614464482211e+00 3.579284375819491437e+00 3.627393474704481591e+00
3.631829695594789853e-01 4.797375936175280464e-01 6.644977758388098676e-01 7.614573456694284648e-01 9.001420870348691983e-01 9.810816758817448857e-01 1.004222241846014052e+00 1.070335309518567257e+00 1.236323591629265861e+00 1.304045204661911983e+00 1.322734744026596632e+00 1.433390881694647678e+00 1.570674548742335253e+00 1.707108286946625197e+00 1.772386190716458865e+00 1.802669102178166893e+00 1.847362644706207480e+00 1.947566811458498082e+00 1.957335916560579925e+00 1.995108916370318397e+00 2.043613479419430945e+00 2.059840274718226727e+00 2.352586213754702005e+00 2.445971503267404312e+00 2.491567138799081427e+00 2.609023514542489153e+00 3.339527082753168674e+00 3.452951455103766776e+00 3.569811849876234344e+00 3.626635607372926451e+00
3.502575159200039256e-01 4.723952052522571998e-01 7.155088112844518733e-01 8.066461848708578186e-01 8.829196707692070767e-01 9.292382198767907830e-01 9.895162051849902829e-01 1.070309523211861125e+00 1.237268882192801511e+00 1.287727264760750501e+00 1.332689643301474769e+00 1.428150967664065352e+00 1.577787540891725238e+00 1.710323024753453547e+00 1.780126006129786553e+00 1.812498163112514327e+00 1.858828564776603853e+00 1.952424012589169200e+00 1.955072009319874127e+00 1.980953206261874655e+00 2.051397236196099261e+00 2.056175611425537397e+00 2.351046512699381807e+00 2.443801879457218273e+00 2.493040736108151467e+00 2.602932044987210869e+00 3.340846692490292202e+00 3.474616207496905140e+00 3.558014154254831585e+00 3.626056088765643004e+00
3.385184037420908010e-01 4.703200396755422008e-01 7.676033134657335166e-01 8.321634142475582419e-01 8.753634505117846576e-01 8.797873909041619145e-01 9.770057925357810147e-01 1.070398814096962248e+00 1.237300622023925101e+00 1.276779349644498573e+00 1.340195329691777681e+00 1.424069557621683524e+00 1.581837485658657672e+00 1.712904326958389900e+00 1.785290989381076443e+00 1.819100230394377293e+00 1.865929867020462929e+00 1.952981863258122841e+00 1.955485656454788668e+00 1.970995345270527332e+00 2.052822213546906305e+00 2.057348161978926004e+00 2.350134010536458096e+00 2.442383260023081704e+00 2.493817375761949506e+00 2.599459689623262904e+00 3.341629955276210762e+00 3.494114761605627173e+00 3.544828634715300630e+00 3.625692794160897403e+00
3.339454090548344412e-01 4.699981400689554611e-01 8.164105700612253047e-01 8.209158246475571907e-01 8.445406209241129725e-01 8.815288729276886670e-01 9.713273582554753371e-01 1.070443467696746476e+00 1.237234850531712116e+00 1.272899310889997748e+00 1.343008167354923232e+00 1.422480627351962568e+00 1.583137380708947273e+00 1.713902697101547634e+00 1.787113809684342414e+00 1.821462998298171820e+00 1.868339806201708919e+00 1.952487471735322666e+00 1.956159538959165278e+00 1.967415064602848540e+00 2.051980438376596716e+00 2.059056536790782488e+00 2.349833491881339054e+00 2.441889348436116602e+00 2.494055233100560987e+00 2.598341415197221060e+00 3.341889427032780802e+00 3.504413409273492430e+00 3.536701429826959231e+00 3.625569261336905047e+00
3.372449324143899640e-01 4.694768071356110184e-01 8.033976208596127488e-01 8.111631957565909046e-01 8.503788177838641493e-01 8.969712478046791837e-01 9.766172048293126906e-01 1.070061359868446083e+00 1.235778816904821387e+00 1.272330990018371466e+00 1.338137039842590026e+00 1.419214276728742341e+00 1.588866234206895323e+00 1.716903913865725384e+00 1.785389621165470952e+00 1.822676627921451020e+00 1.866748641692989263e+00 1.951403513238291421e+00 1.956159451475335986e+00 1.969334166270924502e+00 2.051192788996324179e+00 2.057830129184675894e+00 2.350198248530681155e+00 2.442269288304196095e+00 2.493523833832309577e+00 2.597347541113534941e+00 3.345437284952334167e+00 3.504274082642170551e+00 3.534176746805585800e+00 3.625707148247901745e+00
3.468003968474627774e-01 4.676705349479584606e-01 7.756211753482051829e-01 7.991634861183704031e-01 8.569812767659271691e-01 9.271676211423525160e-01 9.906207491751835015e-01 1.069146465935077339e+00 1.229671989796862208e+00 1.270657961647178258e+00 1.327117556196614423e+00 1.410031851538378955e+00 1.604144884558300621e+00 1.724318768388927836e+00 1.780789615556615191e+00 1.825547046546011520e+00 1.862758734059239751e+00 1.948846494732314083e+00 1.956123529761002899e+00 1.974726983359201604e+00 2.048771747846615643e+00 2.054725453600937168e+00 2.351183895430819959e+00 2.443597786397282867e+00 2.491898629547465216e+00 2.594624044294144394e+00 3.355607763202951066e+00 3.503660429244187746e+00 3.526945324440633467e+00 3.626025993055792984e+00
3.614032475646666853e-01 4.637159665763777028e-01 7.484960689242782239e-01 7.887046884280453085e-01 8.598749727917456287e-01 9.602639417591599669e-01 1.009628215206615831e+00 1.068253622235162181e+00 1.214488185257623920e+00 1.268215656700395488e+00 1.317854899969908455e+00 1.396321608879383946e+00 1.625124108490219044e+00 1.732370922792768164e+00 1.774006594386760671e+00 1.828897287510321101e+00 1.858482178902783666e+00 1.946308927170032899e+00 1.955960790029326990e+00 1.982719314310238179e+00 2.044854142778442796e+00 2.051073714170706275e+00 2.352479049424615720e+00 2.446321968782604550e+00 2.489161446033360647e+00 2.590799342940913075e+00 3.371140999720382503e+00 3.501966462685506265e+00 3.516034266708777611e+00 3.626315459446760148e+00
3.788463007261856919e-01 4.562026892230985342e-01 7.251233179206003632e-01 7.847500390691775074e-01 8.564621870785503743e-01 9.931592825288111381e-01 1.030341984913258013e+00 1.067957228554153426e+00 1.187947667552733400e+00 1.265758297221770690e+00 1.315208838268245417e+00 1.379637995517806859e+00 1.648390909272656302e+00 1.737681868076348612e+00 1.765149083378256378e+00 1.832317378745951242e+00 1.855847470569504942e+00 1.945218507531246477e+00 1.955573886410213458e+00 1.992255179453076064e+00 2.040229401120164265e+00 2.048035274427229879e+00 2.353643864385712270e+00 2.450834149578711152e+00 2.485440039818959779e+00 2.586570080319939180e+00 3.390373723077229950e+00 3.497290224399426162e+00 3.504016368110237867e+00 3.626397157614781985e+00
3.961354540375521815e-01 4.443893656253859459e-01 7.072443801544391340e-01 7.891871551081558467e-01 8.456488744808291491e-01 1.024398838776015008e+00 1.049942825486613218e+00 1.068724111071710947e+00 1.153383664603963688e+00 1.263530642173857910e+00 1.318094531049713858e+00 1.361837127150417048e+00 1.671129075020296728e+00 1.739733891921805942e+00 1.754718991161439146e+00 1.836037524301198820e+00 1.854308137112726129e+00 1.946506170387139356e+00 1.954962080070525188e+00 2.002345866580439004e+00 2.035229810887520419e+00 2.046756632171509160e+00 2.354271418922010195e+00 2.457100538447538174e+00 2.481036831583258273e+00 2.582523023698223508e+00 3.411627539300666534e+00 3.484839576171398612e+00 3.496604265136995071e+00 3.626230400251856612e+00
4.098300052411116279e-01 4.298694467516052664e-01 6.962248690961958530e-01 7.996120740422659745e-01 8.290878879922418676e-01 1.052972429269378063e+00 1.064211353174560282e+00 1.072217384622262681e+00 1.115728721468320028e+00 1.261542725644977603e+00 1.324231443307170464e+00 1.345351503469684573e+00 1.689711466799886486e+00 1.740311895539468967e+00 1.744980770427726924e+00 1.840483451135586312e+00 1.851544395385622099e+00 1.950003977934628763e+00 1.954364213077779411e+00 2.012273343796749714e+00 2.029157854921853854e+00 2.048115573794142996e+00 2.354164314364061372e+00 2.464461241780303791e+00 2.476317961749030516e+00 2.579211087442057071e+00 3.433335850517876597e+00 3.469394641233733534e+00 3.490262099593127498e+00 3.625926722890216336e+00
4.164086797210293511e-01 4.171552284445608771e-01 6.924210009776254893e-01 8.105902482264469855e-01 8.110202225167232326e-01 1.068362017799894481e+00 1.077283977472952348e+00 1.080122309714605544e+00 1.080722393266156711e+00 1.261075387053416597e+00 1.332185024941547224e+00 1.332610762380474156e+00 1.697525763264917664e+00 1.740885234795897629e+00 1.741291933050595819e+00 1.846084179345089948e+00 1.846248492161162380e+00 1.954139707001610216e+00 1.954238213847271366e+00 2.021568392414390569e+00 2.021658280908566585e+00 2.051484966903695195e+00 2.353413836771772072e+00 2.471520594890181055e+00 2.471851293437295372e+00 2.577316529602833750e+00 3.453057458572720950e+00 3.453344168275771953e+00 3.485091133910590777e+00 3.625675021940049092e+00
4.118167486754952811e-01 4.210127582948613445e-01 6.934937169907803289e-01 7.981195924787789497e-01 8.220278457923131388e-01 1.050591439453124609e+00 1.067706491907062683e+00 1.085952696592746181e+00 1.101280871479397572e+00 1.263793870296965549e+00 1.323898495789301633e+00 1.342761894545562162e+00 1.691881545018780075e+00 1.739954805832299556e+00 1.744438458938043057e+00 1.839322159086347108e+00 1.852897631444546001e+00 1.952598465901270952e+00 1.955864790215458671e+00 2.013281908188756741e+00 2.029508490523471043e+00 2.051104235549181976e+00 2.353288472631480666e+00 2.466627397502366925e+00 2.476550932349958156e+00 2.578258699106267926e+00 3.437277246086767324e+00 3.462485945507913776e+00 3.490799512877180710e+00 3.625653867070949943e+00
4.113798043946386707e-01 4.209193700134464255e-01 6.917490486084394430e-01 7.907775158832214268e-01 8.259830299542285648e-01 1.027207468555849212e+00 1.066393416431641539e+00 1.089045816915179765e+00 1.122936943542495181e+00 1.272690857922991636e+00 1.316440640883686841e+00 1.354369934445576629e+00 1.679237063196054702e+00 1.737692928844425833e+00 1.749055466971034978e+00 1.831064151610704904e+00 1.860111258437505244e+00 1.951141558783499486e+00 1.957449923672529124e+00 2.005261962512233431e+00 2.036914346622095806e+00 2.049691050988743157e+00 2.353192922250661123e+00 2.461982274146389038e+00 2.480732941335665132e+00 2.581197657752058561e+00 3.421395866484704396e+00 3.459712542028325899e+00 3.506280277973085280e+00 3.625709508590218899e+00
4.092938760796525632e-01 4.253594956181219189e-01 6.783481185080075804e-01 7.926689560930577638e-01 8.226377165366797195e-01 1.010923634257788084e+00 1.065200332794529858e+00 1.092743831540047506e+00 1.143604155656875676e+00 1.286481455530185558e+00 1.309322275130906599e+00 1.366464147158101383e+00 1.663589113730841396e+00 1.734339909133620683e+00 1.751607885149473187e+00 1.821659790761640085e+00 1.865653945658371615e+00 1.949475756283573613e+00 1.958882384682857802e+00 1.999226279367645853e+00 2.043001608104428435e+00 2.047502000586295612e+00 2.353249288189024124e+00 2.458210539809769557e+00 2.483811122064869981e+00 2.586194335153659374e+00 3.405869307361090836e+00 3.452355860374716201e+00 3.523538171715299594e+00 3.625870498800761954e+00
4.005133936087246771e-01 4.412150317288401902e-01 6.517612079327750330e-01 7.849219645800551426e-01 8.302983161888428665e-01 1.001826908752360579e+00 1.064804234386831361e+00 1.099578021961224117e+00 1.163808572291196164e+00 1.294905998882249776e+00 1.309834331936194696e+00 1.378507356517348903e+00 1.646311712822460249e+00 1.730207017512818579e+00 1.751578341749969292e+00 1.811386945804522419e+00 1.866569597836024608e+00 1.946930612200821864e+00 1.960309509214512191e+00 1.997194696604893904e+00 2.040799324087822164e+00 2.051234921403266576e+00 2.353589066110707506e+00 2.455514528766514548e+00 2.485620839967665585e+00 2.593223060109206557e+00 3.391086884436365079e+00 3.442836585197386334e+00 3.539727746477348891e+00 3.626164064424461486e+00
3.887439363094145062e-01 4.655582609261407767e-01 6.163444812792843175e-01 7.559864894510434086e-01 8.572655722943914869e-01 9.991663378255011274e-01 1.064963773031244676e+00 1.110443114092393158e+00 1.184022089224086249e+00 1.285818970967278707e+00 1.327661500107050419e+00 1.390040461634124203e+00 1.627838432534155499e+00 1.725576046705637800e+00 1.749439067471538323e+00 1.800533349267419370e+00 1.860622849873315277e+00 1.942520574521632737e+00 1.961986364033410313e+00 2.000464300697366138e+00 2.034367279612438573e+00 2.056955106880860029e+00 2.354334060197894374e+00 2.453971886389327395e+00 2.486105312123757294e+00 2.602166490678140764e+00 3.377358893951028396e+00 3.431678283162242771e+00 3.554155689727079181e+00 3.626614929327056203e+00
3.755402646802406541e-01 4.966449517507734446e-01 5.758604610056572426e-01 7.165531015127275527e-01 8.916278211835256817e-01 1.002158271582724858e+00 1.065068843238871521e+00 1.124842836822439684e+00 1.204564816241836089e+00 1.272630100179920287e+00 1.347825774323699877e+00 1.400701183802564476e+00 1.608262020388183222e+00 1.720646225508665861e+00 1.745816598241036077e+00 1.789363684525216769e+00 1.847803454753142782e+00 1.935231032471256052e+00 1.963845000203808144e+00 2.008462341342681423e+00 2.026786282607898393e+00 2.062268744894939942e+00 2.355572090267218144e+00 2.453525142905305323e+00 2.485319427545429338e+00 2.612798423081757360e+00 3.364907358077091182e+00 3.419134595651084574e+00 3.566659954490063456e+00 3.627242767413951796e+00
3.616773695057933224e-01 5.282010932524500157e-01 5.374572384310741802e-01 6.712561778080291530e-01 9.280296732038801899e-01 1.011013848895718326e+00 1.064774127800587555e+00 1.141429351490736321e+00 1.225458369868933195e+00 1.257396514572167501e+00 1.367737157028122263e+00 1.410224537764700248e+00 1.587518007288921007e+00 1.715502036250642792e+00 1.741253551541307454e+00 1.778128545348623302e+00 1.829714183673999184e+00 1.924295121374903106e+00 1.965703330608679522e+00 2.015748324377278689e+00 2.022700471018572976e+00 2.067064461150345256e+00 2.357330592805167768e+00 2.453999259485531326e+00 2.483423604237167126e+00 2.624765778279853468e+00 3.353867199389847897e+00 3.405518118416972495e+00 3.577271101387055730e+00 3.628057315235984959e+00
3.475164411015429500e-01 4.879499876365510636e-01 5.734441661303248949e-01 6.231942474370172347e-01 9.608188720701131835e-01 1.028493141816802625e+00 1.063941203247929179e+00 1.158102753084172765e+00 1.239053699196470015e+00 1.249211183384389745e+00 1.386518537327255940e+00 1.418422883255548772e+00 1.565466091148175254e+00 1.710107410322917687e+00 1.736148185456208193e+00 1.767097537373765848e+00 1.808229337869890152e+00 1.909486133546105302e+00 1.967545209162020914e+00 2.009625491874234893e+00 2.033710265182161692e+00 2.071336688006736981e+00 2.359559358201166468e+00 2.455143953288091652e+00 2.480667251974306708e+00 2.637581538497005162e+00 3.344299800707822179e+00 3.391286921819698374e+00 3.586094797589275185e+00 3.629051516781735209e+00
3.330499272013390799e-01 4.452151601110017065e-01 5.717708550366441544e-01 6.176642320781227102e-01 9.838740267335649436e-01 1.057626329058844794e+00 1.063344515634017773e+00 1.170163887795164781e+00 1.227912441017170009e+00 1.269683783905432906e+00 1.403565317550693692e+00 1.425141073612246512e+00 1.541963810267208190e+00 1.704326470560655782e+00 1.730688516155483025e+00 1.756598527218174555e+00 1.785099189711908396e+00 1.891446805937902820e+00 1.969411721090824408e+00 2.002688583482727935e+00 2.046169244826967493e+00 2.075094179578055087e+00 2.362131382588390505e+00 2.456684686525235861e+00 2.477362579351813920e+00 2.650638340875242527e+00 3.336218866679555362e+00 3.377036794696272715e+00 3.593262047873844178e+00 3.630194049256176392e+00
3.178497014232544160e-01 4.061201292113167938e-01 5.234274060077672708e-01 6.603532829805645044e-01 9.981460089453415563e-01 1.059199560705938792e+00 1.099098417550089302e+00 1.168315012465317215e+00 1.228738919033496524e+00 1.291101373595000545e+00 1.418355678663663522e+00 1.430161792451064118e+00 1.517006744484035830e+00 1.697990569006687211e+00 1.724593962498483624e+00 1.747031618498185557e+00 1.762318612656023964e+00 1.871654794607615635e+00 1.971298802522458926e+00 1.996327666593586070e+00 2.057731752825566307e+00 2.078342973589171194e+00 2.364860184011175814e+00 2.458365386946981701e+00 2.473851574132247766e+00 2.663247480750011054e+00 3.329625457445059222e+00 3.363430330856579609e+00 3.598915411613075488e+00 3.631423421677596686e+00
3.010776619443989444e-01 3.740429507246165741e-01 4.770478928384660477e-01 7.026530671201846046e-01 1.007870678964686961e+00 1.054699737862530462e+00 1.142807078662273934e+00 1.154487947737416809e+00 1.241761811764803491e+00 1.311604867701694488e+00 1.429986866103938992e+00 1.433242772356384975e+00 1.491175773407249050e+00 1.691062634603128778e+00 1.716248331360600954e+00 1.738774372543751001e+00 1.743216623400692722e+00 1.852052429239536835e+00 1.973134822946656763e+00 1.990539650645132053e+00 2.067717599055868938e+00 2.081076753801522461e+00 2.367525189398877128e+00 2.459974347947341489e+00 2.470471128023643104e+00 2.674700060244969979e+00 3.324544555845925675e+00 3.351091675699206629e+00 3.603210893933324499e+00 3.632647854953052757e+00
2.825508449487916796e-01 3.522188698639210913e-01 4.348022027615360274e-01 7.421278723637337871e-01 1.014991194311465339e+00 1.047565029036494177e+00 1.137271737429174312e+00 1.188372143469593745e+00 1.257748645371055130e+00 1.330093339987239442e+00 1.429281288174042652e+00 1.440224735058908800e+00 1.467617271242444232e+00 1.683903305937395789e+00 1.703251876618318228e+00 1.731257437559420964e+00 1.732813337954285604e+00 1.834626626039877362e+00 1.974794416665097252e+00 1.985428162488590331e+00 2.075742855172303614e+00 2.083271333671433911e+00 2.369898239354830682e+00 2.461353156977856393e+00 2.467522527932491272e+00 2.684337756308492917e+00 3.321050477667227163e+00 3.340507439299755799e+00 3.606315949367754570e+00 3.633755914206995730e+00
2.648709323916715319e-01 3.415362747131880372e-01 3.985491194235390999e-01 7.759114494234399251e-01 1.020044667377176140e+00 1.037856884203815389e+00 1.124172285183058451e+00 1.231159920843723832e+00 1.271976373013548489e+00 1.345178399763284016e+00 1.413127849843348827e+00 1.446346112786405236e+00 1.454948227431133390e+00 1.677460917186418987e+00 1.688882934539712943e+00 1.726203020792848486e+00 1.728037127858641053e+00 1.821060339166056918e+00 1.976127626371345647e+00 1.981304963869152003e+00 2.081586322014513435e+00 2.084887123815489129e+00 2.371768521377247918e+00 2.462391444979706634e+00 2.465252096344541233e+00 2.691614888276749440e+00 3.319267755128119113e+00 3.331974905011767074e+00 3.608394031286188852e+00 3.634637036268197896e+00
2.523030853554589226e-01 3.411650848937136660e-01 3.700581716494149576e-01 7.998020331705943953e-01 1.023105828177491405e+00 1.028300306975333367e+00 1.116361486085580390e+00 1.267813241980053851e+00 1.281761790912284482e+00 1.355244757709246128e+00 1.388245800022244181e+00 1.449757341737458294e+00 1.451790925607998162e+00 1.673151553837990191e+00 1.678178777195258098e+00 1.723885112843463130e+00 1.725253972184909834e+00 1.812514521979269988e+00 1.976994191699152914e+00 1.978589933524857125e+00 2.085128610120431603e+00 2.085880184042732122e+00 2.372965288155162167e+00 2.462995094878419167e+00 2.463862869692124313e+00 2.696136447265141456e+00 3.319345098624544299e+00 3.325615769546229838e+00 3.609581308919318055e+00 3.635202412771065816e+00
2.478025795040540713e-01 3.506920473221318280e-01 3.507269953898691228e-01 8.086617046111584939e-01 1.024083582823019478e+00 1.024173444363041030e+00 1.113853945734567308e+00 1.285010301013207235e+00 1.285555145656663178e+00 1.358847088099977451e+00 1.374164487657044020e+00 1.450997841585612180e+00 1.451066028168537692e+00 1.672111343828719843e+00 1.673788957337117189e+00 1.723214567136447384e+00 1.724313720144378337e+00 1.809605149639687438e+00 1.977295245131552193e+00 1.977638405828354262e+00 2.086211195739218649e+00 2.086318970904339487e+00 2.373377124915516667e+00 2.463065110672263636e+00 2.463523116804806623e+00 2.697669100569941580e+00 3.321300983944813545e+00 3.321551964081259189e+00 3.609966810995122621e+00 3.635396979474331047e+00
3.339454090548344412e-01 4.699981400689554611e-01 8.164105700612253047e-01 8.209158246475571907e-01 8.445406209241129725e-01 8.815288729276886670e-01 9.713273582554753371e-01 1.070443467696746476e+00 1.237234850531712116e+00 1.272899310889997748e+00 1.343008167354923232e+00 1.422480627351962568e+00 1.583137380708947273e+00 1.713902697101547634e+00 1.787113809684342414e+00 1.821462998298171820e+00 1.868339806201708919e+00 1.952487471735322666e+00 1.956159538959165278e+00 1.967415064602848540e+00 2.051980438376596716e+00 2.059056536790782488e+00 2.349833491881339054e+00 2.441889348436116602e+00 2.494055233100560987e+00 2.598341415197221060e+00 3.341889427032780802e+00 3.504413409273492430e+00 3.536701429826959231e+00 3.625569261336905047e+00
3.384680799070382551e-01 4.683377210296009174e-01 8.137501892794427594e-01 8.196826679540640814e-01 8.437732786501904725e-01 8.824397438385587211e-01 9.759431665538563783e-01 1.056867595970039098e+00 1.237746202711648147e+00 1.279680378133070562e+00 1.343310440056238342e+00 1.422771769672316333e+00 1.582859435970057405e+00 1.713488812285253848e+00 1.781295418623334736e+00 1.826597766614425300e+00 1.868164429304575602e+00 1.947971929636695521e+00 1.955687900808644741e+00 1.972022947779889401e+00 2.050629800921609736e+00 2.061521809898791080e+00 2.349031580530142271e+00 2.440142410973241471e+00 2.491698268658467885e+00 2.599811636997007014e+00 3.344305842678013008e+00 3.485348982337481250e+00 3.539401416612600215e+00 3.639578930520693589e+00
3.515223127588385510e-01 4.634077359026247955e-01 8.051348702251917011e-01 8.172212460644929788e-01 8.423598435446485455e-01 8.850647748146948102e-01 9.824844099550120724e-01 1.027376231135245455e+00 1.239174796423145208e+00 1.295193686574930947e+00 1.344300226378022156e+00 1.423938268928382822e+00 1.582029951161060488e+00 1.712039938498259861e+00 1.769127221126312266e+00 1.836273602233819080e+00 1.867564498788378380e+00 1.939752623956037647e+00 1.954485306178699533e+00 1.980937186360225866e+00 2.046279463162271384e+00 2.068819419012443372e+00 2.346869678495176359e+00 2.435165459688183542e+00 2.484802395841468670e+00 2.604267854586277409e+00 3.351201829782532560e+00 3.441767379946852667e+00 3.547408876625186114e+00 3.667989801417482987e+00
3.717196693362886384e-01 4.553526395023769213e-01 7.916011871228748609e-01 8.142965075821784193e-01 8.408199637553649408e-01 8.889850292250207620e-01 9.530778520366605111e-01 1.026550914641259027e+00 1.241377482633940543e+00 1.312018871996639691e+00 1.346230986028294607e+00 1.426761338006912183e+00 1.580648600134487491e+00 1.709067856210970460e+00 1.755026077859638489e+00 1.844808418662329252e+00 1.866400757554117718e+00 1.930794353782419703e+00 1.953713614887684136e+00 1.991743250830114054e+00 2.038972472558457039e+00 2.079856692831761666e+00 2.344003486828699856e+00 2.427670179475844847e+00 2.473907154907952322e+00 2.611791695831977567e+00 3.360627178305581886e+00 3.388013338868732127e+00 3.559875122774398104e+00 3.698060187457525405e+00
3.971041053628793227e-01 4.444116761434948604e-01 7.734214514660540107e-01 8.111983273247793669e-01 8.382923115969097561e-01 8.904973328961683920e-01 9.036660069119709648e-01 1.048385536270886043e+00 1.244141309237858595e+00 1.326038413338957778e+00 1.349523594755352329e+00 1.432182043195030952e+00 1.578669226741018061e+00 1.704088880077975654e+00 1.740097395472073982e+00 1.849459164412428525e+00 1.864614709739671916e+00 1.921935529131090448e+00 1.954774697174285203e+00 2.004306262481788892e+00 2.029104662797862613e+00 2.092932987122309463e+00 2.341300196539385592e+00 2.418616092880311097e+00 2.459887672348707532e+00 2.622417503263648975e+00 3.322880161460563198e+00 3.377490363773106186e+00 3.575522358802680767e+00 3.725838950508053582e+00
4.237832959389861154e-01 4.325442461143828576e-01 7.461188480517901844e-01 8.082236765800288048e-01 8.308754344642101941e-01 8.532810502514771578e-01 9.014108329296078859e-01 1.074161164670626611e+00 1.247096337288613466e+00 1.335878561831344902e+00 1.354714687908436410e+00 1.440741628296318799e+00 1.575933166643626260e+00 1.696863970003709587e+00 1.724619700984272308e+00 1.849331206574111208e+00 1.862064784386151306e+00 1.913803754798507395e+00 1.958316156828449506e+00 2.016836503643343548e+00 2.019160675633401070e+00 2.106246734544721999e+00 2.339572569022036141e+00 2.408984345801798987e+00 2.443833706334627376e+00 2.636097885936647511e+00 3.257484674516724521e+00 3.392020187840943724e+00 3.592885787466169489e+00 3.750089323527789453e+00
4.131669065475072067e-01 4.563130192542524388e-01 7.035775997981751351e-01 8.053222573541195528e-01 8.102430547360489621e-01 8.380741110174471098e-01 9.070266325886522374e-01 1.100380790743456183e+00 1.249770960961651189e+00 1.341738713184787768e+00 1.362335584401748845e+00 1.452132906709223903e+00 1.572100127001258008e+00 1.687521753605426333e+00 1.708932239072876724e+00 1.845477602827104713e+00 1.858639174865461596e+00 1.906854353725367268e+00 1.963158774923409622e+00 2.005561078250742479e+00 2.034053657514843128e+00 2.118279828124569608e+00 2.339315253218269497e+00 2.399615775998396039e+00 2.426918118021984316e+00 2.652675089721012291e+00 3.190088118587126598e+00 3.407139137500703185e+00 3.610475330389878668e+00 3.770372828016482547e+00
3.940496201136704513e-01 4.849259629467272958e-01 6.527127897425121228e-01 7.940702920676455667e-01 8.040981350098800329e-01 8.318492521927502992e-01 9.125391431075786652e-01 1.125289775491622679e+00 1.251767601203297886e+00 1.344507230875152226e+00 1.372625514286557991e+00 1.465298780012685320e+00 1.566659460862859898e+00 1.676620855478261118e+00 1.693820400256208947e+00 1.839382116493091468e+00 1.855138261317930137e+00 1.901269687428864152e+00 1.965578403565379606e+00 1.997102956278748342e+00 2.049743608762629954e+00 2.128086394947875881e+00 2.340532420544962022e+00 2.391150918515423829e+00 2.410335373281252913e+00 2.671793754228927842e+00 3.123914243650852018e+00 3.421286733435458416e+00 3.626904202581441083e+00 3.786586523633152623e+00
3.727898753446872160e-01 5.105471354281854168e-01 6.059734843497645018e-01 7.855379061672032037e-01 8.029128254388745445e-01 8.259881566394416952e-01 9.173446562528092540e-01 1.147360408517878572e+00 1.252943712378624896e+00 1.345185910457633582e+00 1.385075755809643372e+00 1.478789062413113031e+00 1.559217741166354809e+00 1.665200428969823232e+00 1.680532395871358053e+00 1.832467151844277442e+00 1.852530635731278963e+00 1.897039714487123163e+00 1.961369838769361884e+00 1.995983069613056715e+00 2.064475418755921776e+00 2.135353337321976852e+00 2.342750130277227782e+00 2.384044598946496674e+00 2.395320397690674952e+00 2.692681448578385872e+00 3.062458525665432862e+00 3.433389175719518072e+00 3.640973820719626275e+00 3.798824876833663655e+00
3.517615083060759429e-01 5.309246953767624566e-01 5.706680320674214490e-01 7.807191886571331896e-01 8.026961350069516943e-01 8.203071283863396790e-01 9.210561990912997654e-01 1.164992323959018306e+00 1.253443163611924538e+00 1.344686569624109485e+00 1.398073097706790113e+00 1.490875427363653083e+00 1.550274409441889656e+00 1.654760624747982023e+00 1.670385398057563364e+00 1.826237414935178549e+00 1.851072754629599748e+00 1.894095421863868589e+00 1.953705559526210722e+00 1.999220761236778054e+00 2.076735152590359235e+00 2.140216348023197046e+00 2.345215365416051245e+00 2.378553826248076764e+00 2.383243631996205814e+00 2.713607197837052620e+00 3.010114042661491407e+00 3.442621958846947550e+00 3.651723071221112171e+00 3.807299276239851427e+00
3.355624284801410062e-01 5.432558754869560858e-01 5.503230955183279205e-01 7.782234000786262262e-01 8.032913258318719052e-01 8.156622418716463763e-01 9.233967929403331665e-01 1.176522891800408255e+00 1.253562408835997122e+00 1.343872490471167858e+00 1.408631787903354526e+00 1.499515896611989696e+00 1.542168399078388985e+00 1.647171939141826469e+00 1.664206318924690953e+00 1.821959536639842225e+00 1.850488788181063216e+00 1.892367483904718428e+00 1.947573619706336467e+00 2.002321206190448954e+00 2.084950337676567234e+00 2.142973208436150134e+00 2.347144636264315132e+00 2.374033005842034250e+00 2.376318138391563028e+00 2.730770284255811919e+00 2.973008318812490280e+00 3.448396759297973624e+00 3.658454141518190372e+00 3.812254342389539641e+00
3.293849625772068412e-01 5.412596876224476938e-01 5.499171307886010496e-01 7.774471160114236890e-01 8.038327589607320300e-01 8.136660767954736473e-01 9.241962219182406901e-01 1.180555803216401189e+00 1.253567538420987670e+00 1.343494220688935537e+00 1.412848987997590955e+00 1.502700581018612702e+00 1.538744417000927456e+00 1.644344772653603792e+00 1.662162998765978950e+00 1.820441594891004655e+00 1.850360102493070036e+00 1.891799506853367951e+00 1.945302266352898934e+00 2.003500758709612750e+00 2.087854546872576211e+00 2.143863518315872962e+00 2.347886218094308752e+00 2.371549603045882471e+00 2.374794882283099984e+00 2.737818078756842688e+00 2.959117340879822144e+00 3.450360856287720157e+00 3.660744894787837378e+00 3.813881910028777078e+00
5.362389091005217434e-01 5.391189853087763328e-01 5.393752631465057457e-01 6.850217120234550761e-01 7.698560783364997162e-01 7.703064035026782053e-01 1.063414492886664675e+00 1.137242860446852744e+00 1.137587270622127722e+00 1.412206646417959011e+00 1.452823266117422740e+00 1.453013462965550673e+00 1.584546854476535982e+00 1.584758014863529185e+00 1.707573439487431344e+00 1.816899043241362088e+00 1.817393826109804822e+00 1.931753597589128013e+00 1.931985638553394891e+00 2.047953397133686071e+00 2.048670698328618034e+00 2.119847896754362804e+00 2.374611285419236939e+00 2.374639409717329563e+00 2.377020387056428152e+00 2.699233550955399519e+00 2.957158407265925604e+00 3.570124022185626522e+00 3.570383919373525394e+00 3.814867468865185351e+00
5.175408092189086595e-01 5.178373716714836927e-01 5.426768352580456645e-01 6.794377414303833795e-01 7.887590851546624204e-01 7.891808720832006463e-01 1.068746445455620142e+00 1.130140174908710771e+00 1.130485409852465484e+00 1.407012168198783497e+00 1.481969953503394777e+00 1.482204792594347120e+00 1.554829175805715780e+00 1.555096367415902403e+00 1.706497725009035404e+00 1.825166018294765546e+00 1.825637512299469689e+00 1.928574423873611776e+00 1.928801669733325452e+00 2.039904273406141222e+00 2.040606198976451235e+00 2.138304373114135792e+00 2.363051722682847355e+00 2.381638287081683902e+00 2.381681672914969905e+00 2.694899985191814729e+00 2.966149747993928720e+00 3.570101922186287080e+00 3.570362325414070614e+00 3.814690506429215588e+00
4.938089260748816378e-01 4.941466190904398315e-01 5.685338516589504287e-01 6.747339739174718076e-01 8.071414832238832382e-01 8.075406148710965182e-01 1.074091680767443213e+00 1.120601446251797473e+00 1.120951049949828526e+00 1.398436841800289931e+00 1.508047093387151927e+00 1.508336389384802523e+00 1.529057302067494017e+00 1.529413678014165390e+00 1.705099847534880864e+00 1.835073188987881965e+00 1.835514994861299654e+00 1.928483734207335099e+00 1.928705098839269549e+00 2.029356044807094417e+00 2.030034542323033264e+00 2.156507819232764689e+00 2.345677496979460042e+00 2.391237370197839329e+00 2.391298361507329773e+00 2.681450901070816073e+00 2.997419477315872438e+00 3.565769908383163322e+00 3.566031780175762833e+00 3.811035665702029007e+00
4.692349851429896690e-01 4.696273277904223775e-01 6.112195929734711708e-01 6.712614085069794623e-01 8.241244371986141681e-01 8.245084875557729953e-01 1.079061705108429914e+00 1.109219691266399188e+00 1.109579246482096604e+00 1.387102061714671430e+00 1.492750982514738034e+00 1.492990297481801010e+00 1.545625171246215679e+00 1.545875571395940673e+00 1.703487541938438765e+00 1.845726607227355709e+00 1.846131794355757139e+00 1.931954428919529843e+00 1.932172749325504979e+00 2.016914136860107565e+00 2.017566643327830977e+00 2.173374999466334945e+00 2.325870603970150885e+00 2.402604794209901140e+00 2.402693479282758560e+00 2.663585846734824347e+00 3.044826995961329441e+00 3.557388006212954146e+00 3.557652234222774545e+00 3.803701604838578998e+00
4.452801185939546103e-01 4.457372774829643225e-01 6.664644394480022660e-01 6.698294740810142311e-01 8.387934184368666113e-01 8.391712895223989443e-01 1.083293687493376289e+00 1.096918889064765423e+00 1.097306984029323029e+00 1.373623650366589288e+00 1.465747694927632017e+00 1.466055478626535180e+00 1.574481534295387508e+00 1.574779151146115996e+00 1.701788589123801820e+00 1.856285037339310273e+00 1.856648329227739147e+00 1.938776616948101328e+00 1.939004556664597922e+00 2.003421035939426442e+00 2.004048391362555304e+00 2.186622612476881944e+00 2.306020394613441660e+00 2.415015804209674766e+00 2.415140087332805496e+00 2.644964842956015083e+00 3.102589698750934044e+00 3.545479939602330433e+00 3.545747287655423019e+00 3.792427631659198273e+00
4.235675568147876935e-01 4.240958845473190020e-01 6.687164640842049312e-01 7.320345811982593709e-01 8.500816503559297521e-01 8.504627402056210705e-01 1.084821334298659012e+00 1.085041337302193876e+00 1.086994750498738505e+00 1.358443567289310483e+00 1.439905503103538820e+00 1.440253683053638767e+00 1.602814219997505507e+00 1.603144934183933223e+00 1.700141472089994776e+00 1.866202859849972695e+00 1.866522807098360603e+00 1.947392823235231774e+00 1.947645137620126476e+00 1.990436913032505251e+00 1.991030498984471819e+00 2.191220877637232611e+00 2.291522032075214099e+00 2.427814551605229632e+00 2.427978266472202051e+00 2.627588841750769344e+00 3.166186202548680217e+00 3.530828182804709670e+00 3.531099237834603333e+00 3.776979719666627933e+00
4.058122486347645608e-01 4.064126457550959470e-01 6.698443155216174949e-01 8.019468917055395663e-01 8.567926254813146292e-01 8.571846379143416295e-01 1.074869555749516481e+00 1.075196633682263370e+00 1.088628347982750766e+00 1.341753714465591329e+00 1.415966812629579019e+00 1.416344106772507550e+00 1.629812889627399120e+00 1.630167411349514817e+00 1.698684020416178386e+00 1.874992548242070622e+00 1.875267414545340960e+00 1.953004630286751642e+00 1.953221586651533892e+00 1.982525274721915309e+00 1.982965862815474045e+00 2.181082379611039457e+00 2.289115476910522862e+00 2.440354518783521609e+00 2.440557960775936674e+00 2.612411578381054422e+00 3.232000767210917225e+00 3.514460023528794164e+00 3.514735139331484071e+00 3.757238306607820544e+00
3.936461347129882049e-01 3.943123330823777306e-01 6.724322311034297561e-01 8.578651005172530652e-01 8.582726723188407458e-01 8.729204057073375322e-01 1.068145827324032293e+00 1.068501775799209019e+00 1.089187636832082529e+00 1.323559320663852068e+00 1.394203328784016538e+00 1.394601876092448567e+00 1.655233519401743347e+00 1.655603739530437490e+00 1.697540915045882004e+00 1.881429975964027390e+00 1.881645413731507066e+00 1.949217151587880448e+00 1.949425333407311500e+00 1.986296138866133099e+00 1.986431534528039000e+00 2.158103232584430486e+00 2.297819087812671857e+00 2.451926025505157369e+00 2.452166689912996134e+00 2.599835931840101644e+00 3.297034354526023225e+00 3.497616021566157585e+00 3.497895267632714411e+00 3.733284021912011141e+00
3.883536940507420487e-01 3.890716628676371691e-01 6.762909148130037407e-01 8.528801488062192071e-01 8.532987144611551278e-01 9.409333728502232708e-01 1.065685403379712515e+00 1.066056740150223003e+00 1.088278772282201379e+00 1.303960540663493095e+00 1.374781864120361519e+00 1.375195253153433939e+00 1.679036093950257325e+00 1.679415429914304703e+00 1.696811475423440685e+00 1.882712760764661875e+00 1.882832911496479689e+00 1.943465323991119043e+00 1.943668623919101002e+00 1.995914818764762177e+00 1.995961458822723023e+00 2.129430319430836605e+00 2.311593663125147913e+00 2.461710223784438156e+00 2.461983478452771656e+00 2.590002364015786096e+00 3.358699086385873223e+00 3.481688332985865664e+00 3.481971479971407657e+00 3.705529575011192733e+00
3.905935066149432422e-01 3.913430701019299796e-01 6.811452279391246867e-01 8.424000560475920496e-01 8.428252257601974717e-01 1.001351893799043324e+00 1.067444347260475102e+00 1.067820767823850492e+00 1.085924102282836978e+00 1.283892696484170814e+00 1.357849995355031369e+00 1.358272675338449531e+00 1.696558293458628519e+00 1.701262589069553188e+00 1.701648211139380695e+00 1.876095407836429141e+00 1.876155607550390458e+00 1.943181528930068902e+00 1.943312244052097570e+00 2.005783181892079270e+00 2.005871131550049480e+00 2.100171938363675217e+00 2.326552705129872223e+00 2.468798219820579121e+00 2.469097938638002976e+00 2.582954309633649803e+00 3.414373096038157751e+00 3.468115435714079986e+00 3.468402172566400044e+00 3.675101876196843254e+00
4.002358937896966506e-01 4.009944280364879932e-01 6.866531832243847333e-01 8.277736773509275503e-01 8.282017221968466236e-01 1.047393103398249758e+00 1.072605529327880447e+00 1.072962399121719645e+00 1.082280059789642479e+00 1.266877433676767639e+00 1.343579039735245395e+00 1.344005871833551913e+00 1.696804687142306589e+00 1.721921787534515635e+00 1.722313942689238209e+00 1.862851184134326488e+00 1.862971037992181778e+00 1.947801906434676766e+00 1.947892341141256534e+00 2.014434451702487028e+00 2.014536597996209544e+00 2.073483153488153707e+00 2.340800035623414210e+00 2.472298478347736861e+00 2.472617569572443941e+00 2.578718156783886606e+00 3.458227357825529591e+00 3.458477506505553301e+00 3.459940159475607846e+00 3.645240832760538563e+00
4.164086797210293511e-01 4.171552284445608771e-01 6.924210009776254893e-01 8.105902482264469855e-01 8.110202225167232326e-01 1.068362017799894481e+00 1.077283977472952348e+00 1.080122309714605544e+00 1.080722393266156711e+00 1.261075387053416597e+00 1.332185024941547224e+00 1.332610762380474156e+00 1.697525763264917664e+00 1.740885234795897629e+00 1.741291933050595819e+00 1.846084179345089948e+00 1.846248492161162380e+00 1.954139707001610216e+00 1.954238213847271366e+00 2.021568392414390569e+00 2.021658280908566585e+00 2.051484966903695195e+00 2.353413836771772072e+00 2.471520594890181055e+00 2.471851293437295372e+00 2.577316529602833750e+00 3.453057458572720950e+00 3.453344168275771953e+00 3.485091133910590777e+00 3.625675021940049092e+00
