-1.942394340860225666e-01
-1.737268154920041385e-01
-1.532141968979856828e-01
-1.327015783039672825e-01
-1.121889597099488406e-01
-9.167634111593041257e-02
-7.116372252191198455e-02
-5.065110392789354266e-02
-3.013848533387512157e-02
-9.625866739856702228e-03
1.088675185416174487e-02
3.139937044818016249e-02
5.191198904219858357e-02
7.242460763621702546e-02
9.293722623023548124e-02
1.134498448242538676e-01
1.339624634182723095e-01
1.544750820122907653e-01
1.749877006063091656e-01
1.955003192003275936e-01
2.160129377943460494e-01
2.365255563883644219e-01
2.570381749823829054e-01
2.775507935764013334e-01
2.980634121704197059e-01
3.185760307644381895e-01
3.390886493584566175e-01
3.596012679524749900e-01
3.801138865464934735e-01
4.006265051405119015e-01
4.211391237345302740e-01
4.416517423285487576e-01
4.621643609225671856e-01
4.826769795165855581e-01
5.031895981106040416e-01
5.237022167046224697e-01
5.442148352986408977e-01
5.647274538926593257e-01
5.852400724866777537e-01
6.057526910806961817e-01
6.262653096747146098e-01
6.467779282687330378e-01
6.672905468627514658e-01
6.878031654567698938e-01
7.083157840507883218e-01
7.288284026448067499e-01
7.493410212388251779e-01
7.698536398328437169e-01
7.903662584268620339e-01
8.108788770208804619e-01
8.313914956148990010e-01
8.519041142089173180e-01
8.724167328029357460e-01
8.929293513969542850e-01
9.134419699909726020e-01
9.339545885849910301e-01
9.544672071790096801e-01
9.749798257730279971e-01
9.954924443670464251e-01
1.016005062961064853e+00
1.036517681555083170e+00
1.057030300149101709e+00
1.077542918743120248e+00
1.098055537337138565e+00
1.118568155931157104e+00
1.139080774525175421e+00
1.159593393119193738e+00
1.180106011713212277e+00
1.200618630307230816e+00
1.221131248901249133e+00
1.241643867495267672e+00
1.262156486089286211e+00
1.282669104683304306e+00
1.303181723277322845e+00
1.323694341871341384e+00
1.344206960465359701e+00
1.364719579059378241e+00
1.385232197653396780e+00
1.405744816247414875e+00
1.426257434841433414e+00
1.446770053435451953e+00
1.467282672029470270e+00
1.487795290623488809e+00
1.508307909217507348e+00
1.528820527811525443e+00
1.549333146405543982e+00
1.569845764999562521e+00
1.590358383593580838e+00
1.610871002187599377e+00
1.631383620781617916e+00
1.651896239375636011e+00
1.672408857969654550e+00
1.692921476563673089e+00
1.713434095157691406e+00
1.733946713751710167e+00
1.754459332345728484e+00
1.774971950939746579e+00
1.795484569533765340e+00
1.815997188127783657e+00
1.836509806721801974e+00
1.857022425315820735e+00
1.877535043909839052e+00
1.898047662503857147e+00
1.918560281097875686e+00
1.939072899691894003e+00
1.959585518285912320e+00
1.980098136879931081e+00
2.000610755473949176e+00
2.021123374067967493e+00
2.041635992661986254e+00
2.062148611256004571e+00
2.082661229850022888e+00
2.103173848444041649e+00
2.123686467038059966e+00
2.144199085632078283e+00
2.164711704226097044e+00
2.185224322820115361e+00
2.205736941414133678e+00
2.226249560008151995e+00
2.246762178602170312e+00
2.267274797196188629e+00
2.287787415790207390e+00
2.308300034384225707e+00
2.328812652978244024e+00
2.349325271572262785e+00
2.369837890166281102e+00
2.390350508760299419e+00
2.410863127354318181e+00
2.431375745948336498e+00
2.451888364542354815e+00
2.472400983136373132e+00
2.492913601730391449e+00
2.513426220324409766e+00
2.533938838918428527e+00
2.554451457512446844e+00
2.574964076106465161e+00
2.595476694700483922e+00
2.615989313294502239e+00
2.636501931888520556e+00
2.657014550482539317e+00
2.677527169076557634e+00
2.698039787670575951e+00
2.718552406264594268e+00
2.739065024858612585e+00
2.759577643452630902e+00
2.780090262046649663e+00
2.800602880640667980e+00
2.821115499234686297e+00
2.841628117828705058e+00
2.862140736422723375e+00
2.882653355016741692e+00
2.903165973610760453e+00
2.923678592204778770e+00
2.944191210798797087e+00
2.964703829392815404e+00
2.985216447986833721e+00
3.005729066580852038e+00
3.026241685174870799e+00
3.046754303768889116e+00
3.067266922362907433e+00
3.087779540956926194e+00
3.108292159550944511e+00
3.128804778144962828e+00
3.149317396738981589e+00
3.169830015332999906e+00
3.190342633927018223e+00
3.210855252521036984e+00
3.231367871115054857e+00
3.251880489709073174e+00
3.272393108303091935e+00
3.292905726897110252e+00
3.313418345491128569e+00
3.333930964085147330e+00
3.354443582679165647e+00
3.374956201273183964e+00
3.395468819867202726e+00
3.415981438461221043e+00
3.436494057055239359e+00
3.457006675649258121e+00
3.477519294243275993e+00
3.498031912837294310e+00
3.518544531431313072e+00
3.539057150025331389e+00
3.559569768619349706e+00
3.580082387213368467e+00
3.600595005807387228e+00
3.621107624401405101e+00
3.641620242995423862e+00
3.662132861589442623e+00
3.682645480183460496e+00
3.703158098777479257e+00
3.723670717371497574e+00
3.744183335965515447e+00
3.764695954559534208e+00
3.785208573153553413e+00
3.805721191747571286e+00
3.826233810341590047e+00
3.846746428935608808e+00
3.867259047529626681e+00
3.887771666123645442e+00
