-7.563444796618736638e-05 -2.148033374548002786e-05 -1.519134973944068379e-08 7.673300592593070846e-01 7.673516320140909563e-01 8.186727889401500535e-01 8.791124694733692957e-01 9.328087962534853395e-01 9.328148471681363407e-01 1.097573116205567745e+00 1.097607509062192177e+00 1.098225651736137287e+00 1.233876490200504827e+00 1.393013396280471827e+00 1.393041535527711705e+00 1.403535049811471147e+00 1.506805987233572175e+00 1.600978140881350376e+00 1.600984156716511064e+00 1.719902848907245652e+00 1.842618551125130510e+00 1.885924525086743131e+00 1.885925975494487483e+00 2.525495961361675423e+00 2.525495961624927954e+00 2.861464983199894618e+00 3.714127149538066774e+00 5.223523422304174879e+00 5.223523423426857271e+00 5.229756092391491862e+00
-4.402980102291566972e-02 5.034436553884354820e-02 1.393607267791021342e-01 7.654707337193593641e-01 7.681910906646813864e-01 8.116582611556004689e-01 8.775078516392468275e-01 9.308335884696810059e-01 9.408516352454610043e-01 1.087994408300416938e+00 1.098097132735074144e+00 1.112325024160721654e+00 1.230233779334811040e+00 1.386594075959411088e+00 1.392087217624981665e+00 1.413423520338738193e+00 1.505559365996178123e+00 1.601089376119885221e+00 1.604382293334439380e+00 1.717267562874281062e+00 1.839288268096249013e+00 1.885589041666827281e+00 1.888024842563640782e+00 2.525468177029699834e+00 2.530026981766137162e+00 2.860265036956874063e+00 3.713424923607969941e+00 5.215611174032540376e+00 5.224058637475677003e+00 5.240312023122931429e+00
4.907162090275287575e-02 1.004774482972686234e-01 2.585838101225689800e-01 7.633621839385510421e-01 7.696747755745921848e-01 7.956094038534998747e-01 8.736047492078909960e-01 9.249576492362885372e-01 9.600721636912169510e-01 1.084621446300691794e+00 1.099532424493456562e+00 1.128556136354912587e+00 1.220766708057136718e+00 1.378376186271770276e+00 1.389212075983730532e+00 1.429525824340199147e+00 1.501850154841106066e+00 1.601466048885795912e+00 1.614293632870149597e+00 1.708225827862898116e+00 1.831366753193887309e+00 1.884656203618499726e+00 1.893910585369392496e+00 2.525390145597379288e+00 2.542731567706810747e+00 2.856777226995927954e+00 3.711411231456329674e+00 5.208098164255580365e+00 5.225640967003423398e+00 5.255619501953201933e+00
1.095836139237000989e-01 1.501747533003879309e-01 3.763689995071255456e-01 7.633193421971228299e-01 7.683694171990326227e-01 7.843965551355961408e-01 8.683615901893571021e-01 9.162094138057265136e-01 9.839365455912870706e-01 1.088809532528666857e+00 1.101668503316966863e+00 1.142251933383957363e+00 1.210027239799923215e+00 1.369708288732957024e+00 1.384247362997725217e+00 1.445507144002277089e+00 1.495781054066097626e+00 1.602250479648463122e+00 1.629474835494073348e+00 1.690178345766950363e+00 1.823748480762434676e+00 1.883339165266092019e+00 1.902759096535603156e+00 2.525276727480411321e+00 2.561270766050504299e+00 2.851337913212107722e+00 3.708347515551480011e+00 5.203513493364569698e+00 5.228201475358237538e+00 5.272743867348880897e+00
1.725296564031808810e-01 1.991888654847562001e-01 4.877518067879942354e-01 7.434476814165202896e-01 7.855232908503323452e-01 7.857413222471643088e-01 8.628178939087554067e-01 9.075767010928025291e-01 1.009054300212782751e+00 1.099733179982862241e+00 1.104218116550818918e+00 1.145942040612205171e+00 1.206895994486613333e+00 1.359600638962453756e+00 1.376966464361451870e+00 1.458600708645994892e+00 1.487550861526753865e+00 1.603625510405401799e+00 1.644240363092332124e+00 1.665033529757626862e+00 1.820803011607682320e+00 1.881944131884049964e+00 1.913606275883927621e+00 2.525149276368055862e+00 2.582587216581100797e+00 2.844503465807495246e+00 3.704613156227275717e+00 5.201959660028856014e+00 5.231628582651863368e+00 5.290924238275231062e+00
2.442066172354847020e-01 2.472441681417844594e-01 5.870179716446298768e-01 7.214291714203706629e-01 7.875451610747651321e-01 8.136537762715881916e-01 8.589508570283372890e-01 9.043019065598162376e-01 1.033701980197525128e+00 1.106984362789191323e+00 1.109711095254934055e+00 1.143720772920555628e+00 1.215629734611009427e+00 1.347553813629508435e+00 1.367129424088263656e+00 1.467933712965898252e+00 1.477470601542374862e+00 1.605761253508960928e+00 1.617776052998371128e+00 1.673157779932672229e+00 1.823681083296136984e+00 1.880806975352580235e+00 1.925341354558828044e+00 2.525031384722475458e+00 2.603611284398751557e+00 2.837023707737024836e+00 3.700629801404710317e+00 5.203364934793897056e+00 5.235772888841547790e+00 5.309357005122129713e+00
2.940350065341448271e-01 3.227918125155576634e-01 6.646681977722184165e-01 7.003238303958801980e-01 7.847012863894673451e-01 8.476457707737314884e-01 8.592990266978127734e-01 9.126296277007955871e-01 1.056566492378455457e+00 1.101046680080348672e+00 1.110153726065622015e+00 1.161804310785109928e+00 1.229244002692961857e+00 1.333849167233658539e+00 1.354582565498312130e+00 1.465947900108120150e+00 1.473121898196524393e+00 1.575777565759859389e+00 1.608762453232852163e+00 1.692840836206366495e+00 1.831262031258919176e+00 1.880220702584377124e+00 1.936825767746047422e+00 2.524944385006023584e+00 2.621744372167298831e+00 2.829758901795986770e+00 3.696776936104813505e+00 5.207593461040071148e+00 5.240453639818208664e+00 5.327145730864981665e+00
3.392236009775980166e-01 4.038949625229523166e-01 6.809520374267216125e-01 7.084989192389821167e-01 7.756901726403946373e-01 8.647413335175482274e-01 8.877108972392765418e-01 9.294770646562503513e-01 1.075719790060924774e+00 1.089933329930930395e+00 1.114961461745531013e+00 1.189314473768333213e+00 1.244379634953434177e+00 1.321055298472950001e+00 1.339398856316181829e+00 1.453431248664371678e+00 1.470183055767487090e+00 1.541277574444053222e+00 1.612630911048779758e+00 1.711954222254554292e+00 1.842065962840417681e+00 1.880372182587184415e+00 1.947103492603971198e+00 2.524903539253053886e+00 2.635169288602171811e+00 2.823499971690618615e+00 3.693322026254187485e+00 5.214497578756768448e+00 5.245466563328253784e+00 5.343328334376203692e+00
3.824329090324704028e-01 4.830722130821896165e-01 6.636970356165643459e-01 7.201445715323172569e-01 7.617634604715552982e-01 8.737096931659470433e-01 9.266568877861272036e-01 9.394883155498292560e-01 1.088036770207667647e+00 1.096666179593045465e+00 1.124108474215019138e+00 1.200497492602371485e+00 1.266397774668559295e+00 1.317298930339084295e+00 1.322036079414693477e+00 1.440338291954862626e+00 1.451306894326124475e+00 1.531762290758749812e+00 1.617248349871011737e+00 1.729697444880155643e+00 1.855148983819476127e+00 1.881305087367088458e+00 1.955604283923531028e+00 2.524915595885184327e+00 2.643066773308865525e+00 2.818707968312470502e+00 3.690387401887323282e+00 5.223939624810610027e+00 5.250592743294256515e+00 5.356940526898858579e+00
4.232301007124719128e-01 5.562812642224195248e-01 6.487878233904669223e-01 7.144975254765759676e-01 7.448332824289022325e-01 8.841106243100287365e-01 9.255739586479987402e-01 9.531619413564300647e-01 1.093115439004503475e+00 1.127223723928950871e+00 1.137685989885928173e+00 1.187611063193932948e+00 1.290334717940169851e+00 1.303484725568493596e+00 1.331164832243610929e+00 1.427016720541296690e+00 1.428540357743086631e+00 1.543742449263711958e+00 1.622380214851244951e+00 1.745448335986567123e+00 1.870579009233318324e+00 1.882917812763269305e+00 1.962265800471667099e+00 2.524978027210731835e+00 2.645671166743690517e+00 2.815333995543877865e+00 3.687964182281293635e+00 5.235777530608368480e+00 5.255608154759926265e+00 5.367103922141041039e+00
4.610972500421894327e-01 6.171607502034068826e-01 6.363866800554544012e-01 7.037988622241623249e-01 7.264273660542160949e-01 8.943329838568284673e-01 9.059604366751793370e-01 9.488061865149507446e-01 1.094616959887004359e+00 1.143951275338221274e+00 1.151588268211906518e+00 1.189339467844064524e+00 1.285416273478486193e+00 1.311645249391325319e+00 1.350283729215775663e+00 1.413771465283579110e+00 1.418373145184252282e+00 1.565893921069104078e+00 1.627697635055326941e+00 1.757499866137967270e+00 1.884993012947611346e+00 1.889604863011165037e+00 1.967538333925867633e+00 2.525079899577460374e+00 2.644031876577889850e+00 2.812927758242770082e+00 3.685965547849725077e+00 5.249817839688742716e+00 5.260293449641479491e+00 5.373122159522384145e+00
4.953839906369064683e-01 6.266256728320145353e-01 6.427396684415458417e-01 7.077310889028537444e-01 7.098586223589312683e-01 8.857921278892703087e-01 9.032293169504398422e-01 9.259059144568078104e-01 1.095301004315028193e+00 1.126495157909473077e+00 1.162119535105721413e+00 1.216448294126070584e+00 1.270317049235402562e+00 1.333650436229531167e+00 1.365875933707670908e+00 1.400953790108782737e+00 1.425784832446576056e+00 1.590564774968216799e+00 1.632812832522358093e+00 1.763085084187149709e+00 1.887245946044282086e+00 1.913289676224445568e+00 1.972344914029463769e+00 2.525204052514151254e+00 2.639580876285765321e+00 2.810984371495516942e+00 3.684296243397305659e+00 5.264443567571594151e+00 5.265750923854102261e+00 5.374566748395229965e+00
5.252193830795736096e-01 6.196329414708701133e-01 6.239434341086922409e-01 6.897653222343315127e-01 7.363581445742276577e-01 8.721754150849955201e-01 9.014411655363094855e-01 9.100603724295858177e-01 1.096575807155008908e+00 1.107312599279438814e+00 1.166538971534079483e+00 1.231633122272447922e+00 1.261028477681450211e+00 1.339085811035114704e+00 1.389091545195628052e+00 1.396761692870887472e+00 1.444766512452640317e+00 1.611699652866854127e+00 1.637322394222892497e+00 1.760523528082860611e+00 1.889376397970089494e+00 1.938869901027044040e+00 1.978478972469865482e+00 2.525330106281072684e+00 2.633809067277671723e+00 2.809236813722965742e+00 3.682909465458338971e+00 5.267876748100579043e+00 5.283087804841025914e+00 5.371339554774837488e+00
5.493026888563167232e-01 5.931718716731014807e-01 6.155716268647327682e-01 6.736114638134679256e-01 7.505245570713922065e-01 8.578862685962773682e-01 9.004643935406158040e-01 9.145644446212299883e-01 1.088527561223822770e+00 1.098927568302330959e+00 1.164508964319042272e+00 1.237608220358130007e+00 1.258394062257317980e+00 1.337008232940942065e+00 1.379038132309052367e+00 1.422482425423539087e+00 1.474436758641838763e+00 1.626383673066917890e+00 1.640852677750800348e+00 1.751352508219342852e+00 1.891112800147197737e+00 1.957600937880266789e+00 1.989563478395630858e+00 2.525437771317373681e+00 2.628171458476238787e+00 2.807720071719510990e+00 3.681828614227326213e+00 5.270442541575529383e+00 5.301107087334862022e+00 5.363715187241937521e+00
5.655217313156409853e-01 5.668898280413534607e-01 6.144648956001367290e-01 6.610589985828685400e-01 7.530691971274325880e-01 8.440775389598532685e-01 9.167784882347156383e-01 9.169609800874374272e-01 1.072081310031506307e+00 1.101688397001671316e+00 1.159730364201047248e+00 1.239643823054152660e+00 1.259480001115223846e+00 1.334897030822207231e+00 1.372050054883764414e+00 1.434265071580870021e+00 1.504292162669298660e+00 1.634318994360802524e+00 1.643101924564349670e+00 1.740632485573295973e+00 1.892243498681427827e+00 1.965204744344866361e+00 2.003255938421147242e+00 2.525509968947172723e+00 2.624048159898413779e+00 2.806654405359144899e+00 3.681127583340733977e+00 5.272028456380596140e+00 5.318717818769195915e+00 5.352468220227605045e+00
5.565651850437625114e-01 5.713019037294063684e-01 6.147967152244480094e-01 6.558515085234999376e-01 7.529470275164416027e-01 8.389785607799900014e-01 9.176867183305902342e-01 9.256103931234896942e-01 1.064824639274938534e+00 1.103019273623414342e+00 1.157323559240127642e+00 1.240113965497503745e+00 1.260385297325566034e+00 1.334113722739544539e+00 1.369503695479890260e+00 1.437653165343540929e+00 1.516709329913316529e+00 1.636634845293956086e+00 1.643874285782475297e+00 1.735697385092446865e+00 1.892635472377266037e+00 1.967020341171959341e+00 2.009155929092946824e+00 2.525535357762211053e+00 2.622530363969723943e+00 2.806267942735383603e+00 3.680883180738605986e+00 5.272564938824801928e+00 5.331013585702261359e+00 5.342314920470182749e+00
5.527039142564382779e-01 5.935122380332756853e-01 6.144564082160693941e-01 6.508581338042267461e-01 7.553560205501593794e-01 8.416803479310535074e-01 8.943956024669157401e-01 9.510568098956007077e-01 1.051150466371035153e+00 1.097089868976757421e+00 1.173716174920055977e+00 1.243673334938361075e+00 1.261658816481101564e+00 1.335901767780541594e+00 1.370904030047523925e+00 1.434823238779016075e+00 1.511313510089614232e+00 1.614068819429495871e+00 1.666026229191231334e+00 1.732662955957300355e+00 1.895090300353476032e+00 1.965307096092921535e+00 1.992617959114463710e+00 2.539576017227068050e+00 2.622680584580742380e+00 2.806926371553993604e+00 3.680833221494530072e+00 5.274079940318335602e+00 5.330142992719626882e+00 5.341180042638003833e+00
5.445828035086019980e-01 6.105502611837750893e-01 6.353510165870052129e-01 6.533752982663436626e-01 7.588737498181873375e-01 8.535443241261505554e-01 8.748259788759350508e-01 9.713064767098935626e-01 1.028856168824923145e+00 1.084134110801947326e+00 1.202523385355751540e+00 1.245447910412849968e+00 1.272957703898015325e+00 1.338864025943357960e+00 1.374740931399905719e+00 1.428731937820840958e+00 1.495849638072638932e+00 1.589090982678121877e+00 1.688350402218360857e+00 1.723623682051619976e+00 1.900033328862298143e+00 1.948373963117860486e+00 1.963990947031645007e+00 2.573604062682401050e+00 2.624094155266186501e+00 2.809219631627776881e+00 3.680676841273619271e+00 5.279302040684819453e+00 5.327306278748681123e+00 5.337814734588425480e+00
5.431073739146530244e-01 6.047911261220398904e-01 6.258632073353815883e-01 6.958512838997594763e-01 7.591889517004863919e-01 8.617832558258710085e-01 8.706379068741183502e-01 9.666873021712768521e-01 1.028239393665790757e+00 1.078330777211568892e+00 1.212708821010200166e+00 1.246452411686905570e+00 1.282737382924102443e+00 1.338945792985877237e+00 1.378042352840859408e+00 1.425750703258628960e+00 1.480096099277604882e+00 1.575948945097123799e+00 1.696277326274800767e+00 1.718704040747175865e+00 1.897109441697976795e+00 1.923582674212289456e+00 1.960009629449976476e+00 2.593225220521670149e+00 2.627857672082394735e+00 2.811655619249695093e+00 3.680635406441585822e+00 5.283849321038881719e+00 5.317859082481453115e+00 5.341314886672058115e+00
5.465448597165977196e-01 5.932771326942044565e-01 6.252878251444146107e-01 7.363957394376468013e-01 7.598491204967757762e-01 8.526922557758292998e-01 8.902610740553307256e-01 9.477558698580664798e-01 1.039466926709499361e+00 1.076546642728512637e+00 1.213900263349812825e+00 1.251170403468113923e+00 1.290943964120560228e+00 1.335963277627213452e+00 1.381928426806407151e+00 1.424171670794143418e+00 1.459799261307116014e+00 1.562889882393845520e+00 1.697820256082235302e+00 1.716508587965704935e+00 1.868000922368123762e+00 1.914797287998744268e+00 1.955687791977127388e+00 2.608222051923899887e+00 2.637050781483761597e+00 2.815429668868296709e+00 3.680691625148342361e+00 5.289360541910976821e+00 5.304574400953359969e+00 5.346306298695441939e+00
5.515381060509477740e-01 5.803947703538753222e-01 6.309373709523435902e-01 7.425549133445292771e-01 7.855967056886128397e-01 8.462496410442725825e-01 9.101403496737797694e-01 9.343966440275330854e-01 1.046427794161351121e+00 1.084310317077263885e+00 1.207624259218763596e+00 1.257457626752631619e+00 1.292840978102197225e+00 1.330208476255339223e+00 1.385256089580519046e+00 1.421940252205304844e+00 1.446873164496706998e+00 1.550302870569817415e+00 1.692532415252779421e+00 1.715247849174516004e+00 1.822789666985589863e+00 1.913457476620171516e+00 1.951238932407340476e+00 2.617354182866160617e+00 2.650771560528807580e+00 2.820658091854106875e+00 3.680770798156947521e+00 5.288375663036312346e+00 5.298668522547206550e+00 5.349687214432992555e+00
5.558047735361124619e-01 5.707854110437525774e-01 6.364365697634184471e-01 7.287736957978088181e-01 8.095674766295889446e-01 8.541254071341644050e-01 8.983346185719368604e-01 9.624751508323442506e-01 1.046603928865548649e+00 1.099524741193285138e+00 1.197875528935236078e+00 1.262843360085397437e+00 1.282753078498352961e+00 1.326851680693775570e+00 1.386494712310488930e+00 1.418966529240180741e+00 1.446721999560401484e+00 1.538742656956281873e+00 1.682065948675932843e+00 1.710960689695215420e+00 1.773886221809282127e+00 1.909151863672905458e+00 1.948613564470411674e+00 2.623599556146706924e+00 2.664215563947459842e+00 2.827275650411010588e+00 3.680797348981839523e+00 5.275286040776175689e+00 5.306359566506410275e+00 5.351349630796566004e+00
5.551314746529392163e-01 5.705629852272365854e-01 6.356435794239275738e-01 7.095625713532298651e-01 8.172139332117873689e-01 8.691733178852514285e-01 8.909641638646098594e-01 1.002710559792602263e+00 1.045510987005290771e+00 1.114886518805547455e+00 1.187657799707981576e+00 1.260419604779450253e+00 1.272026077475644446e+00 1.326645838220096296e+00 1.386930002713076204e+00 1.420617741177795601e+00 1.450103332089460739e+00 1.528547365909112221e+00 1.665890679631412574e+00 1.694872395338140603e+00 1.735057579152078810e+00 1.900967958322852036e+00 1.948530481209733933e+00 2.628495781952650656e+00 2.674391631505097067e+00 2.834959526997334667e+00 3.680698683716013164e+00 5.262236103144722676e+00 5.315568096467846004e+00 5.351517669326811166e+00
5.515838998741264820e-01 5.781592784892879422e-01 6.262530092825785433e-01 6.904621806124904282e-01 8.184310546360228367e-01 8.650626624941752940e-01 9.083283918742877106e-01 1.035149961768872640e+00 1.050028696198298306e+00 1.129778196752552866e+00 1.179886746534591691e+00 1.241834138510209407e+00 1.279356432655242903e+00 1.327147220651635706e+00 1.389071775048026147e+00 1.424201466950278272e+00 1.451918355651232284e+00 1.519500086825369189e+00 1.632580241466906168e+00 1.669653093053773407e+00 1.720637301163235211e+00 1.891375111572792811e+00 1.949633208128150441e+00 2.632170889700329308e+00 2.680132191841663403e+00 2.843133487009386062e+00 3.680408242422505527e+00 5.250195754861239905e+00 5.325100717226502134e+00 5.350513569293569915e+00
5.500766298618272598e-01 5.857933024263329846e-01 6.127103178058567190e-01 6.762563867036244236e-01 8.130265044640723193e-01 8.631780434465451401e-01 9.245687002805100807e-01 1.042016539746565496e+00 1.065825505480893831e+00 1.149173393215297212e+00 1.177787619175183043e+00 1.226424871054601740e+00 1.290140270907218278e+00 1.327621933571202062e+00 1.393501485122183858e+00 1.426703634791817832e+00 1.451574901431347486e+00 1.511133495050243747e+00 1.584781224626738982e+00 1.655858121484253598e+00 1.714796185525004457e+00 1.883090308604118857e+00 1.950507687305907289e+00 2.634432834724893091e+00 2.681001748818780062e+00 2.851061739475261536e+00 3.679873883404662038e+00 5.239523767907501295e+00 5.334247298011881355e+00 5.348680718155645053e+00
5.495887508963748225e-01 5.837141968554676597e-01 6.094074136006550901e-01 6.681173564119584629e-01 8.050573961203522089e-01 8.624198026170062370e-01 9.337843911940911790e-01 1.046081139397549542e+00 1.068535966388659331e+00 1.162923493620235282e+00 1.188744817383499131e+00 1.215340745093484554e+00 1.301192155140867390e+00 1.327684369323180125e+00 1.400813440192685499e+00 1.426662546591512593e+00 1.449500727628291408e+00 1.504523245888465643e+00 1.543866052925951804e+00 1.648179710223679706e+00 1.711241904482093901e+00 1.877851038977569997e+00 1.950390104256091828e+00 2.635094017905576180e+00 2.676940131634325759e+00 2.857978850448227082e+00 3.679075097013078111e+00 5.230526958702368390e+00 5.341813039122325080e+00 5.346900483912292223e+00
5.437129819975442535e-01 5.804089798794807020e-01 6.169617182745488204e-01 6.644580133530880728e-01 7.999205323468483453e-01 8.581956988914480888e-01 9.367210117804362079e-01 1.046757155100338732e+00 1.067168335913756483e+00 1.165118157013264710e+00 1.200026539929784697e+00 1.208876005808368070e+00 1.309874850819449099e+00 1.327210895284646863e+00 1.408499045694654006e+00 1.423908726058524588e+00 1.445238695371062088e+00 1.504186801777622984e+00 1.525103521019239849e+00 1.644862607608758465e+00 1.708971385865225345e+00 1.876326918203256255e+00 1.948991831394934149e+00 2.633950928794640767e+00 2.668246173480345984e+00 2.863202777814521482e+00 3.678046923670085455e+00 5.223547679010704492e+00 5.341417693477924722e+00 5.351297441060008708e+00
5.455938782761071693e-01 5.855013069319888741e-01 6.037507717068253399e-01 6.642951008098556542e-01 8.268952141766020558e-01 8.631402585059962940e-01 9.292005285570302808e-01 1.033191579613160993e+00 1.063571443410793238e+00 1.168709452401759608e+00 1.204467518063519593e+00 1.236579808901349331e+00 1.310605741132943258e+00 1.318989989203206425e+00 1.392818835551233425e+00 1.420129035820191454e+00 1.453936112219654797e+00 1.504251594769268285e+00 1.513016225030588746e+00 1.644157930020157865e+00 1.712642593295664595e+00 1.871702053876208804e+00 1.953169661590241635e+00 2.636944692585653005e+00 2.678829340774628420e+00 2.846276023448941928e+00 3.679205368360717987e+00 5.221170341674728377e+00 5.340170895638224557e+00 5.346056442840313672e+00
5.188714467745261238e-01 5.794317509214736983e-01 5.932014379880277133e-01 6.839436569200080251e-01 8.316527190883439280e-01 8.788129181661142875e-01 9.232319459025525310e-01 1.007766165869129926e+00 1.057956419914597879e+00 1.150469096351198095e+00 1.215637659133932846e+00 1.254721634733110713e+00 1.298485215564546325e+00 1.312982253570752711e+00 1.382803509672994036e+00 1.415861307558477611e+00 1.465509203041784225e+00 1.504656136425891244e+00 1.529956332574089251e+00 1.644412312363929596e+00 1.714585951136547770e+00 1.869392272722031789e+00 1.954655057144380148e+00 2.636617265213747174e+00 2.685505835189751611e+00 2.830779513624831267e+00 3.680792196204857980e+00 5.219164356368789726e+00 5.331110183804320890e+00 5.344317203012905360e+00
4.709568974095672544e-01 5.550028985347381649e-01 6.034144987894161094e-01 7.069729798662419684e-01 8.227045569541051595e-01 8.892229872408318192e-01 9.202164083008509410e-01 9.759383979803963882e-01 1.051813665021620992e+00 1.127277910164852903e+00 1.216996518364627189e+00 1.247929458561010563e+00 1.289836213750323646e+00 1.309493252571263255e+00 1.379918204030668116e+00 1.416168566880383617e+00 1.473214384082064621e+00 1.520838918105338999e+00 1.557131864476238636e+00 1.644853885699828044e+00 1.714021774913872420e+00 1.870147120946871411e+00 1.953277357210792209e+00 2.632624474575222084e+00 2.685838488189942641e+00 2.819319253469478426e+00 3.682886582425305200e+00 5.217260252440789614e+00 5.320504051820868163e+00 5.340261835541479485e+00
4.169034976401909121e-01 5.217944602540492971e-01 6.188789555977286527e-01 7.267574497136680689e-01 8.052703884242004007e-01 8.730862780762712605e-01 9.176300269395670783e-01 9.566721539758737958e-01 1.048503006739351706e+00 1.103691048364714877e+00 1.198585604626878132e+00 1.226459661065934847e+00 1.287376703813469581e+00 1.308887396007822668e+00 1.384257251870623318e+00 1.421514389600273098e+00 1.477025121553621423e+00 1.546846798514197152e+00 1.589422813823507141e+00 1.644792578336387923e+00 1.710795796216596498e+00 1.873888401519155478e+00 1.949223307334012389e+00 2.624794363498463401e+00 2.677940860478579932e+00 2.814189709733750266e+00 3.685568338769118490e+00 5.215216406988430364e+00 5.309404729559275005e+00 5.333394116947608232e+00
3.614985919909663448e-01 4.840237693815852005e-01 6.338626645840225171e-01 7.361325135421727950e-01 7.800867387018487475e-01 8.378523772133665837e-01 9.135033975001033424e-01 9.508901478782555428e-01 1.051163909561358301e+00 1.082993565724960305e+00 1.166065412692205205e+00 1.202943775603134258e+00 1.283763428718938338e+00 1.309309800622823650e+00 1.392973819746394559e+00 1.430283000286986184e+00 1.479029419055609251e+00 1.575854923824470566e+00 1.620885143895353764e+00 1.645317815624441238e+00 1.706180618477205035e+00 1.879545327034195301e+00 1.942995509928393760e+00 2.613412866416217284e+00 2.662223229947656478e+00 2.815452556608208035e+00 3.688865241754408775e+00 5.212948310251278805e+00 5.298073120600436781e+00 5.324009173781004023e+00
3.066549534599681270e-01 4.433146781075762988e-01 6.372710609760465772e-01 7.089779926793908782e-01 7.748870526383785373e-01 8.123286107323566263e-01 9.090790280859233352e-01 9.395835344196604710e-01 1.052828626451988603e+00 1.075860729290832429e+00 1.131147628570389196e+00 1.178762812847450325e+00 1.270293552787328917e+00 1.316737245145506829e+00 1.401661629799695108e+00 1.440579858136466385e+00 1.479821190596356528e+00 1.603753410220689402e+00 1.633859751004944405e+00 1.656484639494684163e+00 1.706345092513328554e+00 1.885332153128163712e+00 1.935372134035328040e+00 2.599294442815826223e+00 2.641197206468925085e+00 2.821106028715290037e+00 3.692710838471613410e+00 5.210608386771703238e+00 5.286534465742144917e+00 5.312611397146607572e+00
2.530427455734948761e-01 3.994894394830713069e-01 5.902814842783868921e-01 6.986476578748187505e-01 7.731077330242367429e-01 8.099178032001835836e-01 9.046107067787109157e-01 9.190015617952620453e-01 1.044649432828385960e+00 1.084365343400320647e+00 1.104748433803879770e+00 1.155397344057595532e+00 1.251517195822532624e+00 1.327744829052574405e+00 1.407582921511809859e+00 1.449903785178907167e+00 1.480103282436280976e+00 1.623546822128922207e+00 1.635257012477602245e+00 1.662728227945586168e+00 1.724254484695155076e+00 1.889301764995526822e+00 1.927363995348393644e+00 2.583674348531740161e+00 2.617665679059182793e+00 2.828928890448347389e+00 3.696930200155660096e+00 5.208571033186244037e+00 5.274742474333507403e+00 5.299823585522861258e+00
2.000527772789941483e-01 3.509363439482860447e-01 5.079528764323302248e-01 7.128569582125822146e-01 7.647639292359698082e-01 8.243424011968115694e-01 8.855719576698186657e-01 9.085362674927296434e-01 1.031113970401961399e+00 1.074710132566138343e+00 1.110359423376695354e+00 1.136770279462252731e+00 1.232167096805016682e+00 1.339764363774598399e+00 1.409778147348219157e+00 1.454065406133975946e+00 1.482347532217268782e+00 1.622702700412259391e+00 1.639217106286264825e+00 1.668304831539382249e+00 1.753026309251472403e+00 1.890084565209037004e+00 1.919941336689543920e+00 2.567984423340551992e+00 2.593906971586032117e+00 2.837323837031775930e+00 3.701257877211686420e+00 5.207331439136599904e+00 5.262787530032646544e+00 5.286310594728389489e+00
1.454227476733073177e-01 2.960449180374409295e-01 4.155173546332507351e-01 7.311283107009511895e-01 7.633667234416641190e-01 8.352024835750234688e-01 8.605367360341397154e-01 9.106902026962750973e-01 1.008219575791216016e+00 1.072154663653663631e+00 1.107574262102432927e+00 1.135974074984419380e+00 1.217243457373101023e+00 1.351752901499295945e+00 1.408400165014702221e+00 1.449978482488530007e+00 1.488385313056360015e+00 1.617125830242873041e+00 1.629918644922241366e+00 1.684186755436700045e+00 1.781634717141991286e+00 1.887901029550337562e+00 1.913257676436826538e+00 2.553594491546919976e+00 2.571732798854200031e+00 2.845250927298754284e+00 3.705378412408466549e+00 5.207377136016411612e+00 5.251076689058939984e+00 5.272701017000594348e+00
8.357987837503066952e-02 2.344017624659003318e-01 3.188953621930523674e-01 7.469408612553274374e-01 7.724993787836272885e-01 8.171747325277380902e-01 8.635289719875252068e-01 9.165707019150240997e-01 9.822876739935573198e-01 1.077232241394565415e+00 1.097029294379533004e+00 1.137084158815185875e+00 1.213773497797779433e+00 1.363240688000361134e+00 1.404349980998689906e+00 1.439850420853533874e+00 1.495588442005691077e+00 1.611193274836734801e+00 1.618434309690459871e+00 1.699232045708065186e+00 1.806394773057990122e+00 1.884681447840056645e+00 1.906494747315462757e+00 2.541599366609645028e+00 2.552655532031330221e+00 2.852021564351185035e+00 3.708973252642638663e+00 5.209088008332096287e+00 5.240377778277689025e+00 5.259540968948857476e+00
-4.566986461358551325e-02 1.660570376109228030e-01 2.212304633909409068e-01 7.577241613720738789e-01 7.826680058369581694e-01 8.012614058686365892e-01 8.723236873453452667e-01 9.241396779796026140e-01 9.583306026947834289e-01 1.083435848679064506e+00 1.092794632115032361e+00 1.126667652992654922e+00 1.221364389099399705e+00 1.374220302344934863e+00 1.399154098998056206e+00 1.426639449831118789e+00 1.501614959904461699e+00 1.605951848273585947e+00 1.608997272180188176e+00 1.710578503748675594e+00 1.825648904703727426e+00 1.882518742051169314e+00 1.899169571004671875e+00 2.532714023863929853e+00 2.537960086901132950e+00 2.857167150726203531e+00 3.711760778982313713e+00 5.212676925490414170e+00 5.231687686148900340e+00 5.247308506660388616e+00
-7.045985851393245236e-02 8.859549893143654764e-02 1.264134439420930844e-01 7.647151389524565746e-01 7.725700540455708865e-01 8.120855334746625021e-01 8.774904484447074715e-01 9.304119970569607601e-01 9.400760577229196890e-01 1.088636896744404003e+00 1.095620821989558458e+00 1.111631569224715621e+00 1.230262296318960669e+00 1.385004675778359617e+00 1.394781886412723715e+00 1.412854116975486685e+00 1.505482697152818794e+00 1.602297423495262274e+00 1.603015003937501959e+00 1.717553304555874183e+00 1.838174421848958850e+00 1.882717246614989515e+00 1.891860039950191474e+00 2.527300368588560442e+00 2.528679619874774520e+00 2.860375532578768087e+00 3.713524018265242699e+00 5.218096182883922296e+00 5.225982024378488688e+00 5.236530220307697547e+00
-7.563444796618736638e-05 -2.148033374548002786e-05 -1.519134973944068379e-08 7.673300592593070846e-01 7.673516320140909563e-01 8.186727889401500535e-01 8.791124694733692957e-01 9.328087962534853395e-01 9.328148471681363407e-01 1.097573116205567745e+00 1.097607509062192177e+00 1.098225651736137287e+00 1.233876490200504827e+00 1.393013396280471827e+00 1.393041535527711705e+00 1.403535049811471147e+00 1.506805987233572175e+00 1.600978140881350376e+00 1.600984156716511064e+00 1.719902848907245652e+00 1.842618551125130510e+00 1.885924525086743131e+00 1.885925975494487483e+00 2.525495961361675423e+00 2.525495961624927954e+00 2.861464983199894618e+00 3.714127149538066774e+00 5.223523422304174879e+00 5.223523423426857271e+00 5.229756092391491862e+00
-1.650831812942046284e-01 -6.214680701621979469e-02 1.832274778732631282e-01 7.203856082520648796e-01 7.547697722977290136e-01 7.928667577927065446e-01 9.029842948551726201e-01 9.279177663286387601e-01 9.328787698320990529e-01 1.080598470006058909e+00 1.099545937495267411e+00 1.102364597737624408e+00 1.233840710343014679e+00 1.396577285130764956e+00 1.398092217173569907e+00 1.412431615880814562e+00 1.504788557301367069e+00 1.600890162522891069e+00 1.619188735668900092e+00 1.721455594404182943e+00 1.840197296780899050e+00 1.886014491942338500e+00 1.902033959683126163e+00 2.525183045135725557e+00 2.546701735397050026e+00 2.860384893644639881e+00 3.714187925329577755e+00 5.213487850496257181e+00 5.223974748885306774e+00 5.255613697689229369e+00
-1.961605490272045615e-01 -9.987857009308082068e-02 2.637187232930032765e-01 6.361704790139205423e-01 7.260309977779069168e-01 7.531213618802230503e-01 9.179571133358872537e-01 9.292197780679236629e-01 9.421758182061564790e-01 1.068674222052970135e+00 1.104990953628846917e+00 1.107091034588725043e+00 1.239601931396709933e+00 1.386081804607848467e+00 1.406863941067411083e+00 1.434570764239429863e+00 1.499493099956260789e+00 1.602072216087497836e+00 1.645885357099243773e+00 1.723728155760997360e+00 1.834748876672933404e+00 1.885881269690584006e+00 1.932354089604755298e+00 2.524603949052499630e+00 2.592177691531992956e+00 2.859656259659380417e+00 3.713786783711533257e+00 5.222764583063481680e+00 5.224864131182464178e+00 5.282384358432564042e+00
-1.130668771292577673e-01 -6.478875175580138535e-02 3.077474912037367338e-01 5.987668837411521672e-01 6.970976697319966053e-01 7.188102571554694231e-01 9.087558278263200284e-01 9.243456082226209070e-01 9.798385610988786798e-01 1.068342677592770018e+00 1.109152293524890309e+00 1.114838858515537323e+00 1.253744713502396912e+00 1.387311139984813702e+00 1.409534424364101701e+00 1.440834127930493036e+00 1.491854958744236015e+00 1.606796348046335865e+00 1.654902331081276046e+00 1.722568393306452394e+00 1.826137448360763749e+00 1.885256896789019532e+00 1.947097442792329547e+00 2.524489449769714788e+00 2.616834899477715304e+00 2.869438319734781473e+00 3.711278713781797300e+00 5.225300128827279345e+00 5.251248668447831669e+00 5.288712361019808128e+00
1.558528678784382449e-01 2.291268163841942151e-01 3.373859646006835966e-01 6.222665344211792959e-01 6.667628799318094934e-01 6.990588676892310893e-01 9.042331831285154164e-01 9.179005136195148573e-01 1.019461372120108011e+00 1.076138099844737628e+00 1.108482540814216266e+00 1.118970692533879818e+00 1.263507164360377910e+00 1.402536788466472117e+00 1.412186291827189910e+00 1.433330549472105364e+00 1.481651362952882467e+00 1.615376413195660055e+00 1.647166990872617420e+00 1.716991281608253761e+00 1.815653687164323182e+00 1.883916918676966867e+00 1.932616465422647201e+00 2.525132343143513314e+00 2.593294908209458960e+00 2.895410851371399197e+00 3.705414144762939177e+00 5.224958759964521526e+00 5.264769316410645494e+00 5.297412426930814711e+00
2.637435851473244330e-01 2.885336959065832318e-01 4.567736615940003464e-01 6.356460967225968650e-01 6.616073185048204630e-01 6.843440604999249111e-01 9.092715982870486213e-01 9.141856944309944000e-01 1.060418085269994704e+00 1.091708726768007676e+00 1.106115696876029508e+00 1.107642049451180499e+00 1.268654517802700887e+00 1.389368903683510625e+00 1.399733545660115652e+00 1.468669868723867067e+00 1.471104985942649934e+00 1.625025243159617938e+00 1.632213358962520511e+00 1.715246068446935501e+00 1.803253266487486739e+00 1.881559922338241764e+00 1.899834915015798265e+00 2.525988495999857086e+00 2.548245510411763171e+00 2.923115542504777231e+00 3.697174541654544289e+00 5.224498278764227344e+00 5.238560875298218455e+00 5.336747286392325762e+00
3.360038871945593697e-01 3.360094935918933601e-01 5.753316051988579538e-01 6.105448596370706138e-01 6.563385159910968270e-01 6.563535844367524019e-01 9.158898408748221698e-01 9.158978836729723128e-01 1.078136563331378861e+00 1.097851348139320171e+00 1.104744612401913351e+00 1.104780235914612385e+00 1.270209342462198299e+00 1.379604046544657514e+00 1.379630695386091732e+00 1.454367854827613771e+00 1.532641753070615787e+00 1.631412934476985654e+00 1.631421483487796253e+00 1.721372235042603949e+00 1.783677988419694493e+00 1.879231860223801398e+00 1.879233653023837380e+00 2.526202806058772676e+00 2.526202818542370832e+00 2.941485880302336042e+00 3.689289092227901801e+00 5.224903426893485303e+00 5.224903428999415844e+00 5.365361480790918236e+00
3.694348984220156562e-01 3.882702128721567392e-01 5.893413372927541749e-01 5.939805234284858404e-01 6.135550968420641071e-01 6.777263153586399191e-01 9.102848488378049163e-01 9.207637608515791827e-01 1.035960757064515070e+00 1.099356049497202115e+00 1.105703467223373204e+00 1.124451087796767279e+00 1.262342820898749274e+00 1.379348774901979935e+00 1.393714344597599020e+00 1.443062319377612646e+00 1.576319868545829062e+00 1.632770000276004607e+00 1.655067679492680410e+00 1.727251508285534642e+00 1.760134630678792833e+00 1.878213627909723238e+00 1.888500774998602250e+00 2.525408091493201113e+00 2.548102666125107607e+00 2.948647886771438298e+00 3.684349540469295636e+00 5.226437201166041824e+00 5.237944798976593930e+00 5.377233732370047647e+00
3.662446030990717527e-01 4.059515186490358363e-01 5.301247658865240187e-01 5.760352291572736760e-01 5.864613513356581320e-01 7.623278039598503364e-01 8.982056383129419785e-01 9.251903733582125255e-01 9.894619857086226489e-01 1.093823008127502883e+00 1.109348809655771317e+00 1.137623647600120247e+00 1.249307067677365435e+00 1.382637544788277717e+00 1.413682591012239254e+00 1.439051992691339210e+00 1.599536103457077418e+00 1.630958858420718416e+00 1.673779117449537113e+00 1.718007788403615788e+00 1.753729873616729051e+00 1.878337602323395084e+00 1.910801868531607495e+00 2.524140459316890794e+00 2.593552903102670726e+00 2.946769340836044915e+00 3.682838225639882168e+00 5.228256825663215146e+00 5.269361572424613449e+00 5.374684864397922368e+00
3.557550701882528643e-01 4.030872900913737289e-01 5.139091027289003355e-01 5.644776091056570300e-01 5.833379756124236204e-01 8.037449427121613477e-01 8.890959368957537245e-01 9.269502681133651167e-01 9.679072226587690508e-01 1.090255123425443173e+00 1.111586057187512910e+00 1.141084779191776422e+00 1.242368157907515869e+00 1.383769686712372549e+00 1.421586636872046006e+00 1.439175133120918382e+00 1.609092353701198963e+00 1.629673516053836257e+00 1.675212839399529807e+00 1.710527473377620566e+00 1.756310159825384076e+00 1.878572899771158156e+00 1.921142053895408042e+00 2.523517691489325365e+00 2.617051467582123703e+00 2.943835127512203886e+00 3.682803845517964803e+00 5.229068937611951462e+00 5.288415511133959690e+00 5.369044611109624832e+00
3.658172097037090675e-01 4.103144539608276076e-01 5.183848050814225950e-01 5.597594031634358647e-01 5.937063832068463221e-01 8.049422380115579534e-01 8.917805959008248129e-01 9.281806480031118411e-01 9.712507032298706156e-01 1.091747664794532113e+00 1.112800488348501871e+00 1.141272253542735760e+00 1.240915228938397119e+00 1.384356046685631503e+00 1.421260823943986562e+00 1.438333356795220785e+00 1.601008307850579238e+00 1.634249493947397713e+00 1.672509238412970278e+00 1.707892731465849856e+00 1.753172067911905607e+00 1.879859132153639312e+00 1.920669253315224312e+00 2.526506832505600375e+00 2.617507444827251284e+00 2.942936158291870719e+00 3.682440687920057965e+00 5.230434804133504478e+00 5.288542839033492093e+00 5.369196704657302810e+00
3.909035538655702968e-01 4.317824110393211900e-01 5.265479581593760505e-01 5.619935663095892986e-01 6.116254243721378492e-01 8.097940639739369395e-01 8.986618818087686034e-01 9.330867008554334374e-01 9.809511552824451419e-01 1.093125817927354859e+00 1.119781390018182776e+00 1.140719069206904468e+00 1.237952839552667328e+00 1.384738584674789053e+00 1.420784742305737147e+00 1.436279437163883843e+00 1.583705126271535590e+00 1.640574363647381295e+00 1.664453052608793060e+00 1.701096434408393865e+00 1.743781789024770434e+00 1.883362084870319864e+00 1.919465330575934159e+00 2.535136107710312725e+00 2.618897399299008999e+00 2.940208299720687091e+00 3.681454261463888766e+00 5.233780036693216786e+00 5.289435209476918587e+00 5.369581179936806947e+00
4.221287551687226136e-01 4.603387632122086237e-01 5.377352545581142174e-01 5.782322342905559243e-01 6.292734640003735391e-01 8.210202162065692866e-01 9.062063417909692609e-01 9.450058598611970062e-01 9.963554606278047787e-01 1.092209254857662959e+00 1.131390347801359164e+00 1.140554340898815688e+00 1.236777847425906574e+00 1.382107901304780118e+00 1.421123143749326578e+00 1.434176199588050649e+00 1.561007444928085963e+00 1.640642520954739059e+00 1.654564078506773006e+00 1.692316527827937511e+00 1.728701488540758113e+00 1.888153231373163266e+00 1.918154133445893361e+00 2.548457494400450773e+00 2.621280264318165631e+00 2.935564008495946897e+00 3.680113541446460079e+00 5.237095453488622709e+00 5.292448796378860898e+00 5.369982972044422098e+00
4.532371770847994918e-01 4.816654567291466793e-01 5.642629984897542528e-01 6.018777380297899438e-01 6.436095083302183495e-01 8.389139088188043436e-01 9.119829173479018225e-01 9.657628744320919667e-01 1.016933639496481634e+00 1.091661300816000324e+00 1.125444111512674317e+00 1.158463680249216088e+00 1.240309071181861178e+00 1.375415737446069153e+00 1.421818375172848148e+00 1.433429335360884238e+00 1.534325895060235645e+00 1.622930212991995136e+00 1.653426790744099817e+00 1.681094858086230381e+00 1.711269863798078550e+00 1.892685126166958831e+00 1.917911224216303889e+00 2.565077824224126779e+00 2.624744155127867629e+00 2.928876764862239579e+00 3.678754056615334278e+00 5.238292800215464950e+00 5.298788516472072274e+00 5.370053177909158926e+00
4.787961803305134101e-01 4.974695714828296089e-01 5.991497037890998190e-01 6.299845722017503036e-01 6.567823935351522202e-01 8.564570985511672507e-01 9.190185086017946814e-01 9.919545506552711611e-01 1.042656539505609770e+00 1.092657156907594684e+00 1.115262194592536282e+00 1.180235007087314214e+00 1.249329247988608449e+00 1.366130634227074259e+00 1.421845861062514871e+00 1.434345623664608382e+00 1.505670277320329431e+00 1.596319891760860088e+00 1.651241431881099730e+00 1.662259443500393452e+00 1.700418714787272023e+00 1.894600431278075314e+00 1.920588576372824319e+00 2.583324417048178834e+00 2.629438687631833194e+00 2.920013846751207787e+00 3.677668773063698548e+00 5.236863784673380096e+00 5.308050314015312132e+00 5.369344527837621506e+00
5.007703654942793348e-01 5.122344752565082260e-01 6.214812644277595277e-01 6.632076298720758212e-01 6.761485563902122076e-01 8.636719964631508484e-01 9.305042480985904474e-01 1.017648007890267881e+00 1.073639407875237373e+00 1.088049557673572254e+00 1.117195333518404388e+00 1.198777694294403062e+00 1.262998392926785618e+00 1.356149488873769071e+00 1.422165520185384224e+00 1.435046579028829594e+00 1.478012713876297957e+00 1.566083238607626216e+00 1.626927265152837698e+00 1.653393501160804524e+00 1.698328953344241166e+00 1.892702882864551350e+00 1.926748230438424692e+00 2.601271533509810219e+00 2.635718695680044021e+00 2.908885150512164675e+00 3.677036970884252298e+00 5.233744013016613295e+00 5.318497536483045351e+00 5.367383770746068983e+00
5.235377308300944721e-01 5.266670106060045153e-01 6.273111941763879207e-01 6.807238665110864062e-01 7.148750090847828531e-01 8.619369046285563218e-01 9.402946038346977620e-01 1.037655993141051836e+00 1.077483873258148428e+00 1.108533820675545511e+00 1.136954362149147135e+00 1.209866615385121857e+00 1.279711080463176831e+00 1.346538461577804435e+00 1.423465183281437119e+00 1.433109951471332577e+00 1.455564474761724680e+00 1.536279952354640654e+00 1.591568942671952591e+00 1.649900545964955612e+00 1.700507828511170327e+00 1.888117804811595635e+00 1.934652540899078010e+00 2.616616569155619576e+00 2.644360507431631646e+00 2.895508556652314880e+00 3.676913112969582453e+00 5.230052304475720781e+00 5.328362690925855460e+00 5.363776773230603645e+00
5.343931043409432258e-01 5.550024184271393768e-01 6.252399156270574965e-01 6.779614603278117935e-01 7.596886124933658335e-01 8.588515564374199496e-01 9.420190357804943959e-01 1.048320121557211992e+00 1.070457570986494966e+00 1.140441722054628348e+00 1.168373827045135371e+00 1.211252912886907840e+00 1.296797203916915997e+00 1.337140660998073605e+00 1.422475464396380174e+00 1.426807266506419314e+00 1.444065593244417300e+00 1.513379274782437722e+00 1.555674689450011750e+00 1.646874108409227322e+00 1.704514913780786012e+00 1.882248843825758300e+00 1.942494475848745905e+00 2.627445355552869177e+00 2.655789325425885750e+00 2.880098929956366849e+00 3.677266979582833439e+00 5.226536301199731227e+00 5.336347322989118069e+00 5.358332688995577797e+00
5.437129819975450307e-01 5.804089798794821453e-01 6.169617182745482653e-01 6.644580133530872956e-01 7.999205323468477902e-01 8.581956988914474227e-01 9.367210117804365410e-01 1.046757155100339176e+00 1.067168335913756039e+00 1.165118157013264488e+00 1.200026539929784253e+00 1.208876005808367848e+00 1.309874850819448877e+00 1.327210895284646641e+00 1.408499045694653784e+00 1.423908726058524810e+00 1.445238695371060311e+00 1.504186801777623428e+00 1.525103521019240072e+00 1.644862607608759131e+00 1.708971385865225789e+00 1.876326918203256255e+00 1.948991831394933705e+00 2.633950928794641211e+00 2.668246173480346428e+00 2.863202777814521927e+00 3.678046923670084123e+00 5.223547679010704492e+00 5.341417693477925610e+00 5.351297441060008708e+00
5.336444246922357193e-01 5.917863511369604312e-01 6.137219663517722301e-01 6.858452078177736944e-01 7.726314052620479877e-01 8.657355319880503108e-01 9.256134034124148258e-01 1.021861550889254788e+00 1.067368202088049944e+00 1.171100928932297558e+00 1.202034998020261147e+00 1.237063153850288089e+00 1.311931947044217450e+00 1.328657302938149654e+00 1.396422822790897689e+00 1.419283693856445483e+00 1.431519533928601984e+00 1.513822180992723254e+00 1.542260965459277156e+00 1.639990845224106319e+00 1.709060063773913729e+00 1.873013693932534363e+00 1.945431086864855219e+00 2.601161348898093806e+00 2.674061702037936694e+00 2.856934427117621578e+00 3.675546847184540056e+00 5.219657504600446529e+00 5.321816891268291272e+00 5.351366070642876061e+00
5.099635546484256876e-01 5.863396708536358082e-01 6.432876038684977038e-01 7.206081369264331071e-01 7.698243675965436017e-01 8.851024588017505357e-01 9.159285615239346479e-01 9.871342303616018610e-01 1.072644217685637003e+00 1.180441769681884079e+00 1.212497699120689720e+00 1.238691274068318693e+00 1.308720424865212895e+00 1.330176109157464648e+00 1.374784004695579931e+00 1.402550014006001877e+00 1.429738063148740412e+00 1.511126484994969488e+00 1.565250172402343987e+00 1.638071141473176118e+00 1.715624903971566750e+00 1.876372089653985720e+00 1.944241293438148999e+00 2.609275588756853281e+00 2.679041904787051731e+00 2.845058422192614955e+00 3.675881536335813493e+00 5.237017012724110465e+00 5.289857068665773099e+00 5.360048755976368540e+00
5.025964452783728831e-01 5.988895786445570524e-01 6.825590661801511638e-01 7.293961350042166281e-01 7.805122232428528539e-01 9.097050613219468396e-01 9.219789558299554821e-01 9.657682669082832128e-01 1.084672896809375064e+00 1.179393553924180882e+00 1.215777519470156109e+00 1.234023525127659671e+00 1.305749094838716484e+00 1.332158701385469657e+00 1.357365586078053132e+00 1.402071663960466674e+00 1.423285202301505681e+00 1.508072328808746754e+00 1.558981615741760640e+00 1.638611849780251095e+00 1.731400470282229653e+00 1.890115149592578758e+00 1.945539055277162310e+00 2.646129602378777257e+00 2.684627516164002969e+00 2.837652182532897971e+00 3.678353918840281178e+00 5.258733629637794671e+00 5.260956352200632402e+00 5.375521820713183629e+00
5.037033289893878552e-01 6.107804045979253749e-01 6.907788854603991169e-01 7.330463479373696689e-01 7.720745819110088615e-01 9.212643578537285105e-01 9.259697319521522640e-01 9.713399885606719408e-01 1.092038933031568293e+00 1.176633623619496083e+00 1.206591770320075252e+00 1.241141370182404335e+00 1.304974535838767657e+00 1.340266453529086244e+00 1.348353672503193490e+00 1.405833640183866473e+00 1.415163084019551931e+00 1.508175118229969858e+00 1.551306507305865834e+00 1.637479195736230242e+00 1.739872933124711363e+00 1.897795890336881230e+00 1.948122755222834845e+00 2.660907939026062152e+00 2.693469155721807340e+00 2.835759056914005871e+00 3.679842337040160061e+00 5.248671309976395527e+00 5.267864775434345503e+00 5.383720987794085922e+00
5.060888473370921403e-01 6.111302505620826997e-01 6.869570172066506997e-01 7.300688037075662162e-01 7.721280027577160920e-01 9.201392332038106359e-01 9.303162066034079691e-01 9.702012605678340673e-01 1.082878174411274541e+00 1.179462106638269780e+00 1.209305950832793020e+00 1.234428184913992865e+00 1.300369499841246501e+00 1.340073136947980359e+00 1.348744538645642033e+00 1.407386912540462109e+00 1.417633807582491912e+00 1.508969003284188037e+00 1.563205452957729502e+00 1.639048405346295478e+00 1.739280513625351077e+00 1.897474945502566346e+00 1.948426591916984973e+00 2.659074601819637618e+00 2.692072991037584906e+00 2.835271768055326103e+00 3.679751886864757182e+00 5.248949872530167760e+00 5.269406694469255470e+00 5.382940032679718989e+00
5.130114357511900147e-01 6.118693159507776480e-01 6.784180217676291091e-01 7.209278563849306209e-01 7.720949137053422229e-01 9.166323726464501442e-01 9.409322587306968577e-01 9.671064174442688399e-01 1.059271117233726134e+00 1.183720682897595911e+00 1.214865081738666142e+00 1.222395738300051216e+00 1.290123259193702632e+00 1.338083451385933653e+00 1.350387347456718290e+00 1.411755601165497476e+00 1.420897636738803316e+00 1.511722447752968490e+00 1.595813121860432338e+00 1.643703848437869430e+00 1.737695989674651997e+00 1.896888147684963721e+00 1.948978953393772917e+00 2.653611539685728271e+00 2.687908103324825326e+00 2.833891625367882749e+00 3.679520299749591494e+00 5.249904576821225355e+00 5.273686706058221318e+00 5.380624003623136531e+00
5.238579016889877149e-01 6.123787042575323802e-01 6.702653133538548635e-01 7.062325892909089298e-01 7.718761621187545385e-01 9.096167649365752839e-01 9.504928170811930421e-01 9.631333847172688367e-01 1.030862258222279504e+00 1.179182982241629540e+00 1.210122307621419591e+00 1.231387829954658120e+00 1.278321720817771956e+00 1.336027061129412052e+00 1.351044245390680576e+00 1.415452357300247321e+00 1.422739434649054280e+00 1.517710313112099030e+00 1.639352770361373945e+00 1.653171007968446515e+00 1.735789877520703905e+00 1.896794079149241696e+00 1.949059105846696616e+00 2.644655532198761705e+00 2.681050178495454794e+00 2.831839589004156998e+00 3.679252285352795138e+00 5.251669455919263818e+00 5.279933169861823927e+00 5.376862298323586309e+00
5.378019749051631271e-01 6.126411980338940522e-01 6.640423166239479702e-01 6.885306247984429584e-01 7.722913766585320916e-01 8.965474117884663086e-01 9.460586903042498275e-01 9.558746013712106082e-01 1.018594912661899388e+00 1.163812845072109470e+00 1.214895478468133172e+00 1.243561728975136615e+00 1.266482807234800889e+00 1.335107504871284601e+00 1.351477635529428678e+00 1.414383212260208023e+00 1.424662346664892221e+00 1.528219885076090856e+00 1.656781022497021416e+00 1.694015825105896766e+00 1.736454069066806216e+00 1.897746811395557565e+00 1.948169067636623453e+00 2.632501864991975804e+00 2.671648552588335779e+00 2.829412671808539947e+00 3.679080061246586375e+00 5.254166407645456616e+00 5.287288487763455613e+00 5.371832126186138368e+00
5.538121141423572036e-01 6.127677410314965600e-01 6.539934721659601546e-01 6.749589025114455243e-01 7.748508892092109690e-01 8.740546950961017858e-01 9.180915255477098968e-01 9.567274685727842343e-01 1.029002658060916175e+00 1.147144210251406671e+00 1.222993689826725072e+00 1.246854444250609761e+00 1.259453500673241466e+00 1.336299529517102513e+00 1.354148937194350921e+00 1.410472483637920327e+00 1.425492988283045825e+00 1.543024433425403297e+00 1.665658424657097791e+00 1.718577361830922134e+00 1.763785086954301029e+00 1.899872540619851780e+00 1.946300151840403503e+00 2.617657114360566251e+00 2.659969597404205466e+00 2.826907597708086861e+00 3.679118794060946662e+00 5.257137514998555972e+00 5.294918828622593665e+00 5.365838624719725836e+00
5.702181406040852663e-01 6.087552583394629790e-01 6.391521795453724009e-01 6.707123134005623655e-01 7.795241859612610513e-01 8.413871560164569718e-01 8.958559133524067741e-01 9.605427624295870270e-01 1.045781176006850499e+00 1.131902441416101412e+00 1.229770325922592944e+00 1.234165688159563068e+00 1.261445388898207565e+00 1.339913624052693875e+00 1.360471746704890572e+00 1.405701042866497330e+00 1.427157708540925718e+00 1.560461735902420433e+00 1.673138523576038095e+00 1.717290876551148981e+00 1.815223697032422256e+00 1.902962608033572423e+00 1.943919932198707512e+00 2.600859759622656586e+00 2.646446412319698904e+00 2.824562491641844364e+00 3.679432425457878963e+00 5.260256530480375226e+00 5.302014135203625855e+00 5.359377243627638343e+00
5.804600835573384687e-01 5.993203523814083500e-01 6.285208172403872195e-01 6.730374875295257464e-01 7.783701513096419333e-01 8.130484317467512323e-01 8.854851482117678252e-01 9.664981663842890924e-01 1.062182619706991904e+00 1.118526720373417049e+00 1.213916992642326553e+00 1.236386239926357655e+00 1.261115660016083551e+00 1.343584316105552290e+00 1.369408289888571995e+00 1.402042114900433845e+00 1.433324380357062333e+00 1.578681643572150906e+00 1.678329457363913368e+00 1.711840233666776179e+00 1.865338519654823779e+00 1.906758878206625152e+00 1.941974412881514844e+00 2.583067693041893431e+00 2.631708075070199548e+00 2.822535278714861651e+00 3.680021247752617075e+00 5.263224657705992904e+00 5.307702703102762598e+00 5.353243784074832590e+00
5.681653148047102198e-01 6.033458058769063381e-01 6.208133739506144222e-01 6.797678240031710395e-01 7.570889428824806311e-01 8.088461588741603370e-01 8.860875659406862725e-01 9.751059141885132231e-01 1.075321135744942369e+00 1.107635140577224675e+00 1.190687328100527242e+00 1.239636354515088579e+00 1.258946644407048510e+00 1.344523347510975020e+00 1.375554973623543509e+00 1.404884742645987838e+00 1.445089731205685846e+00 1.596266191484154939e+00 1.680348465282592851e+00 1.704457562621701117e+00 1.904145855446869540e+00 1.913813909501872468e+00 1.943353178908093781e+00 2.565432854558527875e+00 2.616567538279223726e+00 2.820915289673068482e+00 3.680832182170916678e+00 5.265836138317981252e+00 5.310901513308858846e+00 5.348659170602752866e+00
5.533644452888333287e-01 5.943460468368222394e-01 6.288474739080389675e-01 6.852930439026875264e-01 7.330062584362543321e-01 8.143964878724091472e-01 8.939174239945510969e-01 9.880508531248014537e-01 1.081438143924291273e+00 1.101947322322533784e+00 1.163846390891945637e+00 1.241446571157192702e+00 1.256369213048093680e+00 1.342977768124576476e+00 1.374714713465253313e+00 1.417213015887311522e+00 1.459919309497093476e+00 1.612224880998788246e+00 1.678296726507020553e+00 1.696462322530748024e+00 1.912209239440503694e+00 1.927693590308464877e+00 1.961293122225056251e+00 2.549287080754350843e+00 2.601955895508943684e+00 2.819750170721567528e+00 3.681783166552430764e+00 5.267999252619412154e+00 5.310620944237876451e+00 5.346901874755912054e+00
5.450376105040212193e-01 5.806900067118138109e-01 6.419234515644052230e-01 6.869520510214780495e-01 7.142749976920012012e-01 8.217355621492495876e-01 9.027076253074552969e-01 1.007130654619180277e+00 1.078627007980857089e+00 1.103139948073984744e+00 1.134420615082750716e+00 1.242679225175078450e+00 1.253986058732303954e+00 1.340765623378872062e+00 1.371718259138511309e+00 1.431983959909117310e+00 1.473927151837048921e+00 1.625883199626299680e+00 1.671033404763879737e+00 1.690574697658012715e+00 1.915813476109891722e+00 1.928608864471532680e+00 1.986757927993287653e+00 2.536122854060403498e+00 2.588805534514064810e+00 2.819070384730433254e+00 3.682788475941845885e+00 5.269692711258193718e+00 5.307194131744782162e+00 5.348016603224563070e+00
5.450277506453892196e-01 5.708247185392841816e-01 6.529997727249623463e-01 6.861729820517611378e-01 7.020454156442433868e-01 8.267276520357039749e-01 9.086700192095680251e-01 1.032119327927148333e+00 1.074316181249231894e+00 1.101528949300567328e+00 1.106684471214045784e+00 1.243740631726259149e+00 1.252148762432103268e+00 1.339441712046934185e+00 1.369667924499344824e+00 1.443656818889887949e+00 1.483312736758659156e+00 1.636887188730605569e+00 1.659650405336623002e+00 1.688495038774429302e+00 1.918861810600056783e+00 1.926864871486529518e+00 2.003095987851118309e+00 2.527464313136888574e+00 2.577919206772313565e+00 2.818901707094230158e+00 3.683773747436523749e+00 5.270865160296070329e+00 5.302220306236691272e+00 5.350836465855810964e+00
5.526752210792276188e-01 5.673862933203707160e-01 6.573907245736119176e-01 6.862601849828157130e-01 6.985005240936968951e-01 8.254789765411806313e-01 9.113304317661238274e-01 1.057857517915512080e+00 1.073883299818370496e+00 1.074015639344370276e+00 1.104057233778463543e+00 1.244232407361975712e+00 1.251314999183557486e+00 1.340006746249075897e+00 1.369518843394309071e+00 1.449254655229394562e+00 1.484997087154815709e+00 1.642378775080384878e+00 1.650262596430573048e+00 1.689910858175655228e+00 1.920430973854155843e+00 1.924945979157907550e+00 2.006883100228913808e+00 2.524497978393595687e+00 2.569895172734280031e+00 2.819264453728942410e+00 3.684676598715166840e+00 5.271354421025671755e+00 5.297132502895021133e+00 5.354371490725085891e+00
5.258187974181928181e-01 5.735297789465302332e-01 6.532765511998566144e-01 6.748811306842928959e-01 7.344049715841125536e-01 7.923065737291893340e-01 9.139581197623887210e-01 1.042200800446491549e+00 1.052650124982222879e+00 1.105504350958081083e+00 1.113946649650525256e+00 1.238968771185984030e+00 1.252339771197120921e+00 1.325519416504236103e+00 1.368713526460249463e+00 1.447364429500675342e+00 1.484836721453166364e+00 1.646757902016856123e+00 1.652503490201167047e+00 1.708242208204592272e+00 1.925005526475392470e+00 1.929528523095044745e+00 2.003371989367549233e+00 2.524785421369943439e+00 2.612633791204674871e+00 2.813718085323420048e+00 3.682705603105204784e+00 5.269143731775528749e+00 5.324920892325812893e+00 5.343419221766501082e+00
5.467214559532735940e-01 5.756393902286306430e-01 6.507983214234457359e-01 6.557846407834851954e-01 7.474284190985680532e-01 7.735127672606707527e-01 9.158343235284691630e-01 1.011141710552736495e+00 1.046005364379149372e+00 1.097326040074530162e+00 1.143261602033144086e+00 1.234540263808866278e+00 1.248505523550162533e+00 1.321182591367451531e+00 1.372166869495211383e+00 1.456256703725670620e+00 1.484275465956623519e+00 1.645352019564369606e+00 1.655015625306257343e+00 1.715048113889385384e+00 1.924457275713040261e+00 1.930128819758055947e+00 1.986200772727022112e+00 2.525184629878670872e+00 2.615703377998064294e+00 2.812951033090342445e+00 3.683515281998007485e+00 5.268437787127345118e+00 5.321482045181523013e+00 5.352674945032989129e+00
5.727475767883704050e-01 5.732041186775062025e-01 6.351363187213163730e-01 6.510941835315501303e-01 7.338245039260014035e-01 8.127303217261860890e-01 9.093119669835452168e-01 9.846706427028825148e-01 1.032874237444101784e+00 1.086333247663772816e+00 1.168400374697066590e+00 1.233358238246956118e+00 1.250020754510583698e+00 1.329800806150660986e+00 1.375957021010642434e+00 1.463169574336675050e+00 1.489776992487382046e+00 1.630071546149905348e+00 1.657075684129537541e+00 1.703077658793793914e+00 1.914489478560436053e+00 1.928330673625506808e+00 1.964347232969258172e+00 2.525505809565307569e+00 2.579488593505811167e+00 2.818377588998317584e+00 3.685548830898953465e+00 5.269339462945425545e+00 5.297670928054856176e+00 5.368922643070486167e+00
5.671765455628684505e-01 5.696686711505308809e-01 6.423392479571029545e-01 6.501770481509622224e-01 7.346489452608464532e-01 8.494738134339270275e-01 8.933840988445717057e-01 9.651784074619298437e-01 1.021275678211530868e+00 1.080314871649442177e+00 1.188792634527632730e+00 1.235653570746975571e+00 1.246750400338931364e+00 1.351016218792927104e+00 1.377083227155903922e+00 1.459562521472279606e+00 1.500818726321569541e+00 1.610861321164880122e+00 1.658147173963130827e+00 1.682169706412874000e+00 1.904581101274199773e+00 1.926678194071165251e+00 1.948759168918318130e+00 2.525577620567524217e+00 2.548302219882534470e+00 2.824051561874194149e+00 3.685430290241835216e+00 5.270422461387933133e+00 5.277858099263158742e+00 5.377817698247628897e+00
5.467361342136978219e-01 5.601335382409871055e-01 6.321569353955023285e-01 6.458078459414788863e-01 7.521669096023290146e-01 8.729296694895962716e-01 8.764434038298680729e-01 9.588034658028078416e-01 1.018264951176039990e+00 1.079809774183066340e+00 1.194007833137285868e+00 1.239800216676070654e+00 1.241281518403344997e+00 1.361267745467999113e+00 1.376547491008661028e+00 1.449186882714442293e+00 1.499941436941702122e+00 1.618949486770173252e+00 1.658219081772799752e+00 1.676156410477160241e+00 1.904997139154702923e+00 1.926350701866623050e+00 1.937638782277626426e+00 2.525432401125278226e+00 2.554899882888884477e+00 2.829044159272370518e+00 3.682759742912081524e+00 5.269970484823718770e+00 5.276550579720967526e+00 5.378633366634285373e+00
5.373822113099689934e-01 5.496772564898330105e-01 6.367525840163178463e-01 6.443789284312831933e-01 7.729923851003904778e-01 8.603777518186357387e-01 8.910881403645373178e-01 9.644663535836777157e-01 1.010168479118981555e+00 1.078353762344518518e+00 1.193715447082548842e+00 1.242751818722446444e+00 1.252827017095585971e+00 1.368948604454078399e+00 1.378123761714778794e+00 1.438107615301084330e+00 1.492283150588223917e+00 1.609974125045760429e+00 1.655993815951813719e+00 1.678351288909063488e+00 1.896858453094344421e+00 1.913022007825200044e+00 1.924245973577022095e+00 2.525356530374652131e+00 2.571754879900787216e+00 2.836027469322185635e+00 3.680258984187676496e+00 5.267707152111065660e+00 5.277835561692802990e+00 5.378508326254279659e+00
5.307060606692560745e-01 5.371217016993493631e-01 6.261360186632366487e-01 6.473348116714230382e-01 8.073739333776885907e-01 8.478411064958067955e-01 9.080818337902987203e-01 9.649659243521430119e-01 1.004375944313946389e+00 1.081079020103694166e+00 1.181010507379215646e+00 1.253925493632234378e+00 1.265278857610672825e+00 1.367544145633580621e+00 1.380305184578970001e+00 1.433405003898102770e+00 1.483963451359944674e+00 1.600969890138837615e+00 1.653399374701326918e+00 1.677367376361356577e+00 1.863603447026089377e+00 1.910358514168946087e+00 1.921630216091003707e+00 2.525261193676091587e+00 2.588191555414271150e+00 2.845147048695364944e+00 3.677586011702038693e+00 5.264941247586993889e+00 5.279303329505225406e+00 5.378351095129263904e+00
5.229881671848599645e-01 5.285815525611381460e-01 6.143053216624400070e-01 6.428275087940337196e-01 8.347681912551774275e-01 8.504588755502635600e-01 9.251960827768656026e-01 9.626146551164885823e-01 1.000276420851204939e+00 1.087694094134759260e+00 1.162246966431364381e+00 1.267143625847352961e+00 1.278002050691643410e+00 1.352091562678976233e+00 1.383215598974374849e+00 1.439997026829087146e+00 1.475678672742286812e+00 1.590214042109298509e+00 1.650577437001916836e+00 1.672512380088424289e+00 1.828928136973700269e+00 1.910536658482854921e+00 1.918551402029374797e+00 2.525147296580076084e+00 2.602554535294045568e+00 2.856197931191549522e+00 3.675032973931741775e+00 5.261758510742794215e+00 5.280824849661130749e+00 5.378173279875051449e+00
5.077605520323478228e-01 5.316984995204133702e-01 6.016171134607287696e-01 6.338818039400457849e-01 8.202303071764478481e-01 8.953082464154541453e-01 9.362312624073390044e-01 9.651981484857078408e-01 9.967900622240597475e-01 1.096650020030148553e+00 1.140659690939121784e+00 1.279551007843531485e+00 1.290564198696726894e+00 1.328495690395206097e+00 1.386976098326964779e+00 1.451203769333392790e+00 1.469569659308404219e+00 1.574188272120872867e+00 1.647665446418667523e+00 1.664957398168780189e+00 1.800796584873421091e+00 1.910728062146638928e+00 1.915064303625973352e+00 2.525015893268682365e+00 2.613928004082534784e+00 2.868666513557145858e+00 3.672873036404659342e+00 5.258257024630383469e+00 5.282264300150925962e+00 5.377982815377844616e+00
4.918104146718356717e-01 5.392751557633100878e-01 5.885083416959516756e-01 6.226428752254505872e-01 8.034024949103252267e-01 9.343389085332061139e-01 9.356045623307709391e-01 9.798036812619805858e-01 9.927598600612465019e-01 1.106372111429047012e+00 1.118710438058621692e+00 1.283828821478388393e+00 1.302705295609136948e+00 1.308670380188855065e+00 1.391657918670893057e+00 1.452053649059859453e+00 1.474918966741133097e+00 1.551359672442116366e+00 1.644785703080790862e+00 1.658951910116775341e+00 1.781910132875834885e+00 1.910812063864643306e+00 1.911231162020962104e+00 2.524868382347718043e+00 2.622069632491654367e+00 2.881783147773450349e+00 3.671329999428500024e+00 5.254543974221320468e+00 5.283507097622647031e+00 5.377769783759499767e+00
4.753642716529907775e-01 5.487959197949310308e-01 5.755465671594302002e-01 6.110616031910386381e-01 7.838614846222746735e-01 9.313663215035691278e-01 9.573194935759101742e-01 9.884355368491881677e-01 9.991247800320741668e-01 1.099920185718234134e+00 1.115739138346004244e+00 1.263026906184784526e+00 1.310043245447955806e+00 1.314320500450584905e+00 1.397227224248270838e+00 1.444356029738278702e+00 1.481388303747683599e+00 1.533939239462430271e+00 1.642038336115915875e+00 1.657716203498132312e+00 1.770479472780473351e+00 1.907124171029857429e+00 1.910935534998442931e+00 2.524706813719629128e+00 2.627204313694070148e+00 2.894685187879274757e+00 3.670554784866962184e+00 5.250732187120664918e+00 5.284487811879498231e+00 5.377494783987151195e+00
4.585261372206594355e-01 5.548510286611559872e-01 5.634411016633935620e-01 6.027126919007301797e-01 7.617175684295374172e-01 9.277379226089652597e-01 9.530422948116888948e-01 9.868500452829397362e-01 1.018899216515398054e+00 1.086649780963380829e+00 1.124049355997559063e+00 1.236467592249498759e+00 1.307316009676140700e+00 1.325425974700748855e+00 1.403508886338457051e+00 1.438194142699440903e+00 1.475676215196261687e+00 1.540874765201211360e+00 1.639498444648343378e+00 1.660947450429560490e+00 1.763170115333489774e+00 1.902829661631911362e+00 1.911304561569464822e+00 2.524534246676566340e+00 2.629790327301483543e+00 2.906600227467664777e+00 3.670610614877476419e+00 5.246936589567609666e+00 5.285206044232444000e+00 5.377089038289421197e+00
4.413633947923397693e-01 5.498074735510307676e-01 5.529969619520924695e-01 6.024733348035649083e-01 7.375102105042740108e-01 9.254766933862670353e-01 9.292157825261138093e-01 9.819482924451110595e-01 1.037818798180569990e+00 1.073774834222595453e+00 1.130903854612849369e+00 1.211911464471138844e+00 1.287715347274325906e+00 1.336087393993099504e+00 1.410193990118215224e+00 1.438989913518620822e+00 1.477337540538395944e+00 1.561218534612229591e+00 1.637216848696635196e+00 1.667341487697214353e+00 1.757496993089294079e+00 1.898453149820859220e+00 1.912088817904527893e+00 2.524355065026786082e+00 2.630347742860007720e+00 2.916969806756291028e+00 3.671467179598915997e+00 5.243270703131927668e+00 5.285721924178715447e+00 5.376471414751081923e+00
4.240439887982772049e-01 5.339580177079260581e-01 5.450113500665122457e-01 6.064519416187824641e-01 7.120031323497731934e-01 8.969264149806254194e-01 9.244722679042700619e-01 9.716632349485411213e-01 1.054011497961533372e+00 1.055251901740296150e+00 1.136122993920116730e+00 1.188632082021111147e+00 1.262848468752931330e+00 1.346324223929118657e+00 1.416890366559004688e+00 1.438674666079702069e+00 1.497165040636624811e+00 1.585544098555999870e+00 1.635223464583914765e+00 1.675983024557809786e+00 1.752123051731806047e+00 1.894123762582278436e+00 1.913350011111274673e+00 2.524175141107532383e+00 2.629374859591936175e+00 2.925493315823536111e+00 3.673003351717073706e+00 5.239843293757490805e+00 5.286131429282261429e+00 5.375579323890644190e+00
4.069728043818992003e-01 5.117955620032893505e-01 5.401519636565592641e-01 6.058480443069975685e-01 6.860273256068453174e-01 8.633715651714843897e-01 9.243888051802595651e-01 9.569719650693329083e-01 1.028553033240609649e+00 1.070814911586240648e+00 1.139691104944443811e+00 1.164045494966871042e+00 1.246791577757403457e+00 1.356028716666860090e+00 1.423190768299890108e+00 1.435516920587289302e+00 1.525746422046355688e+00 1.610900989633544667e+00 1.633532325260587115e+00 1.686390919267697353e+00 1.746644818675758382e+00 1.889995914578852743e+00 1.915005682813773591e+00 2.524001754361516081e+00 2.627334166663269688e+00 2.932111307719815319e+00 3.675018215884645834e+00 5.236755266801162101e+00 5.286529917350634378e+00 5.374403257662845768e+00
3.908556154090192525e-01 4.855939686291437241e-01 5.388745471079519067e-01 5.946921970942520286e-01 6.604064830485967263e-01 8.350688525810693319e-01 9.248648472533173015e-01 9.386134103565654252e-01 1.004631168556003429e+00 1.084258804840423362e+00 1.139829533535518413e+00 1.141717490488463049e+00 1.240488691892722706e+00 1.364932057359049544e+00 1.428732491123474002e+00 1.431614951396952939e+00 1.553556808903170827e+00 1.632147410781386032e+00 1.634709012940038342e+00 1.698045696805131621e+00 1.741674976731377056e+00 1.886245959107732961e+00 1.916844110532077261e+00 2.523843212322101959e+00 2.624675555164046159e+00 2.936953593997284173e+00 3.677250736855318003e+00 5.234096881743340646e+00 5.286975980474146297e+00 5.373012452792148785e+00
3.766543546686976218e-01 4.574378381642066893e-01 5.413963786773778875e-01 5.720061956605975162e-01 6.359408656286213990e-01 8.165543862296392730e-01 9.193100717093646290e-01 9.255803883191453529e-01 9.870785127011301174e-01 1.095392522844874872e+00 1.119081027498020520e+00 1.142418739015354179e+00 1.239486331963104870e+00 1.372624749260264787e+00 1.427792253746122952e+00 1.433236677641668733e+00 1.576732936283589126e+00 1.631068406238659563e+00 1.653843637335315364e+00 1.708487868170934121e+00 1.739817789235149625e+00 1.883062051399153169e+00 1.918587127967230632e+00 2.523708184843501012e+00 2.621863434098445911e+00 2.940270094266420831e+00 3.679408258476561500e+00 5.231945340529168043e+00 5.287467402105512804e+00 5.371561075532941487e+00
3.654492158919228073e-01 4.307340647077863571e-01 5.443281983180604522e-01 5.476668353926837929e-01 6.134514805470013821e-01 8.075395557084489306e-01 9.031242462879166544e-01 9.262785610469534969e-01 9.759237482841202072e-01 1.103389157137981691e+00 1.103979087668183867e+00 1.142144476932663411e+00 1.240544090138459454e+00 1.378620633797603023e+00 1.424553895902212819e+00 1.436524997950703320e+00 1.594154661838948162e+00 1.630295097311631469e+00 1.666525338015016677e+00 1.712351273167914023e+00 1.745045707550959557e+00 1.880626931313492234e+00 1.919977106461802974e+00 2.523604831753927247e+00 2.619376919422300887e+00 2.942356185146020930e+00 3.681202499299108144e+00 5.230362785892481270e+00 5.287938865831586455e+00 5.370267901908560404e+00
3.582438375313636292e-01 4.106847458172693255e-01 5.222282918463996282e-01 5.570577922803512383e-01 5.941108619658920231e-01 8.043811441664048267e-01 8.926835123811536210e-01 9.267728707122273590e-01 9.698349755835848907e-01 1.093593443667397302e+00 1.109590415286792586e+00 1.141452688195685017e+00 1.241832158699052613e+00 1.382450532251239483e+00 1.422363770318795906e+00 1.438512246074755474e+00 1.605229851053514345e+00 1.629829235538516663e+00 1.673215538600182573e+00 1.711345029486221136e+00 1.752941144285471209e+00 1.879095664368605645e+00 1.920848912508865469e+00 2.523539861900871983e+00 2.617663350593989691e+00 2.943482088509880690e+00 3.682389052917387939e+00 5.229394731772998739e+00 5.288286672283532219e+00 5.369367886716744920e+00
3.557550701882528643e-01 4.030872900913737289e-01 5.139091027289003355e-01 5.644776091056570300e-01 5.833379756124236204e-01 8.037449427121613477e-01 8.890959368957537245e-01 9.269502681133651167e-01 9.679072226587690508e-01 1.090255123425443173e+00 1.111586057187512910e+00 1.141084779191776422e+00 1.242368157907515869e+00 1.383769686712372549e+00 1.421586636872046006e+00 1.439175133120918382e+00 1.609092353701198963e+00 1.629673516053836257e+00 1.675212839399529807e+00 1.710527473377620566e+00 1.756310159825384076e+00 1.878572899771158156e+00 1.921142053895408042e+00 2.523517691489325365e+00 2.617051467582123703e+00 2.943835127512203886e+00 3.682803845517964803e+00 5.229068937611951462e+00 5.288415511133959690e+00 5.369044611109624832e+00
5.565651850437625114e-01 5.713019037294063684e-01 6.147967152244480094e-01 6.558515085234999376e-01 7.529470275164416027e-01 8.389785607799900014e-01 9.176867183305902342e-01 9.256103931234896942e-01 1.064824639274938534e+00 1.103019273623414342e+00 1.157323559240127642e+00 1.240113965497503745e+00 1.260385297325566034e+00 1.334113722739544539e+00 1.369503695479890260e+00 1.437653165343540929e+00 1.516709329913316529e+00 1.636634845293956086e+00 1.643874285782475297e+00 1.735697385092446865e+00 1.892635472377266037e+00 1.967020341171959341e+00 2.009155929092946824e+00 2.525535357762211053e+00 2.622530363969723943e+00 2.806267942735383603e+00 3.680883180738605986e+00 5.272564938824801928e+00 5.331013585702261359e+00 5.342314920470182749e+00
5.623022115397527942e-01 5.688707147162669342e-01 6.177219242368608976e-01 6.568496709081644847e-01 7.635750749517510316e-01 8.266276804493867258e-01 9.180953152147014462e-01 9.418584304185373401e-01 1.063142737344591859e+00 1.098261706683039796e+00 1.154355306686003724e+00 1.235105007286602996e+00 1.259115124243542327e+00 1.336917975226880051e+00 1.371449712634329687e+00 1.441613231888706936e+00 1.514389475838077148e+00 1.638881668942031355e+00 1.644374847753989011e+00 1.727717274791692459e+00 1.894986117335741183e+00 1.964642538689969298e+00 2.006207687155774799e+00 2.525358200718388346e+00 2.600726830832880587e+00 2.810923360967382489e+00 3.682244612001260631e+00 5.273164991530199686e+00 5.306306473127870404e+00 5.357406435078548412e+00
5.642010204821038544e-01 5.741933446925665541e-01 6.256772768785465733e-01 6.597922674423004619e-01 7.737040075425012375e-01 8.162639344954399911e-01 9.178875748982605609e-01 9.731614788006099914e-01 1.058822679628443453e+00 1.089963587181241644e+00 1.145372421581134281e+00 1.225620841559360574e+00 1.255857971288514285e+00 1.344022659918495011e+00 1.374664413510797933e+00 1.451751321792252858e+00 1.508611815444213633e+00 1.644187510438144262e+00 1.645516808823484167e+00 1.703873237163987309e+00 1.901251587629674944e+00 1.953389084236869522e+00 2.002186711078484560e+00 2.524925874312689000e+00 2.557100192087310209e+00 2.818312009744689650e+00 3.684925238709373829e+00 5.274350867974541224e+00 5.279361993296713962e+00 5.364700095595412499e+00
5.609346296939734522e-01 5.848974043246243371e-01 6.402893310886389466e-01 6.629845693545515228e-01 7.448088440440522318e-01 8.315239159567920924e-01 9.152398515298009185e-01 1.006220423160145483e+00 1.055467892365556937e+00 1.088064362905459159e+00 1.129369454838255793e+00 1.224835215427222401e+00 1.252067208164194811e+00 1.350652728368605837e+00 1.375278310592070952e+00 1.462101430712499095e+00 1.499830172776855486e+00 1.646822339309989891e+00 1.651532875767599107e+00 1.671390332850484883e+00 1.909597023617319644e+00 1.935594478844824939e+00 2.001814670973908861e+00 2.524503624433925619e+00 2.528300614305299732e+00 2.822302707842854641e+00 3.686610641457890303e+00 5.268258587929068426e+00 5.274806851561509191e+00 5.363643618620279163e+00
5.618304831202186600e-01 5.822331181989799376e-01 6.566887434854276062e-01 6.706913072706347512e-01 7.049205415244655937e-01 8.387982673186956672e-01 9.118128842155179825e-01 1.038305222457329258e+00 1.056814736926651399e+00 1.092476716541230353e+00 1.107617749726644840e+00 1.237585917904618915e+00 1.248431804024151992e+00 1.350572888579098185e+00 1.372719486432252944e+00 1.461489379758971197e+00 1.488546284991414836e+00 1.648080472801509488e+00 1.648354162480785812e+00 1.667458720922119664e+00 1.918015871197219280e+00 1.922448748010590958e+00 2.004646290140672082e+00 2.524347596187653586e+00 2.534151386658936467e+00 2.822410842730284308e+00 3.686357692007411035e+00 5.273670588799444836e+00 5.276565303962954978e+00 5.359348825264043548e+00
5.526752210792276188e-01 5.673862933203707160e-01 6.573907245736119176e-01 6.862601849828157130e-01 6.985005240936968951e-01 8.254789765411806313e-01 9.113304317661238274e-01 1.057857517915512080e+00 1.073883299818370496e+00 1.074015639344370276e+00 1.104057233778463543e+00 1.244232407361975712e+00 1.251314999183557486e+00 1.340006746249075897e+00 1.369518843394309071e+00 1.449254655229394562e+00 1.484997087154815709e+00 1.642378775080384878e+00 1.650262596430573048e+00 1.689910858175655228e+00 1.920430973854155843e+00 1.924945979157907550e+00 2.006883100228913808e+00 2.524497978393595687e+00 2.569895172734280031e+00 2.819264453728942410e+00 3.684676598715166840e+00 5.271354421025671755e+00 5.297132502895021133e+00 5.354371490725085891e+00
