-2.780131298550017616e-01
-2.491851604306374590e-01
-2.203571910062731287e-01
-1.915292215819087707e-01
-1.627012521575444681e-01
-1.338732827331801378e-01
-1.050453133088157937e-01
-7.621734388445149111e-02
-4.738937446008715387e-02
-1.856140503572281664e-02
1.026656438864149284e-02
3.909453381300580233e-02
6.792250323737016038e-02
9.675047266173447680e-02
1.255784420860987793e-01
1.544064115104631374e-01
1.832343809348274677e-01
2.120623503591917702e-01
2.408903197835561283e-01
2.697182892079204031e-01
2.985462586322847334e-01
3.273742280566491192e-01
3.562021974810133385e-01
3.850301669053777243e-01
4.138581363297421101e-01
4.426861057541063293e-01
4.715140751784707152e-01
5.003420446028350455e-01
5.291700140271993202e-01
5.579979834515637060e-01
5.868259528759280919e-01
6.156539223002922556e-01
6.444818917246566414e-01
6.733098611490210272e-01
7.021378305733853020e-01
7.309657999977495768e-01
7.597937694221139626e-01
7.886217388464782374e-01
8.174497082708425122e-01
8.462776776952070090e-01
8.751056471195712838e-01
9.039336165439355586e-01
9.327615859682999444e-01
9.615895553926642192e-01
9.904175248170284940e-01
1.019245494241392880e+00
1.048073463665757155e+00
1.076901433090121429e+00
1.105729402514485926e+00
1.134557371938850201e+00
1.163385341363214476e+00
1.192213310787578973e+00
1.221041280211943247e+00
1.249869249636307522e+00
1.278697219060671797e+00
1.307525188485036072e+00
1.336353157909400347e+00
1.365181127333764843e+00
1.394009096758129118e+00
1.422837066182493393e+00
1.451665035606857890e+00
1.480493005031222165e+00
1.509320974455586439e+00
1.538148943879950936e+00
1.566976913304314989e+00
1.595804882728679264e+00
1.624632852153043761e+00
1.653460821577408035e+00
1.682288791001772310e+00
1.711116760426136585e+00
1.739944729850500860e+00
1.768772699274865579e+00
1.797600668699229853e+00
1.826428638123594128e+00
1.855256607547958403e+00
1.884084576972322456e+00
1.912912546396686508e+00
1.941740515821051227e+00
1.970568485245415946e+00
1.999396454669779777e+00
2.028224424094144496e+00
2.057052393518508104e+00
2.085880362942873045e+00
2.114708332367237542e+00
2.143536301791601595e+00
2.172364271215966092e+00
2.201192240640330144e+00
2.230020210064694641e+00
2.258848179489058694e+00
2.287676148913423191e+00
2.316504118337787688e+00
2.345332087762151740e+00
2.374160057186516237e+00
2.402988026610880290e+00
2.431815996035244787e+00
2.460643965459609728e+00
2.489471934883973336e+00
2.518299904308338277e+00
2.547127873732701886e+00
2.575955843157066827e+00
2.604783812581430436e+00
2.633611782005794932e+00
2.662439751430159873e+00
2.691267720854523482e+00
2.720095690278888423e+00
2.748923659703252032e+00
2.777751629127616972e+00
2.806579598551981469e+00
2.835407567976345522e+00
2.864235537400710019e+00
2.893063506825074072e+00
2.921891476249438568e+00
2.950719445673802177e+00
2.979547415098167118e+00
3.008375384522531615e+00
3.037203353946895668e+00
3.066031323371260164e+00
3.094859292795624217e+00
3.123687262219988714e+00
3.152515231644353655e+00
3.181343201068717264e+00
3.210171170493081760e+00
3.238999139917445813e+00
3.267827109341810310e+00
3.296655078766174363e+00
3.325483048190538860e+00
3.354311017614903800e+00
3.383138987039267409e+00
3.411966956463632350e+00
3.440794925887995959e+00
3.469622895312360900e+00
3.498450864736724508e+00
3.527278834161089005e+00
3.556106803585453058e+00
3.584934773009817555e+00
3.613762742434182496e+00
3.642590711858546104e+00
3.671418681282911045e+00
3.700246650707274654e+00
3.729074620131639595e+00
3.757902589556003203e+00
3.786730558980368144e+00
3.815558528404732641e+00
3.844386497829096250e+00
3.873214467253461191e+00
3.902042436677824799e+00
3.930870406102189740e+00
3.959698375526554237e+00
3.988526344950918290e+00
4.017354314375283231e+00
4.046182283799646839e+00
4.075010253224011336e+00
4.103838222648374945e+00
4.132666192072739442e+00
4.161494161497104827e+00
4.190322130921468435e+00
4.219150100345832932e+00
4.247978069770196541e+00
4.276806039194561926e+00
4.305634008618926423e+00
4.334461978043290031e+00
4.363289947467654528e+00
4.392117916892019025e+00
4.420945886316383522e+00
4.449773855740747130e+00
4.478601825165111627e+00
4.507429794589476124e+00
4.536257764013840621e+00
4.565085733438205118e+00
4.593913702862568726e+00
4.622741672286933223e+00
4.651569641711297720e+00
4.680397611135662217e+00
4.709225580560026714e+00
4.738053549984390322e+00
4.766881519408754819e+00
4.795709488833119316e+00
4.824537458257483813e+00
4.853365427681848310e+00
4.882193397106211918e+00
4.911021366530577303e+00
4.939849335954940912e+00
4.968677305379305409e+00
4.997505274803669906e+00
5.026333244228033514e+00
5.055161213652398899e+00
5.083989183076762508e+00
5.112817152501127005e+00
5.141645121925490614e+00
5.170473091349855999e+00
5.199301060774220495e+00
5.228129030198584104e+00
5.256956999622948601e+00
5.285784969047312210e+00
5.314612938471677595e+00
5.343440907896041203e+00
5.372268877320405700e+00
5.401096846744770197e+00
5.429924816169134694e+00
5.458752785593499190e+00
