0.000000000000000000e+00
3.822160735397141934e-02
7.644321470794283868e-02
1.146648220619142511e-01
1.528864294158856774e-01
1.911080367698571036e-01
2.293296441238285022e-01
2.675512514777999562e-01
3.057728588317713547e-01
3.439944661857427533e-01
3.822160735397142073e-01
4.204376808936856058e-01
4.586592882476570043e-01
4.968808956016284584e-01
5.351025029555999124e-01
5.733241103095713109e-01
6.224598356430337542e-01
6.715955609764963086e-01
7.089192228713874222e-01
7.462428847662785358e-01
7.835665466611696495e-01
8.208902085560607631e-01
8.582138704509518767e-01
8.955375323458431014e-01
9.328611942407342150e-01
9.701848561356253287e-01
1.007508518030516331e+00
1.044038500752151988e+00
1.080568483473787644e+00
1.117098466195423523e+00
1.153628448917059179e+00
1.190158431638694836e+00
1.226688414360330492e+00
1.263218397081966149e+00
1.299748379803601805e+00
1.336278362525237462e+00
1.372808345246873341e+00
1.409338327968508997e+00
1.445868310690144654e+00
1.482398293411780310e+00
1.519696356123343417e+00
1.556994418834906524e+00
1.594292481546469631e+00
1.631590544258032960e+00
1.668888606969596067e+00
1.706186669681159174e+00
1.743484732392722281e+00
1.780782795104285388e+00
1.818080857815848494e+00
1.855404519710739608e+00
1.892728181605630722e+00
1.930051843500521835e+00
1.967375505395412949e+00
2.004699167290304285e+00
2.042022829185195398e+00
2.079346491080086512e+00
2.116670152974977626e+00
2.153993814869868739e+00
2.199408112604250842e+00
2.244822410338632945e+00
2.290236708073015492e+00
2.335651005807397596e+00
2.369434452992201123e+00
2.403217900177004651e+00
2.437001347361808179e+00
2.470784794546611707e+00
2.504568241731415235e+00
2.538351688916218762e+00
2.572135136101022290e+00
2.605918583285825818e+00
2.639702030470629346e+00
2.673485477655432874e+00
2.707268924840236402e+00
2.741052372025039485e+00
2.779951201841579955e+00
2.818850031658120869e+00
2.857748861474661339e+00
2.896647691291201809e+00
2.935546521107742279e+00
2.967216698417252108e+00
2.998886875726761936e+00
3.030557053036271764e+00
3.062227230345781148e+00
3.093897407655290976e+00
3.125567584964800805e+00
3.157237762274310633e+00
3.188907939583820461e+00
3.220578116893330289e+00
3.252248294202839674e+00
3.283918471512349502e+00
3.315588648821859330e+00
3.347258826131369158e+00
3.378929003440878986e+00
3.410599180750388815e+00
3.410599180750388815e+00
3.444167437190795766e+00
3.477735693631202274e+00
3.511303950071609226e+00
3.544872206512016177e+00
3.578440462952422685e+00
