-2.974680949574271129e-05 -8.715698807463152380e-06 1.659892159136502529e-08 5.647972733184434407e-02 1.000170861382797094e+00 1.239694163983627417e+00 1.239807958414452571e+00 1.339467281270191990e+00 1.339619636972533501e+00 1.341372779975006146e+00 1.341415643127943591e+00 1.343480580726053253e+00 1.403365424547264206e+00 1.556081267610350372e+00 1.556199498074717580e+00 1.827358587528682632e+00 1.827440852370255442e+00 1.984700001316348938e+00 1.984865368995109236e+00 2.031286605216538366e+00 2.031464738826244343e+00 2.171083935367893236e+00 2.225562197238661888e+00 2.360096523877481811e+00 2.360096691118958478e+00 2.941153587887785914e+00 2.974950913363144434e+00 3.424964995422683511e+00 3.425181994991034706e+00 3.800518779278161841e+00
4.421377639695894118e-02 5.407329843520531504e-02 8.980799570825007128e-02 1.022234081918873411e-01 9.936205370482628085e-01 1.224683866618876182e+00 1.238233396620291416e+00 1.328783072602524706e+00 1.333591157186529097e+00 1.338304105586431980e+00 1.342946891494645856e+00 1.352755663827036825e+00 1.416001867447042484e+00 1.559926102800075043e+00 1.563314166399496274e+00 1.827692718544347672e+00 1.827931233352753981e+00 1.984397393067187432e+00 1.984866173061994754e+00 2.030229934449235607e+00 2.030475247883176682e+00 2.170835427262722384e+00 2.227621951113520904e+00 2.360279853843377573e+00 2.360705948482141991e+00 2.934725208690407428e+00 2.974572238449061601e+00 3.425476738986538816e+00 3.431232575435871901e+00 3.800691749674823150e+00
8.819294176567847587e-02 1.079870975743265626e-01 1.500520260778354931e-01 2.035394206664382366e-01 9.752295622373202688e-01 1.187359985595114020e+00 1.229632977459288679e+00 1.311422607870661894e+00 1.323228460502413828e+00 1.336392922086000912e+00 1.346375828089075410e+00 1.364610663400662949e+00 1.440327351624943297e+00 1.570879858032434129e+00 1.581238359734632226e+00 1.828601911683488623e+00 1.829044058243835202e+00 1.983177400300029536e+00 1.984171205834414753e+00 2.027170907553717427e+00 2.028723000335828974e+00 2.170036204222421716e+00 2.233800700117846372e+00 2.360823627992461482e+00 2.362358242155663479e+00 2.916794184249210886e+00 2.973464977877235516e+00 3.426815162518846769e+00 3.448383314609493322e+00 3.801202016980697262e+00
1.310709864511307721e-01 1.614079221723818958e-01 2.150248328196959491e-01 3.029767163488864545e-01 9.477948155294955157e-01 1.140024192661616587e+00 1.206308720350342201e+00 1.296872304545515719e+00 1.311182668855926270e+00 1.336166659794289391e+00 1.351603208011449286e+00 1.380331931535434542e+00 1.463499830652190692e+00 1.587234821936875484e+00 1.603460180004582014e+00 1.829422811985636166e+00 1.830380920565008340e+00 1.979986060939291637e+00 1.981195608826850751e+00 2.022537004136990113e+00 2.029270546513942008e+00 2.168556150668774496e+00 2.243980705838325207e+00 2.361705558834379826e+00 2.364612674598923547e+00 2.890700770845538781e+00 2.971713654693878937e+00 3.428915748053811718e+00 3.473778254263904408e+00 3.802022736735400699e+00
1.722097378325176398e-01 2.140746991858098747e-01 2.806449537497494595e-01 3.994040576555523137e-01 9.141416086236223704e-01 1.090102625465784625e+00 1.168479416488313216e+00 1.286869045191755045e+00 1.297048502241669121e+00 1.337386858707819259e+00 1.358396321453201994e+00 1.400322136900804093e+00 1.482123765488254641e+00 1.606004298996523527e+00 1.624870195691661579e+00 1.827687711140016491e+00 1.833459532718858087e+00 1.970583147834337190e+00 1.978482363469234118e+00 2.017007098507341833e+00 2.034221411128732004e+00 2.166263649022666993e+00 2.257698934067432273e+00 2.362878061169635391e+00 2.366963309999888576e+00 2.860408356016742815e+00 2.969453177688399226e+00 3.431599963703633183e+00 3.504172348153498540e+00 3.803106644925601021e+00
2.108873480946604484e-01 2.657976509513259589e-01 3.455789902100805389e-01 4.914375245163936090e-01 8.765709247796743542e-01 1.041806830381550419e+00 1.121842304810380719e+00 1.278612835818730531e+00 1.280657757344634939e+00 1.339105131836307638e+00 1.366440774000141856e+00 1.423559593719211147e+00 1.496163508048794277e+00 1.624023971993054927e+00 1.642161188501578772e+00 1.823169968476257674e+00 1.838430054183334050e+00 1.957008011248907442e+00 1.974995975951167937e+00 2.011379659033217138e+00 2.042658768085126031e+00 2.163107795325693417e+00 2.274027637719805650e+00 2.364261513743643128e+00 2.369032966399204465e+00 2.829552338271096090e+00 2.966859965800921817e+00 3.434641829903122723e+00 3.536595859408649734e+00 3.804383957299509511e+00
2.462432244455137476e-01 3.164497073113741732e-01 4.089003302878491120e-01 5.772898019959133986e-01 8.370630701907658677e-01 9.980133962525291613e-01 1.070246179950830490e+00 1.262121683169610042e+00 1.270919752457977836e+00 1.340708443534807781e+00 1.375375549800915698e+00 1.448449024797743734e+00 1.505937188311426311e+00 1.639101560832273874e+00 1.653411469056816241e+00 1.816558110203891907e+00 1.845765766514670947e+00 1.940945751535247066e+00 1.970561190595669032e+00 2.006480639353379392e+00 2.052569581409182664e+00 2.159181418716447975e+00 2.291651956056207418e+00 2.365745866599503699e+00 2.370663738689908318e+00 2.801012235002721340e+00 2.964139770434223387e+00 3.437789560920491816e+00 3.568511488216517424e+00 3.805762316999552919e+00
2.772799240753135441e-01 3.659481833956934604e-01 4.691905878501855809e-01 6.545093038795274376e-01 7.979008755375477380e-01 9.611234403765568368e-01 1.015653144002527819e+00 1.241956438592180190e+00 1.263782830916971633e+00 1.341984446073797965e+00 1.384852669323344720e+00 1.473417325006718848e+00 1.511319756782436352e+00 1.650218696025162579e+00 1.658058763265340074e+00 1.810012258267400531e+00 1.855408661017367677e+00 1.923418556713390126e+00 1.964991746058934563e+00 2.002953148633083380e+00 2.062245427600061909e+00 2.154756545372090049e+00 2.309058898640398372e+00 2.367201770715526177e+00 2.371874036249952411e+00 2.776750803110293209e+00 2.961512508687999201e+00 3.440787816663604559e+00 3.597764306142371638e+00 3.807130599097580781e+00
3.029225303666109315e-01 4.141706776214372776e-01 5.230090362762169764e-01 7.195215826617249455e-01 7.631716622125471750e-01 9.335707713381410366e-01 9.592736830847812257e-01 1.221179294282235039e+00 1.257601820438652540e+00 1.342910508560542393e+00 1.394493248492607140e+00 1.496934535982024306e+00 1.512156259064957764e+00 1.656927474833636449e+00 1.657210148225742419e+00 1.806443064502677665e+00 1.866525607590873603e+00 1.905083319967461719e+00 1.958371492746770581e+00 2.000982418094943593e+00 2.070499982967279440e+00 2.150289637881218408e+00 2.324721516288788425e+00 2.368497331254568739e+00 2.372732542288054969e+00 2.757816503443892842e+00 2.959194763994276389e+00 3.443398636046580918e+00 3.622534842220246798e+00 3.808367539358082254e+00
3.221320183094302236e-01 4.607550954496612561e-01 5.609206965918063226e-01 7.427122651940036846e-01 7.672789384442800786e-01 9.022549586411191536e-01 9.179211903430192221e-01 1.201787800567329256e+00 1.252805534466282733e+00 1.343524363711022573e+00 1.403613435908370732e+00 1.509197273159188057e+00 1.517206564125089141e+00 1.652058698176651186e+00 1.660627352749183272e+00 1.807836961808675591e+00 1.877592438717841983e+00 1.886955019921317867e+00 1.951313601956262245e+00 2.000243252584838149e+00 2.076650693184408869e+00 2.146384472392348641e+00 2.337234782596727012e+00 2.369514801267483151e+00 2.373262438282276232e+00 2.744513730253534511e+00 2.957381152319678463e+00 3.445419230578407266e+00 3.641342874611269043e+00 3.809354746584012741e+00
3.340417316649724189e-01 5.046483743222704987e-01 5.669992339438860718e-01 7.524136701076897804e-01 7.936337754167666070e-01 8.464846915135768590e-01 9.142346137408474682e-01 1.187176926579764258e+00 1.249762074444602522e+00 1.343871081130560308e+00 1.410735128852615761e+00 1.504886106647180810e+00 1.531677654117584719e+00 1.646529942733643281e+00 1.661746097032817726e+00 1.813208426544613339e+00 1.871480444863030668e+00 1.886397602131775875e+00 1.945250318647096410e+00 2.000151440576954709e+00 2.080397568374573236e+00 2.143689653215119506e+00 2.345394147640890825e+00 2.370163187209707090e+00 2.373478464465713422e+00 2.736704557721816311e+00 2.956226346690450146e+00 3.446695622271507276e+00 3.653084446685934239e+00 3.809992106298193626e+00
3.380783825688520317e-01 5.422979994528466241e-01 5.434708533385907980e-01 7.819364490115845445e-01 8.011557752348963390e-01 8.040910348872301050e-01 9.150788923078996273e-01 1.181582098214114529e+00 1.248718541491944611e+00 1.343982839409703089e+00 1.413555018139140529e+00 1.502803378067631535e+00 1.537099196918597643e+00 1.644036342823472108e+00 1.661927148940122168e+00 1.816829945428225734e+00 1.864532808297086675e+00 1.889946185117792110e+00 1.942673087926874320e+00 2.000189023080294781e+00 2.081651102599761938e+00 2.142724277961512769e+00 2.348251875457416649e+00 2.370385715480318733e+00 2.373509994571235904e+00 2.734139337267667003e+00 2.955829947850725503e+00 3.447131927652155703e+00 3.657075585570657150e+00 3.810212449620199227e+00
3.452024967683052781e-01 5.436241981259332112e-01 5.465911193346890684e-01 7.790744908843610927e-01 7.890519995098354000e-01 8.029880925648216206e-01 9.294529442201664438e-01 1.180462854978611364e+00 1.237934225797955312e+00 1.347008181724691944e+00 1.421041173908609512e+00 1.500388362587866897e+00 1.536465579507074963e+00 1.641992722029826712e+00 1.664998222703485631e+00 1.817740150850145175e+00 1.862196022260844908e+00 1.891058968000396412e+00 1.941966218601840932e+00 2.002272980980660755e+00 2.080110158096106332e+00 2.141648005169809466e+00 2.349419457624378982e+00 2.370669903645082233e+00 2.373702426569004320e+00 2.731728620925293338e+00 2.955719829669430698e+00 3.452120859204995451e+00 3.653924048563246707e+00 3.810268472329744416e+00
3.661997458457748045e-01 5.482427167811663171e-01 5.536818051306623412e-01 7.600274445043709859e-01 7.726734975141203998e-01 8.020688914037517048e-01 9.609020985445916319e-01 1.177192376303791477e+00 1.211479785855609670e+00 1.355753940928769108e+00 1.437264915465179982e+00 1.493397084315643442e+00 1.536063566559724647e+00 1.636233679778533734e+00 1.673248025098981628e+00 1.819406092835100131e+00 1.854947793880242113e+00 1.895045079124948906e+00 1.940530062948353285e+00 2.008082674430129444e+00 2.075733521533596804e+00 2.138329156338428128e+00 2.352945748153055572e+00 2.371398189100966558e+00 2.374273645918974385e+00 2.725152044170690679e+00 2.955417763912666640e+00 3.466315976436986634e+00 3.644694115171095650e+00 3.810424342323881941e+00
3.994848467752375454e-01 5.542637025918590865e-01 5.615482511203266913e-01 7.289080774999816548e-01 7.641420180574518550e-01 7.989589181126240947e-01 9.969357788222648065e-01 1.171684982510483808e+00 1.179118277120720037e+00 1.369159098419227893e+00 1.452035626083755249e+00 1.482610349643108449e+00 1.539612469871585620e+00 1.627359447359797207e+00 1.684433080458425103e+00 1.820072439130978603e+00 1.843170990265791565e+00 1.902570472868610141e+00 1.939393749394911159e+00 2.016528767937596722e+00 2.069248349514893448e+00 2.132879224674486540e+00 2.358550153087076051e+00 2.372266157745870352e+00 2.375161329860206560e+00 2.716148826793351567e+00 2.954998456679859054e+00 3.487646327767949472e+00 3.630059976079504036e+00 3.810646150899644979e+00
4.417816935487715591e-01 5.575878494994107593e-01 5.651542011053705128e-01 7.022127734066168081e-01 7.583410676083943702e-01 7.925053065263510943e-01 1.031236667373927940e+00 1.148365177517979507e+00 1.164013999991872828e+00 1.385647248141093080e+00 1.459171633023776948e+00 1.469401356836406380e+00 1.550245045071473537e+00 1.615642870057044655e+00 1.695874998788963639e+00 1.819256749875895585e+00 1.829530798137041225e+00 1.912474607694018225e+00 1.938420762806697617e+00 2.026334885756308601e+00 2.061600927397607474e+00 2.126360514388700551e+00 2.365102910982085138e+00 2.372986592526785010e+00 2.376127934687706666e+00 2.707025182381198380e+00 2.954561560116944374e+00 3.513303454423258643e+00 3.611107967745510017e+00 3.810884035920267365e+00
4.888136554495062791e-01 5.528629687051865860e-01 5.578347171632710433e-01 6.870064756655045457e-01 7.596678983751274927e-01 7.820173060089410377e-01 1.056349312785755279e+00 1.130238206911162280e+00 1.152523741265198742e+00 1.402709508276626993e+00 1.456409082909347896e+00 1.458632346753137465e+00 1.566760075754364712e+00 1.601302130913635713e+00 1.704538877422253851e+00 1.817399959037449220e+00 1.818880519517374061e+00 1.922459666220196706e+00 1.936175719412838392e+00 2.036319431846821626e+00 2.053486922954645078e+00 2.120917863524128588e+00 2.370760254480744234e+00 2.373404003554118180e+00 2.376711125151519166e+00 2.700140353304580909e+00 2.954215499386464661e+00 3.540282403007031231e+00 3.589205920924699811e+00 3.811076616826943209e+00
5.364599927864143192e-01 5.369836351878100045e-01 5.372656439975215248e-01 6.843144941584580199e-01 7.688977838320726343e-01 7.691414427720002500e-01 1.063112307701017611e+00 1.136729479109970020e+00 1.136993540608575159e+00 1.412009574533070744e+00 1.452981821999058676e+00 1.453123023587387763e+00 1.584799478238265946e+00 1.584904423289047903e+00 1.707615491489618442e+00 1.815491754660873314e+00 1.815829109514093487e+00 1.930793923281076685e+00 1.930870375375083103e+00 2.045051215396028077e+00 2.045563669208389612e+00 2.118796635255148164e+00 2.373425370491773823e+00 2.373459194267725003e+00 2.376629693236711471e+00 2.697505798029300017e+00 2.954074118953555317e+00 3.565642849584205631e+00 3.565844000015260473e+00 3.811153941872324591e+00
5.093692170719958945e-01 5.121906307873081987e-01 5.801784145720266794e-01 6.796796079988820516e-01 7.633266766695413486e-01 7.802844389274843362e-01 1.063652807880988593e+00 1.119875761633852829e+00 1.157077502871977970e+00 1.405097556256803104e+00 1.445701938380356877e+00 1.468010966664082817e+00 1.567969493079154342e+00 1.598550510558289339e+00 1.705741728166274118e+00 1.813321025553676469e+00 1.821709075516962040e+00 1.922875390569347642e+00 1.937562335332875474e+00 2.037889932932239301e+00 2.051921669969137163e+00 2.120207352109316101e+00 2.371128851928820502e+00 2.373140949376954634e+00 2.377095862149250394e+00 2.699537617165683301e+00 2.954250820916693332e+00 3.543639398192262924e+00 3.585370737040900035e+00 3.811071805990024597e+00
4.760723255504672458e-01 4.807099610834231762e-01 6.219310860758986426e-01 6.573946724905427308e-01 7.751035008484327138e-01 7.870166612491106273e-01 1.070142739512757846e+00 1.104077153638172826e+00 1.179939052696459489e+00 1.392786189689941390e+00 1.437334299079549682e+00 1.491621635453167727e+00 1.549192514479945437e+00 1.605573642183984573e+00 1.702506023518342904e+00 1.810959048132251281e+00 1.834235710374847006e+00 1.912751092069013614e+00 1.944149316107992798e+00 2.030503193505797555e+00 2.056704450961251318e+00 2.124175347274977366e+00 2.364765012653306631e+00 2.372519106363386143e+00 2.377332539769045905e+00 2.705953683114941999e+00 2.954839432033555369e+00 3.522053546127961621e+00 3.599060149426045019e+00 3.810769882509133399e+00
4.394355973080286693e-01 4.442120261478086918e-01 6.191358581629751168e-01 6.620652689403868640e-01 7.819866271756978904e-01 8.022584254253176672e-01 1.084551318838097522e+00 1.094392039576965736e+00 1.202148331207146814e+00 1.380753450200151278e+00 1.428543608052080360e+00 1.517272948887078421e+00 1.529000237148927743e+00 1.603833863879933652e+00 1.700721883950555124e+00 1.808937059005643944e+00 1.851243598791001643e+00 1.900899620526636191e+00 1.950522985912122698e+00 2.023809261536634097e+00 2.058967773457409223e+00 2.129971834814198939e+00 2.354700395714611538e+00 2.371596775723301853e+00 2.376839718568679594e+00 2.717017022131121617e+00 2.955896793362501551e+00 3.501773262061843806e+00 3.605624937335166980e+00 3.810201642293655322e+00
4.005971676551318139e-01 4.043395398472210966e-01 5.714704250085892445e-01 6.955922694324432332e-01 7.649767344093164612e-01 8.389213882885915297e-01 1.095030817226682274e+00 1.105654738645739155e+00 1.222803690093730689e+00 1.370495785546423040e+00 1.419595291600710629e+00 1.505993875835389018e+00 1.543474337521999917e+00 1.594242879518686262e+00 1.699796858510595143e+00 1.807820600504388420e+00 1.870492747078383200e+00 1.888442602134265291e+00 1.956595465182098259e+00 2.018232229437429748e+00 2.058532614429048557e+00 2.136789925494569697e+00 2.341135800528898248e+00 2.370410698014825179e+00 2.375721585976871886e+00 2.732764822543142014e+00 2.957437818796745610e+00 3.483518490157018643e+00 3.604381626357915813e+00 3.809348636153796708e+00
3.602346166486214973e-01 3.622514093170590144e-01 5.179324250704404609e-01 6.890523804861439228e-01 7.688691016924134036e-01 8.822001672150006080e-01 1.106298227376634191e+00 1.131645149566799624e+00 1.241700202960436483e+00 1.362261063788108295e+00 1.410637841294135608e+00 1.482330681324981247e+00 1.565760325477850712e+00 1.579345319486505694e+00 1.697004087846135878e+00 1.808076430509292010e+00 1.872512551990529017e+00 1.894302194616500623e+00 1.962237638457700273e+00 2.014173875190062635e+00 2.055529866728643462e+00 2.143918567868010161e+00 2.324696973654503562e+00 2.369022568770621895e+00 2.374105807445734406e+00 2.753024659002004881e+00 2.959428418509760128e+00 3.467792203169653309e+00 3.595271741194171700e+00 3.808237505351329322e+00
3.187313971374816646e-01 3.187471550878388515e-01 4.603763729078028666e-01 6.356136877057786405e-01 8.033146189084813260e-01 9.304102167997276851e-01 1.125343847723494051e+00 1.160853838163097951e+00 1.258857871680358675e+00 1.355765003074357766e+00 1.401768193846942179e+00 1.457536006484432045e+00 1.561162438031105770e+00 1.582695379984216499e+00 1.689855867508132548e+00 1.809933403134432739e+00 1.860088893142405331e+00 1.915476994026060753e+00 1.967308522198757847e+00 2.012005196889627534e+00 2.050428258985950158e+00 2.150782948595520772e+00 2.306417809244852624e+00 2.367508104396818691e+00 2.372118613953277499e+00 2.777382660261216607e+00 2.961783586407482183e+00 3.454853602381573019e+00 3.578856520627101911e+00 3.806941421377135537e+00
2.743551772485219864e-01 2.762416602009805100e-01 3.999435894015780368e-01 5.642840065192713528e-01 8.425311546942876317e-01 9.821287133175272688e-01 1.148811007981356935e+00 1.191858959768709036e+00 1.274377440394479422e+00 1.350519376351806189e+00 1.393057537461776407e+00 1.432246084088588445e+00 1.540739280599755734e+00 1.592556770315050940e+00 1.676862170572922750e+00 1.813215628529431411e+00 1.848998435171468335e+00 1.936039430612597423e+00 1.971702702255944128e+00 2.011993170260156560e+00 2.044030618774654418e+00 2.156933663566267700e+00 2.287622337555206276e+00 2.365948275576488236e+00 2.369891937158835837e+00 2.805110828720385197e+00 2.964371569047435706e+00 3.444718932228971298e+00 3.556299103104678228e+00 3.805562517738231954e+00
2.293956999573091571e-01 2.327562035614592351e-01 3.374710206363771836e-01 4.825951449834051665e-01 8.812664921033369625e-01 1.035899227792697275e+00 1.173895923468178726e+00 1.223415602790768775e+00 1.288393117906300622e+00 1.346080211799086879e+00 1.384554325436151201e+00 1.407373261505783235e+00 1.518459259252991522e+00 1.594750216672164767e+00 1.657737512427408966e+00 1.817269649502162743e+00 1.840413425744066744e+00 1.954292889135317735e+00 1.975411736239707006e+00 2.014126215875423398e+00 2.037452102055302028e+00 2.162039570253382337e+00 2.269739054225195840e+00 2.364424966962833885e+00 2.367565244100960697e+00 2.835070688515723525e+00 2.967024116836202818e+00 3.437191622728156482e+00 3.529339856981966506e+00 3.804208315616794955e+00
1.840387399490461540e-01 1.881925177123472404e-01 2.737039558524153038e-01 3.936591285442733734e-01 9.176564490746267344e-01 1.090064576827882936e+00 1.198064754967452572e+00 1.254338734983398096e+00 1.301064745335884565e+00 1.342240740600980198e+00 1.376275048324588912e+00 1.384318009271171102e+00 1.494355464046321691e+00 1.590025433989093573e+00 1.633603547430153791e+00 1.821182911748521205e+00 1.834490388475848333e+00 1.968848505896253931e+00 1.978523318824785271e+00 2.017954007014608919e+00 2.032078857462394250e+00 2.165908661059907647e+00 2.254064056513029435e+00 2.363020018705622949e+00 2.365288520730441935e+00 2.865609579158983955e+00 2.969551907443102490e+00 3.431918219673065540e+00 3.500275303370672386e+00 3.802975105552567570e+00
1.383644474814608727e-01 1.424955075152673500e-01 2.094854169835080882e-01 2.994857509325871137e-01 9.500371866817929334e-01 1.142474139898517871e+00 1.218497327347366266e+00 1.283352888858824592e+00 1.312598668735291518e+00 1.339198664684505768e+00 1.365077161468688960e+00 1.368187960767973887e+00 1.468408418566973017e+00 1.580414592481025782e+00 1.607007739733117058e+00 1.824223716827186426e+00 1.830805746455705041e+00 1.978490822305308594e+00 1.981107489429473567e+00 2.022611664921400987e+00 2.029287472586669860e+00 2.168529541390996407e+00 2.241531327818461428e+00 2.361814499935430689e+00 2.363227903612585390e+00 2.894469165936394361e+00 2.971763371360815587e+00 3.428461497221855669e+00 3.471948947394435603e+00 3.801940721407563561e+00
9.242094230645094000e-02 9.572412320714079881e-02 1.462094243444623798e-01 2.016230995838795281e-01 9.763334945589824398e-01 1.189754250478800346e+00 1.232234129583314797e+00 1.308902132518891870e+00 1.323309504023733707e+00 1.337689891191504721e+00 1.351647699729357166e+00 1.360176324497384126e+00 1.441181023861025201e+00 1.569028657792789216e+00 1.581851301903587581e+00 1.826137487027368334e+00 1.828737116230363391e+00 1.983117360961744735e+00 1.983121678850076508e+00 2.027020820511001631e+00 2.029376412355923254e+00 2.170082711745746629e+00 2.232593642418996716e+00 2.360885249314646828e+00 2.361564791967182941e+00 2.918770886132605380e+00 2.973484455224421730e+00 3.426379183174728116e+00 3.447705647300452814e+00 3.801163156571625734e+00
4.626822336480370529e-02 4.809976130735722083e-02 8.803813020968072334e-02 1.013921567250506278e-01 9.939171988999916385e-01 1.225640012508505849e+00 1.238371984420810978e+00 1.328945960311901153e+00 1.333543321438674933e+00 1.338299234979008379e+00 1.344253539492065608e+00 1.351911189002252822e+00 1.415819531762268380e+00 1.559711957642110791e+00 1.563204559677684014e+00 1.827086474531370408e+00 1.827734394763605774e+00 1.984414878751889155e+00 1.984502506382260112e+00 2.030154877610417241e+00 2.030754786378285548e+00 2.170855070381069396e+00 2.227305625352964391e+00 2.360297693335870139e+00 2.360476346404325021e+00 2.935269337106698462e+00 2.974576631265917204e+00 3.425296737940930036e+00 3.431116808213577674e+00 3.800681690881446251e+00
-2.974680949574271129e-05 -8.715698807463152380e-06 1.659892159136502529e-08 5.647972733184434407e-02 1.000170861382797094e+00 1.239694163983627417e+00 1.239807958414452571e+00 1.339467281270191990e+00 1.339619636972533501e+00 1.341372779975006146e+00 1.341415643127943591e+00 1.343480580726053253e+00 1.403365424547264206e+00 1.556081267610350372e+00 1.556199498074717580e+00 1.827358587528682632e+00 1.827440852370255442e+00 1.984700001316348938e+00 1.984865368995109236e+00 2.031286605216538366e+00 2.031464738826244343e+00 2.171083935367893236e+00 2.225562197238661888e+00 2.360096523877481811e+00 2.360096691118958478e+00 2.941153587887785914e+00 2.974950913363144434e+00 3.424964995422683511e+00 3.425181994991034706e+00 3.800518779278161841e+00
4.382166074749673651e-02 4.382564000147271682e-02 6.548948870917946363e-02 1.136978328405158917e-01 1.001178803214657576e+00 1.237290088769090080e+00 1.237400942824905536e+00 1.318307081918226320e+00 1.318390081139576342e+00 1.343606206024527516e+00 1.361783368769394986e+00 1.361875993097524162e+00 1.402902941643171530e+00 1.557316551505684377e+00 1.557434545637532031e+00 1.827435306054951969e+00 1.827517284818218180e+00 1.986652913467421344e+00 1.986825310209540341e+00 2.029223899150306210e+00 2.029410304577624835e+00 2.153748533016747402e+00 2.239734674999666275e+00 2.362231397578570924e+00 2.362232555012807822e+00 2.907226403649102231e+00 3.014690004864201356e+00 3.422979346361912256e+00 3.423196795312381191e+00 3.799274785560391443e+00
8.660930780277656393e-02 8.729230023095087276e-02 8.730482470122320759e-02 2.254659828602218752e-01 1.004153184469252391e+00 1.228259750078057655e+00 1.228356842403977911e+00 1.299320917609758208e+00 1.299381328452340112e+00 1.344031278977221744e+00 1.380575728263517377e+00 1.380672507860438714e+00 1.401536486004725024e+00 1.560959750435634286e+00 1.561077033900923672e+00 1.827457143213442547e+00 1.827538040173138478e+00 1.991878599025769914e+00 1.992077911001092883e+00 2.023858838716621200e+00 2.024075858811710482e+00 2.120312382095240977e+00 2.263727314685701320e+00 2.368388579116326831e+00 2.368392647679911978e+00 2.866099008842324380e+00 3.072880923414694543e+00 3.417141417895874334e+00 3.417360201923258956e+00 3.795548210216644680e+00
1.121774550729240927e-01 1.300150843230894471e-01 1.300259994063563129e-01 3.333422185973554108e-01 1.008984648926375405e+00 1.209524894941421236e+00 1.209597521983031720e+00 1.287773374315164476e+00 1.287802210039740602e+00 1.344748258995418277e+00 1.396375235861607722e+00 1.396470874724711875e+00 1.399328243792810067e+00 1.566849000114691526e+00 1.566965223587485356e+00 1.826760139753647927e+00 1.826838662277404213e+00 1.997182290600833410e+00 1.997416810848725355e+00 2.018952692497380852e+00 2.019210898167609347e+00 2.081553053373474960e+00 2.286910615455937990e+00 2.377914057249393309e+00 2.377922763462248401e+00 2.829427244207094905e+00 3.136812636470824867e+00 3.407807701715492410e+00 3.408028671316014613e+00 3.789343642848716165e+00
1.383558972457700764e-01 1.715006328532404645e-01 1.715133478010258394e-01 4.352783538797787011e-01 1.015609242300164139e+00 1.182498607109324418e+00 1.182554079309880990e+00 1.283217432541707614e+00 1.283223344116654951e+00 1.345769013710444995e+00 1.396378595200868489e+00 1.409401424833475636e+00 1.409490971926598224e+00 1.574801648071736393e+00 1.574916906507898728e+00 1.824186969514952184e+00 1.824261406928306295e+00 1.994848168734177252e+00 1.994979099616284612e+00 2.023188581986210099e+00 2.023350963908279621e+00 2.039712320877406171e+00 2.307345926832738314e+00 2.389933958680040327e+00 2.389948673129493439e+00 2.797627228421822210e+00 3.204485968416274755e+00 3.395569685580210884e+00 3.395793658129422798e+00 3.780633031317003123e+00
1.632943330257464465e-01 2.111186436500590569e-01 2.111319907139510288e-01 5.290565566618209425e-01 1.024140839896390487e+00 1.151495894916755747e+00 1.151546142851221699e+00 1.282265003273208359e+00 1.282268903539429239e+00 1.347106420820129324e+00 1.392823320687949895e+00 1.420163192446225242e+00 1.420242912168755423e+00 1.584716109853923971e+00 1.584831259249490421e+00 1.818258092404047677e+00 1.818326577616810713e+00 1.987516781570060731e+00 1.987568699975458042e+00 1.995890637935058054e+00 2.034629489076026143e+00 2.034721529649097693e+00 2.324514695002844800e+00 2.403502837243149060e+00 2.403524412662038756e+00 2.770743166010065206e+00 3.273929069488315413e+00 3.381246759986019867e+00 3.381474680331170379e+00 3.769311970519938715e+00
1.858877605312655723e-01 2.480496113829213367e-01 2.480623481862005153e-01 6.122102362740414749e-01 1.034941265854736114e+00 1.119832836950842792e+00 1.119884822271805636e+00 1.282670039040198162e+00 1.282675978400969807e+00 1.348769225879498324e+00 1.388828126975246935e+00 1.429143838354085538e+00 1.429211291641329318e+00 1.596624716894734064e+00 1.596741597926325751e+00 1.807732454339171069e+00 1.807793017343780617e+00 1.951290441660047836e+00 1.981263496791862977e+00 1.981288108482631705e+00 2.047617605930436735e+00 2.047690964764602661e+00 2.338286049880385686e+00 2.417655176740105549e+00 2.417683830603382322e+00 2.748801482012280140e+00 3.342996847864270649e+00 3.365868940764942696e+00 3.366105778423254868e+00 3.755155665178537383e+00
2.053579449443373173e-01 2.812448181186933960e-01 2.812558420868690456e-01 6.820961722987368692e-01 1.048438377305920044e+00 1.089871703756829957e+00 1.089928604390767886e+00 1.283383990784088935e+00 1.283388408040215589e+00 1.350751571206172175e+00 1.384587383438437902e+00 1.436619667125882405e+00 1.436674183409333061e+00 1.610636509781409043e+00 1.610758294842751459e+00 1.792331463096368260e+00 1.792381542775525416e+00 1.907645693883027516e+00 1.977748606409809762e+00 1.977765102208786319e+00 2.060015554720308728e+00 2.060088519044085409e+00 2.348755521274189739e+00 2.431391990312757656e+00 2.431427276587438069e+00 2.731732352198528169e+00 3.350639974276089283e+00 3.350871254826535139e+00 3.409600869483721652e+00 3.737787663035177399e+00
2.211113813469341993e-01 3.094169842331457310e-01 3.094255582070652988e-01 7.363879296123307938e-01 1.063641313418726586e+00 1.063704522832344290e+00 1.064424420747433819e+00 1.283978975052805449e+00 1.283980720772572859e+00 1.353009971350429330e+00 1.380332021548891674e+00 1.442634385489613313e+00 1.442677017550245688e+00 1.626755690994930337e+00 1.626887844802509919e+00 1.772992217476144328e+00 1.773027386067867361e+00 1.867494070813148888e+00 1.976680674238575186e+00 1.976696586779260079e+00 2.070651269815115381e+00 2.070729951454058693e+00 2.356208568384088320e+00 2.443667405277283766e+00 2.443708299013601870e+00 2.719270493680087331e+00 3.336867888465333110e+00 3.337104158162758072e+00 3.471867365237882641e+00 3.716676622053784129e+00
2.326930079079167213e-01 3.311047225676425065e-01 3.311107036277624593e-01 7.740010019197147706e-01 1.043061342667597868e+00 1.043129631648713751e+00 1.080934640993964635e+00 1.284344834015747283e+00 1.284345594217621844e+00 1.355405007150073615e+00 1.376371360937834076e+00 1.447082985597162086e+00 1.447116196278546152e+00 1.644528330263623772e+00 1.644681324768010988e+00 1.751611011546142960e+00 1.751622026912628804e+00 1.834269093468428702e+00 1.977010467992203813e+00 1.977028376555313161e+00 2.078742886844568982e+00 2.078828183544725317e+00 2.361061348961977835e+00 2.453429430833140135e+00 2.453474504195581218e+00 2.710955638727633232e+00 3.325850868693502438e+00 3.326090403505440385e+00 3.528371626285441653e+00 3.691188909583051458e+00
2.397749930548739028e-01 3.448633039690608970e-01 3.448672860623239744e-01 7.955653596519015602e-01 1.029861043093824202e+00 1.029933167190247412e+00 1.093901165895266425e+00 1.284517021681151006e+00 1.284519465055623755e+00 1.357540789439878548e+00 1.373237291475561950e+00 1.449822571901746571e+00 1.449849785190954865e+00 1.661997013580515992e+00 1.662192708527150842e+00 1.731399531935998048e+00 1.731433220557500041e+00 1.811961722694246602e+00 1.977680291667391010e+00 1.977700244983317646e+00 2.083784348377105022e+00 2.083874500670873431e+00 2.363751059714232383e+00 2.459735620011436641e+00 2.459783240456974163e+00 2.706253891221825469e+00 3.318717689555600092e+00 3.318959285019061678e+00 3.577990174867782702e+00 3.660851231220979329e+00
2.421579972932563218e-01 3.495890862907756191e-01 3.495923136732277392e-01 8.025170133393609850e-01 1.025304135060002730e+00 1.025377644163546265e+00 1.098874597843713996e+00 1.284564423130312161e+00 1.284567451142703653e+00 1.358500850703423968e+00 1.371934308823236304e+00 1.450748084676365179e+00 1.450773245644830123e+00 1.671288133037015733e+00 1.671531348112453408e+00 1.721066387741395642e+00 1.721148265638385411e+00 1.804050973214168740e+00 1.977984202673154224e+00 1.978004969826453463e+00 2.085494655862099922e+00 2.085586564850405722e+00 2.364606980998531061e+00 2.461918578591990592e+00 2.461967050542115398e+00 2.704740418813244673e+00 3.316246937875071854e+00 3.316489245958532894e+00 3.612687675417174837e+00 3.632694810080799641e+00
2.478342059726132141e-01 3.536848759128280451e-01 3.592805302635466158e-01 7.927587769438139143e-01 1.024411226427350829e+00 1.027856978752653028e+00 1.103485989319755278e+00 1.264150642847873485e+00 1.280569196182587577e+00 1.354238741920935185e+00 1.387816430994248229e+00 1.449317936300847931e+00 1.451274550709555688e+00 1.672579912684231118e+00 1.675921637556043953e+00 1.722384002483968723e+00 1.722493770068167729e+00 1.807722095022995301e+00 1.977709046031824291e+00 1.979363943025689521e+00 2.084259280339177955e+00 2.085162814006014553e+00 2.364143868182949415e+00 2.461692036478075440e+00 2.462500814800325788e+00 2.702482391989272870e+00 3.316681462230412158e+00 3.318503975568411146e+00 3.612366106726598858e+00 3.632492093453572934e+00
2.632432882642005700e-01 3.661033335300427627e-01 3.866699178195204256e-01 7.663710219523176548e-01 1.021433387017603112e+00 1.033147315275838807e+00 1.116798501775962515e+00 1.223412956255768735e+00 1.267929593738105654e+00 1.343949397942789004e+00 1.412181994595149259e+00 1.448415241344933824e+00 1.452216658540522509e+00 1.675946790586044344e+00 1.687835777480541477e+00 1.726309089249545181e+00 1.726837885798701011e+00 1.818428485033733777e+00 1.976863119984264783e+00 1.983261749204053181e+00 2.080367771297787272e+00 2.084085460744432350e+00 2.362809336839204910e+00 2.460905496395722647e+00 2.464188189678327756e+00 2.695947263341474276e+00 3.317797770208124053e+00 3.324663663936400226e+00 3.611347156287499249e+00 3.631893180252305342e+00
2.844626652552749713e-01 3.871136307999782367e-01 4.277315664291840847e-01 7.289919588035863596e-01 1.015970813005750983e+00 1.038049698487603756e+00 1.136399684346752315e+00 1.178131717186466254e+00 1.245950765431373730e+00 1.332334240905904021e+00 1.416629267973534390e+00 1.452603338754641094e+00 1.462679349457935318e+00 1.680601879140360744e+00 1.703434337745524108e+00 1.732752676083609389e+00 1.735329838524332757e+00 1.835204170763696352e+00 1.975439871462188579e+00 1.989182320003538340e+00 2.073934248640408207e+00 2.082273823834431159e+00 2.360757856395294230e+00 2.459598269346945809e+00 2.466921392113906375e+00 2.685823609682276292e+00 3.319561202887481244e+00 3.334776121971501084e+00 3.609475824923132237e+00 3.630931152229887271e+00
3.072810333533705363e-01 4.164820699640239821e-01 4.779373556348829322e-01 6.855655133515055066e-01 1.007098941815860460e+00 1.041718437067089553e+00 1.133883198552779747e+00 1.157539079465929044e+00 1.216753936323569318e+00 1.322183605376143767e+00 1.404451136031078073e+00 1.451935112049214327e+00 1.486456215854262908e+00 1.685628576729451877e+00 1.718054814254271534e+00 1.741483784054959294e+00 1.749768285779076393e+00 1.856374944424382667e+00 1.973431688596227307e+00 1.996494583290554736e+00 2.065055202161429015e+00 2.079712629667273216e+00 2.358216243469390960e+00 2.457791063676276977e+00 2.470550173419240991e+00 2.673165119264873546e+00 3.321846978183567334e+00 3.348558324473088987e+00 3.606519579320475621e+00 3.629673620497320563e+00
3.287447675240207090e-01 4.524552282383743629e-01 5.333393072279541958e-01 6.403090239662541094e-01 9.933086342884359654e-01 1.044383549723690185e+00 1.094513531543531704e+00 1.162479712047568281e+00 1.197126904669417957e+00 1.314261310586509524e+00 1.386646501543810306e+00 1.450067392630226770e+00 1.509105628720948111e+00 1.690408104649184784e+00 1.730021326695754924e+00 1.752069004049327638e+00 1.769441223987385348e+00 1.879662785107764966e+00 1.970851282244072911e+00 2.004698540384385552e+00 2.053892482883931336e+00 2.076407472437617141e+00 2.355445576294917132e+00 2.455535465737598066e+00 2.474823700436285634e+00 2.659253529958518936e+00 3.324491715852966767e+00 3.365565223703655295e+00 3.602208162205764896e+00 3.628224576536277723e+00
3.470630950374747892e-01 4.900181517525516450e-01 5.907429043398263468e-01 5.994643454384470660e-01 9.733066677516812870e-01 1.046121891572810325e+00 1.063002918830285193e+00 1.127955907315326689e+00 1.209930407907264138e+00 1.309238095727836892e+00 1.365944612117226509e+00 1.447009740846665338e+00 1.528933258868862000e+00 1.694701152369024078e+00 1.740780122482086911e+00 1.763979091737368110e+00 1.791022368095634754e+00 1.902497749274459915e+00 1.967752320718341386e+00 2.013593997976598438e+00 2.040715097379760312e+00 2.072410423447063721e+00 2.352700741652485217e+00 2.452927840860200437e+00 2.479388734888300583e+00 2.645421266471824850e+00 3.327308957696829328e+00 3.385180487041428599e+00 3.596286691509022138e+00 3.626707203072548236e+00
3.603280284770842834e-01 5.093264522909853875e-01 5.844393838737578228e-01 6.477029631191655312e-01 9.484465893769103984e-01 1.039011834216957197e+00 1.046096048443908577e+00 1.085405989109073266e+00 1.224030544118604569e+00 1.308433905533142427e+00 1.343753597498483554e+00 1.442859084391016067e+00 1.545710089220568184e+00 1.698504654451714835e+00 1.751225419396973626e+00 1.776719123449715720e+00 1.812045379240328602e+00 1.922502959877485651e+00 1.964252513282063184e+00 2.022682851251849545e+00 2.026473138224775372e+00 2.067853603040511690e+00 2.350195767913872302e+00 2.450117583500248220e+00 2.483826850099432715e+00 2.632857291045316739e+00 3.330103871702904339e+00 3.406642081680396394e+00 3.588564391293388667e+00 3.625237903879551915e+00
3.653707731834984207e-01 4.927498870069509929e-01 6.165089034492781117e-01 7.018554967677843592e-01 9.229306140268358494e-01 1.020209999969058590e+00 1.027029965967305225e+00 1.057929297675825664e+00 1.232341410346386779e+00 1.312824902922699044e+00 1.321447471929690254e+00 1.437822182072770349e+00 1.559346938051940024e+00 1.701877021147726099e+00 1.761294515721013587e+00 1.789833644995830975e+00 1.831097596447978759e+00 1.938103479821796649e+00 1.960556677227486277e+00 2.009862967312704196e+00 2.033761917860292812e+00 2.062986999121324327e+00 2.348081420925372864e+00 2.447306356179451470e+00 2.487733383686853372e+00 2.622430754593610747e+00 3.332687546980048321e+00 3.429093731524245570e+00 3.578941597478524361e+00 3.623911658362551247e+00
3.590426179984292920e-01 4.755250146152573132e-01 6.645947182756379856e-01 7.509534596303089060e-01 9.007628987330396075e-01 9.805820533904353598e-01 1.003352397328357792e+00 1.055470224452742523e+00 1.235208555192647051e+00 1.300666388029511733e+00 1.321141301568942827e+00 1.432283822478462199e+00 1.569773088241911196e+00 1.704810434274361075e+00 1.770434910234262693e+00 1.802736113361637527e+00 1.847206141337198959e+00 1.948923605114732505e+00 1.956973617440100677e+00 1.994158354069431427e+00 2.043800548431250252e+00 2.058210868014989092e+00 2.346438811176271511e+00 2.444735274718480067e+00 2.490814598385580947e+00 2.614578804187934757e+00 3.334889696191154940e+00 3.451634244749714586e+00 3.567430164549406424e+00 3.622802279492692623e+00
3.444320717963522682e-01 4.684888939345382419e-01 7.165503869229009615e-01 7.919851411020940590e-01 8.846114575414307790e-01 9.296160967813282827e-01 9.874040433176467513e-01 1.055734635230846541e+00 1.235151570913256114e+00 1.283412189418416727e+00 1.330301931326667964e+00 1.426919439301558734e+00 1.577016419171309192e+00 1.707171139797481363e+00 1.777861699096748849e+00 1.814385423834809830e+00 1.859540198763096841e+00 1.953910096554682285e+00 1.955420137890949261e+00 1.980283124285906693e+00 2.052296970283146837e+00 2.054079103712621368e+00 2.345289277401646277e+00 2.442658396410870125e+00 2.492949998110117971e+00 2.609311737910148032e+00 3.336568836753886824e+00 3.473286186141389287e+00 3.554245951381667989e+00 3.621966965308144548e+00
3.307849166237047944e-01 4.671767844021388894e-01 7.698066437062868195e-01 8.200653959421865258e-01 8.762787262320466120e-01 8.771229268149193237e-01 9.739373498238574900e-01 1.056115783546164089e+00 1.234346291525028061e+00 1.271844342754267831e+00 1.337320483037579111e+00 1.422802471662067747e+00 1.581231880775098464e+00 1.708731994813333932e+00 1.782751617729747107e+00 1.822973280900230808e+00 1.867339887695605993e+00 1.951819117102313150e+00 1.957947292871711209e+00 1.971096017414878387e+00 2.051228756716960699e+00 2.057940402114851075e+00 2.344616955803909608e+00 2.441304369538945807e+00 2.494170573961040471e+00 2.606361389740416534e+00 3.337619562500742099e+00 3.492481199436209938e+00 3.540375102378960470e+00 3.621448065755451307e+00
3.254131971380898602e-01 4.671954715420408299e-01 8.198898365068177929e-01 8.273029563383247353e-01 8.297767487307902146e-01 8.747212763640750399e-01 9.680790032827102376e-01 1.056265052265112470e+00 1.233960819984286639e+00 1.267751678934782689e+00 1.339964338390576382e+00 1.421215241939610685e+00 1.582608830635899633e+00 1.709280862706113346e+00 1.784463314976457937e+00 1.826224365223819701e+00 1.870016256940906008e+00 1.951072758286402253e+00 1.957861284777969502e+00 1.968466658372841183e+00 2.050205590964353064e+00 2.059910658166249409e+00 2.344396649960517998e+00 2.440833711762551150e+00 2.494563249630775470e+00 2.605421332325327466e+00 3.337977081802955048e+00 3.502757893208564788e+00 3.531914467248542078e+00 3.621272079390796872e+00
3.289335371715082501e-01 4.659167019668460918e-01 8.042688690999357792e-01 8.228742534609884141e-01 8.301025607166776510e-01 8.914265738926212546e-01 9.738704848853684259e-01 1.056305587480360852e+00 1.232073958568219663e+00 1.267729587590341600e+00 1.335274521320676255e+00 1.417715373864275374e+00 1.588385330628322434e+00 1.711385166791678181e+00 1.783075154138310747e+00 1.826603051005262213e+00 1.869149683837816989e+00 1.951120748401179661e+00 1.958398150214716971e+00 1.969744698119786586e+00 2.049436647658988253e+00 2.059375959280206558e+00 2.344524202501428789e+00 2.441630942473668409e+00 2.494079596826448864e+00 2.604169095321122729e+00 3.340963914360441933e+00 3.502373296695831861e+00 3.529823086365011520e+00 3.621316426631704832e+00
3.389278079696539381e-01 4.621288262114866541e-01 7.769212084589810496e-01 8.125681277412778458e-01 8.306639435188915010e-01 9.220154848764137157e-01 9.888159903440796317e-01 1.056418721417796691e+00 1.224970588741171929e+00 1.267575270708180657e+00 1.324500541415036592e+00 1.407865712271493930e+00 1.603861555233411451e+00 1.716927693959945156e+00 1.778989813968656630e+00 1.827692549699612146e+00 1.866817193416486331e+00 1.951315478058780695e+00 1.958855281920087288e+00 1.974318471968570465e+00 2.047256839679572948e+00 2.057868672228448936e+00 2.344909472269650408e+00 2.443971763155319721e+00 2.492584768804478657e+00 2.600679621859989243e+00 3.349733338687333806e+00 3.501220987031955278e+00 3.523650889205937720e+00 3.621434864180980817e+00
3.538305083085392932e-01 4.558803351736422926e-01 7.495763113067339667e-01 8.018424802029545662e-01 8.304079373667616615e-01 9.551872805553712764e-01 1.008459978008224178e+00 1.056615227179899641e+00 1.209208057920124091e+00 1.267019217704097311e+00 1.314949470074607163e+00 1.393337463632458029e+00 1.625172983301304663e+00 1.724061015357208237e+00 1.772401617302301835e+00 1.829417317032539403e+00 1.863593172795400488e+00 1.951697908416822447e+00 1.958364354454829703e+00 1.982151166173516721e+00 2.043934554903862555e+00 2.055688159247815339e+00 2.345542490367259703e+00 2.447705145083481248e+00 2.489988485831157838e+00 2.595683946769862249e+00 3.363727341689730643e+00 3.499306385362861427e+00 3.513704109568553058e+00 3.621590389816784494e+00
3.713809282952018065e-01 4.471882811929263069e-01 7.254622335069564887e-01 7.951816378427994936e-01 8.282164306695543043e-01 9.884237134246535161e-01 1.029088868464711259e+00 1.057085228871690097e+00 1.183261493829528277e+00 1.265629931821684151e+00 1.311753669525763000e+00 1.376330122414715529e+00 1.648685188773013399e+00 1.730817105632270980e+00 1.763622308185922138e+00 1.831792099139720742e+00 1.859937335323703422e+00 1.952307001612015647e+00 1.957297644546297066e+00 1.991823930861563730e+00 2.039678862632396061e+00 2.053305659488596557e+00 2.346355540768008119e+00 2.452583170989749206e+00 2.486252990355327874e+00 2.590192530025259732e+00 3.382059395401193935e+00 3.496637400931627226e+00 3.500498321218925568e+00 3.621739892739308075e+00
3.889624783078209358e-01 4.364308779756170820e-01 7.067525912768487517e-01 7.948566464648199048e-01 8.234798568218797410e-01 1.020519368623879597e+00 1.046602209009544593e+00 1.059367101799463473e+00 1.150013172674763773e+00 1.263036321852843091e+00 1.314826904639813332e+00 1.359232073323511480e+00 1.671366050136517067e+00 1.735843877858373130e+00 1.753337733216615124e+00 1.834993267525118377e+00 1.855908361512179416e+00 1.953119492669787016e+00 1.956055521888758753e+00 2.001996742371713545e+00 2.034512424569872469e+00 2.051257948061445902e+00 2.347186775395959657e+00 2.458265565889163007e+00 2.481489466642446295e+00 2.585269724498032495e+00 3.403541439127767632e+00 3.484630668020296085e+00 3.493372919767346652e+00 3.621850332330870614e+00
4.040234793342458719e-01 4.249190172110872132e-01 6.952708147054981191e-01 8.003609124400788977e-01 8.164617516005133746e-01 1.050618674461629043e+00 1.053025208049180650e+00 1.069237064816461080e+00 1.113773458251071879e+00 1.259675213729200216e+00 1.322136120895385236e+00 1.344141734987557291e+00 1.689735265884916071e+00 1.738602180998459534e+00 1.743439624561564871e+00 1.839350812208205177e+00 1.851148973178599277e+00 1.953934582337750747e+00 1.954985843494250419e+00 2.011744259513962074e+00 2.028224925730614192e+00 2.050002450590638237e+00 2.347808404370129942e+00 2.464330842246372555e+00 2.475994066960526041e+00 2.581846479888649792e+00 3.426571810880397084e+00 3.466981854754759507e+00 3.489765561635419733e+00 3.621907909345755794e+00
4.145637111495738547e-01 4.151239345528255353e-01 6.917130702054989921e-01 8.083063504506690089e-01 8.085953883845098389e-01 1.053700489395194673e+00 1.077229362907093924e+00 1.079119208642368211e+00 1.079538329576056777e+00 1.257779659781782966e+00 1.331902307223178150e+00 1.332129758511441553e+00 1.697518270863740852e+00 1.738953966576820998e+00 1.739211438341746963e+00 1.845142334233103254e+00 1.845247989870081540e+00 1.954413628994662533e+00 1.954440604054638930e+00 2.020526457484871585e+00 2.020629084005087339e+00 2.049658062093356659e+00 2.348036315795442697e+00 2.470155038548080828e+00 2.470354331827272709e+00 2.580606160552079587e+00 3.448154444172137900e+00 3.448382291063716742e+00 3.487488241941991696e+00 3.621921372765787073e+00
4.091968244930818122e-01 4.202616531353578488e-01 6.930872972625710116e-01 8.018584577046782291e-01 8.137819854667797115e-01 1.049266100459880002e+00 1.053335475921395092e+00 1.084291022720761388e+00 1.101623744691007323e+00 1.260418482045038369e+00 1.322871459421727902e+00 1.342740769723279382e+00 1.691608928907455400e+00 1.737560369891831158e+00 1.742771735681965195e+00 1.838373082203727416e+00 1.852105605318416393e+00 1.954443451770184303e+00 1.954543154297277097e+00 2.012540073928153816e+00 2.028133750209827557e+00 2.049359321081559493e+00 2.347945496370027918e+00 2.465148476072614780e+00 2.475243520008357123e+00 2.581512674689061093e+00 3.430407062807046881e+00 3.459919476445381559e+00 3.492682786557742780e+00 3.621934140375052014e+00
4.098791097593929011e-01 4.205315440827521178e-01 6.929770016113564468e-01 7.996485007597899930e-01 8.128412136768474738e-01 1.025497104579253138e+00 1.052466721540208372e+00 1.086738325654013293e+00 1.123755849531880679e+00 1.268969542899314851e+00 1.314565786047373841e+00 1.354561057505443866e+00 1.678692647041982067e+00 1.734640689948905079e+00 1.747583708335867847e+00 1.830217736304406762e+00 1.859775711589532143e+00 1.953863264057940974e+00 1.955288165663040978e+00 2.004666413389991853e+00 2.035221688655568073e+00 2.048108586961685074e+00 2.347775056375931424e+00 2.460516489211420410e+00 2.479515182450569455e+00 2.584319637207685538e+00 3.412822555774652322e+00 3.458591313234324005e+00 3.508351693055614451e+00 3.622001464889602840e+00
4.164442519566294854e-01 4.183868120976772520e-01 6.836113461125317148e-01 8.023823784521642022e-01 8.079619885125884915e-01 1.008925444673346661e+00 1.051476064283067613e+00 1.089874368879300448e+00 1.144745308349470525e+00 1.282564013595591357e+00 1.306228390178052035e+00 1.366781327109726218e+00 1.662875286680925546e+00 1.730583950254072967e+00 1.749964333871760980e+00 1.820955410032252031e+00 1.866135988200323226e+00 1.952230793997539848e+00 1.956597911293639358e+00 1.998583599367876440e+00 2.041029790701013091e+00 2.046104455356165364e+00 2.347654762718661470e+00 2.456761992604749256e+00 2.482687703010423963e+00 2.589086314639816866e+00 3.395963261168351011e+00 3.451416776793119645e+00 3.526728209274113013e+00 3.622167985925830447e+00
4.087558460725184140e-01 4.353576769921812528e-01 6.619664716752676759e-01 7.810566874334085030e-01 8.287017391927060661e-01 9.997985331117343888e-01 1.050757292036605950e+00 1.096488164989746661e+00 1.165044452102759864e+00 1.292792315348153309e+00 1.303641005497653271e+00 1.378888432383743812e+00 1.645459969043552517e+00 1.725730449183656923e+00 1.749529954580585134e+00 1.810879992227761193e+00 1.868159393034700910e+00 1.948985795596964277e+00 1.958426431314930438e+00 1.996368853077533423e+00 2.039253328450827851e+00 2.049325840390073150e+00 2.347729759516187453e+00 2.454089161027150467e+00 2.484570453967677839e+00 2.595815470384282619e+00 3.380315661990253684e+00 3.441599876524881196e+00 3.544105987444244654e+00 3.622478455886882998e+00
3.982015150711241125e-01 4.603725345401625813e-01 6.309372144732764420e-01 7.496230176226184039e-01 8.586526449844154030e-01 9.973663730070144728e-01 1.050279740967011044e+00 1.107575885114758796e+00 1.185101961712233809e+00 1.282757904895374113e+00 1.321457678076867204e+00 1.390448843694512160e+00 1.626843049909255212e+00 1.720353570684347133e+00 1.746866708206828989e+00 1.800300343810562032e+00 1.863355120665620035e+00 1.943489654900821817e+00 1.960703016927932696e+00 1.999539511036102724e+00 2.032842085493952400e+00 2.054859328400954421e+00 2.348143927527168273e+00 2.452575155955931674e+00 2.485086556094542765e+00 2.604444631994822235e+00 3.366262138815442118e+00 3.429903020776963629e+00 3.559492632158868464e+00 3.622972686796406716e+00
3.853952473572489490e-01 4.922707164187153928e-01 5.941547447455687303e-01 7.100980671900634089e-01 8.941166788726192527e-01 1.000616703980426125e+00 1.049736445502373661e+00 1.122640693109438148e+00 1.205298111796654137e+00 1.268946579633887684e+00 1.341680980544387003e+00 1.401115638550675557e+00 1.607110676400204330e+00 1.714659479050265833e+00 1.742674104413597602e+00 1.789487229074764096e+00 1.851443634876917654e+00 1.935063471263307466e+00 1.963194034142293098e+00 2.007790130225605818e+00 2.024849991661205273e+00 2.060123253480727890e+00 2.349014338467112939e+00 2.452159968342013219e+00 2.484283410807861969e+00 2.614822508437785853e+00 3.354060275291486981e+00 3.416654498147822405e+00 3.572612587845008125e+00 3.623680380587578576e+00
3.708073596975620112e-01 5.295167236564426450e-01 5.543322377376824761e-01 6.647180431194409378e-01 9.315780370032055169e-01 1.009398696264229400e+00 1.048905335426792984e+00 1.140315880003513138e+00 1.225887603502860079e+00 1.253063649598818996e+00 1.361872572110675472e+00 1.410623440259138883e+00 1.586210881192638533e+00 1.708796199680252981e+00 1.737531553856087374e+00 1.778662284566259633e+00 1.833942665119730808e+00 1.923131939053793316e+00 1.965675397943775771e+00 2.016244927715806323e+00 2.019328988432908201e+00 2.064972069345313521e+00 2.350398087006563941e+00 2.452664603441362612e+00 2.482328408695228639e+00 2.626681652253778587e+00 3.343833149104155744e+00 3.402191660022419573e+00 3.583458197107919574e+00 3.624615496722505270e+00
3.547526266857582988e-01 5.135738130076793473e-01 5.704476477536195578e-01 6.155181492354568906e-01 9.655409839104971415e-01 1.026417900457026189e+00 1.047692707400768253e+00 1.158423995289585839e+00 1.236367527830731783e+00 1.246948575676214199e+00 1.381194315993710786e+00 1.418767774864241327e+00 1.564027038221185162e+00 1.702867073688202337e+00 1.731841518131561619e+00 1.768013452633381721e+00 1.812750600434568149e+00 1.907543400519744914e+00 1.968058075020685083e+00 2.007904722940499376e+00 2.032210038491511384e+00 2.069390676369044169e+00 2.352267075936452567e+00 2.453834689818886083e+00 2.479488880949851648e+00 2.639617317651065775e+00 3.335572905006553235e+00 3.386979964018675293e+00 3.592149683752674960e+00 3.625768514265328868e+00
3.373747674567925681e-01 4.737979077068537048e-01 5.641434559734073151e-01 6.136229640797582485e-01 9.888337612147446443e-01 1.046048595323126884e+00 1.056657234639426513e+00 1.171742726916430444e+00 1.223413651345006903e+00 1.268338798085579588e+00 1.399015821302797669e+00 1.425358656428740600e+00 1.540447055989002223e+00 1.696944876883602182e+00 1.725772018579410316e+00 1.757727899052179854e+00 1.789653289846052209e+00 1.888892009490693358e+00 1.970308299878414937e+00 2.000396328660583922e+00 2.044990844839009725e+00 2.073366754317931271e+00 2.354505641126003912e+00 2.455392755042470121e+00 2.476098778187728389e+00 2.653081030011122721e+00 3.329157790436888753e+00 3.371632275152070868e+00 3.598880754459537812e+00 3.627094907625398879e+00
3.186747382415485719e-01 4.370150852559561150e-01 5.127495781682616105e-01 6.571413067970748312e-01 1.002444416673692329e+00 1.043893721302175503e+00 1.097353727040044857e+00 1.168644137224652768e+00 1.225509832030330593e+00 1.289656965013032064e+00 1.414786997114425793e+00 1.430101901764694095e+00 1.515507585172246374e+00 1.691091107229557577e+00 1.719069633647095419e+00 1.748034878039477213e+00 1.766621319035062143e+00 1.868542392872710067e+00 1.972388517162500188e+00 1.993915017261144840e+00 2.056728656927151455e+00 2.076871130957341105e+00 2.356931022820619059e+00 2.457081757609031580e+00 2.472517980173903229e+00 2.666395632152574358e+00 3.324380364577916414e+00 3.356874335404352649e+00 3.603900058375983928e+00 3.628504788539955506e+00
2.987498827105097288e-01 4.053252899455796476e-01 4.633450238685654643e-01 6.994514545155615659e-01 1.011340292494295134e+00 1.041061163506979970e+00 1.142023468392863617e+00 1.151592886200592858e+00 1.240242918036864150e+00 1.310201070533566048e+00 1.428011056831830272e+00 1.432175495953364130e+00 1.489875961481324174e+00 1.685398464685810449e+00 1.710601032419009959e+00 1.739244213676070405e+00 1.746488023721302962e+00 1.848349539374469996e+00 1.974243240356457818e+00 1.988466360187178372e+00 2.066830002387228582e+00 2.079857061806284602e+00 2.359325142803057052e+00 2.458691329102500767e+00 2.469092168888025629e+00 2.678795438570854337e+00 3.320982662907522975e+00 3.343478268177951129e+00 3.607494992265225964e+00 3.629869467092594171e+00
2.784480897140150790e-01 3.804384752006144121e-01 4.187079584928011244e-01 7.384559685143470276e-01 1.017637087629297943e+00 1.037282992702148077e+00 1.131723901875862026e+00 1.187093501570181120e+00 1.256983556688626491e+00 1.328916449255117760e+00 1.428322397277778988e+00 1.438285615744782531e+00 1.466912005601996638e+00 1.680074967159076671e+00 1.698757553375096707e+00 1.731754477233558243e+00 1.732704628549124104e+00 1.830288559277866378e+00 1.975801609174572482e+00 1.984055535295116801e+00 2.074931868542985836e+00 2.082266730276477684e+00 2.361466285170071178e+00 2.460066910854447730e+00 2.466120816616234279e+00 2.689489972802448836e+00 3.318693347187235076e+00 3.332184530154457924e+00 3.609956059863566491e+00 3.631053653318994545e+00
2.600512549179764266e-01 3.630435946162935412e-01 3.823165022179643713e-01 7.713383690812419813e-01 1.021968748289263429e+00 1.032447149937572917e+00 1.114363521294601256e+00 1.230089065734763620e+00 1.271392234949046296e+00 1.344355009103685550e+00 1.411233595879509473e+00 1.445408849061240453e+00 1.454744139681802384e+00 1.675540169116712441e+00 1.685403519135889594e+00 1.725442978275395278e+00 1.726005158142573936e+00 1.816116596066736477e+00 1.976987063801525890e+00 1.980759646988522915e+00 2.080823371700994073e+00 2.084040767748709388e+00 2.363155288016633104e+00 2.461106364253631273e+00 2.463837960061727284e+00 2.697743469596137533e+00 3.317262344158712573e+00 3.323630762261581939e+00 3.611533062207904710e+00 3.631952868298944370e+00
2.469381595798882667e-01 3.529091820542568092e-01 3.581262444443636395e-01 7.941730522441026174e-01 1.024528857370380575e+00 1.027544031862808627e+00 1.102837758044446170e+00 1.266915658812098888e+00 1.281120514353126350e+00 1.354760470805891348e+00 1.386134918664156279e+00 1.449473724818975073e+00 1.451419963269711566e+00 1.672413185543415892e+00 1.675260537852349074e+00 1.722067144610684775e+00 1.722384423739830472e+00 1.807125067978538668e+00 1.977730611173171837e+00 1.978704925794854574e+00 2.084392144441339134e+00 2.085128168860497233e+00 2.364235482910152619e+00 2.461749680397284923e+00 2.462406009476196811e+00 2.702957235451953544e+00 3.316489720329619750e+00 3.318299704199830558e+00 3.612407824085744679e+00 3.632507933180839643e+00
2.421579972932563218e-01 3.495890862907756191e-01 3.495923136732277392e-01 8.025170133393609850e-01 1.025304135060002730e+00 1.025377644163546265e+00 1.098874597843713996e+00 1.284564423130312161e+00 1.284567451142703653e+00 1.358500850703423968e+00 1.371934308823236304e+00 1.450748084676365179e+00 1.450773245644830123e+00 1.671288133037015733e+00 1.671531348112453408e+00 1.721066387741395642e+00 1.721148265638385411e+00 1.804050973214168740e+00 1.977984202673154224e+00 1.978004969826453463e+00 2.085494655862099922e+00 2.085586564850405722e+00 2.364606980998531061e+00 2.461918578591990592e+00 2.461967050542115398e+00 2.704740418813244673e+00 3.316246937875071854e+00 3.316489245958532894e+00 3.612687675417174837e+00 3.632694810080799641e+00
3.254131971380898602e-01 4.671954715420408299e-01 8.198898365068177929e-01 8.273029563383247353e-01 8.297767487307902146e-01 8.747212763640750399e-01 9.680790032827102376e-01 1.056265052265112470e+00 1.233960819984286639e+00 1.267751678934782689e+00 1.339964338390576382e+00 1.421215241939610685e+00 1.582608830635899633e+00 1.709280862706113346e+00 1.784463314976457937e+00 1.826224365223819701e+00 1.870016256940906008e+00 1.951072758286402253e+00 1.957861284777969502e+00 1.968466658372841183e+00 2.050205590964353064e+00 2.059910658166249409e+00 2.344396649960517998e+00 2.440833711762551150e+00 2.494563249630775470e+00 2.605421332325327466e+00 3.337977081802955048e+00 3.502757893208564788e+00 3.531914467248542078e+00 3.621272079390796872e+00
3.300266954961728061e-01 4.657505777298260874e-01 8.190834971283452726e-01 8.230003511793798632e-01 8.300419991059899694e-01 8.756435989769402184e-01 9.731091357637772221e-01 1.044286536347450722e+00 1.234461656152040954e+00 1.274696012388816913e+00 1.340302977376335525e+00 1.421538143909024665e+00 1.582338199890479080e+00 1.709065427071775112e+00 1.779174600504640047e+00 1.831123041099086413e+00 1.869797974022143983e+00 1.946572865456671408e+00 1.958662736653040026e+00 1.971403155342802416e+00 2.048676169639766176e+00 2.062481514342463740e+00 2.344217594846085717e+00 2.439039084789087042e+00 2.492145309869800318e+00 2.606187447220806863e+00 3.340430652177161175e+00 3.482628186529818315e+00 3.534720076498401031e+00 3.635714093088871390e+00
3.433280104864747662e-01 4.614318703986597936e-01 8.113807934597684346e-01 8.173412011723338866e-01 8.306657821560781141e-01 8.782464823038568236e-01 9.804018551622131206e-01 1.019065867032481698e+00 1.235923649389399692e+00 1.290933944727785665e+00 1.341405520739454627e+00 1.422806118651692486e+00 1.581531264088029465e+00 1.708164620967586478e+00 1.767522464774114344e+00 1.841216974603788525e+00 1.868969005289408125e+00 1.938590233368690186e+00 1.957710667377933644e+00 1.978746242865562444e+00 2.044120761814730791e+00 2.069861884374856853e+00 2.343689778114955491e+00 2.433929573494651777e+00 2.485077447569862485e+00 2.608682803784780457e+00 3.347440541808382797e+00 3.437363538644430783e+00 3.542828876633463686e+00 3.664302777975730230e+00
3.638767076713331217e-01 4.542927166113512327e-01 7.959187364824555910e-01 8.144116646644631308e-01 8.312010773048855716e-01 8.821842428292526739e-01 9.522515866200357282e-01 1.023256010331299759e+00 1.238199328407639577e+00 1.308977387933446979e+00 1.343539801630559305e+00 1.425831063503660623e+00 1.580186599944309433e+00 1.705958516029264072e+00 1.753626334108072893e+00 1.851220265809473187e+00 1.867163034308346958e+00 1.929749536209911964e+00 1.956195705703627441e+00 1.988570154449570637e+00 2.036661036468740082e+00 2.081088188030383535e+00 2.342873425824325562e+00 2.426247307939966902e+00 2.473922124629622132e+00 2.613402082241447211e+00 3.357100789341900704e+00 3.382135120174309506e+00 3.555385843480412422e+00 3.693911602886383871e+00
3.897177940302559707e-01 4.444346549358578202e-01 7.768035896253748795e-01 8.111413438088920236e-01 8.310617492395943051e-01 8.870874960778927232e-01 9.032955097204204975e-01 1.046827696898480431e+00 1.240993931109519277e+00 1.324183624649139634e+00 1.347159251834181726e+00 1.431603667659502310e+00 1.578248154140101445e+00 1.701791246117291490e+00 1.738735007517085540e+00 1.857505496591497662e+00 1.864858198990084315e+00 1.920835582887329807e+00 1.956123495510167176e+00 2.000452607978275843e+00 2.026665507024132840e+00 2.094624013414523311e+00 2.341950814197203190e+00 2.416998036170902253e+00 2.459582770682460673e+00 2.620937411078735568e+00 3.316679856411299365e+00 3.373638547502233465e+00 3.571138165824844890e+00 3.720914330567976602e+00
4.186621763176368582e-01 4.320637860404439312e-01 7.506766344791133694e-01 8.078672036832276193e-01 8.296957238867656015e-01 8.561210357270477855e-01 8.925900054868600719e-01 1.073703777802950787e+00 1.243861337387681010e+00 1.334782053846521155e+00 1.352832649112168051e+00 1.440646445639425899e+00 1.575531658005491442e+00 1.695283592233614911e+00 1.723217944344925368e+00 1.855136720654044780e+00 1.865597669068864040e+00 1.912502847470614498e+00 1.958582854477817214e+00 2.012668976683280597e+00 2.016400929749017301e+00 2.108568729567978473e+00 2.341265199570190525e+00 2.407215970942397920e+00 2.443188107387578523e+00 2.631804954350589920e+00 3.251106402620747904e+00 3.388426274506779468e+00 3.588624314907802315e+00 3.744461900671557597e+00
4.169501047350305245e-01 4.489615002382973397e-01 7.117643305484507854e-01 8.048770089174422937e-01 8.215528669996410294e-01 8.272728237539579421e-01 8.982634347755372728e-01 1.100766006542936548e+00 1.246299254774678955e+00 1.341004400525007467e+00 1.361036763621087164e+00 1.452495778192515408e+00 1.571654951689682722e+00 1.686502956122764019e+00 1.707494401393982564e+00 1.847912996212585757e+00 1.866265134384729407e+00 1.905294804074298964e+00 1.962695263058965578e+00 2.002424490075837227e+00 2.029633552503188998e+00 2.121054340860600185e+00 2.341239737603141968e+00 2.397788404572324783e+00 2.425957561710553989e+00 2.646317982808885638e+00 3.184333438781652870e+00 3.403676988282769322e+00 3.606348925565777019e+00 3.764412631163842171e+00
3.996704139625477659e-01 4.780692719213143205e-01 6.627414216297410343e-01 8.021836830520482353e-01 8.025489096045458348e-01 8.227607081173697878e-01 9.036671379954384076e-01 1.126250873853938739e+00 1.247944079941967654e+00 1.343997355393311333e+00 1.371907306305124141e+00 1.465915021630594284e+00 1.566063112192593865e+00 1.676002460564335994e+00 1.692444707047471963e+00 1.839254152054402125e+00 1.865682773687112661e+00 1.899509623583073292e+00 1.964650098813671697e+00 1.993709068763730219e+00 2.044929621303567036e+00 2.130734735012851377e+00 2.342152027152952343e+00 2.389382018921971884e+00 2.409127217294259271e+00 2.664441521494204324e+00 3.119225993247939588e+00 3.417916361134306857e+00 3.622915126928294871e+00 3.780783428956070669e+00
3.803189838661609756e-01 5.041373504813213557e-01 6.142306361111996571e-01 7.917317717215293094e-01 8.006541575191978843e-01 8.174064277838108961e-01 9.083695806413994989e-01 1.148593708793213430e+00 1.248733625975325667e+00 1.344930722879619012e+00 1.384883376709871605e+00 1.479397585496334377e+00 1.558349701332585546e+00 1.664811110104452707e+00 1.679404554180268683e+00 1.830640944349607668e+00 1.864879383477938246e+00 1.895187844395347598e+00 1.959788604506538467e+00 1.992644490594887685e+00 2.059228807251689108e+00 2.137148523372392805e+00 2.343895486466220035e+00 2.382450635452891596e+00 2.393953732940740764e+00 2.685514276284060475e+00 3.058823134559515378e+00 3.430083599732959954e+00 3.637111496739676486e+00 3.793586678897121089e+00
3.604883626926144724e-01 5.250228888210347611e-01 5.751406283253805984e-01 7.858599560574878184e-01 7.998400058009189628e-01 8.117457528844267411e-01 9.120037722804921199e-01 1.166226339180760574e+00 1.248896773064305021e+00 1.344751289969183139e+00 1.398322717704605367e+00 1.491293592803740964e+00 1.549064895801937736e+00 1.654443506837887767e+00 1.669658536229106538e+00 1.823372461728202554e+00 1.864472983153654395e+00 1.892228823996107590e+00 1.951551597564852747e+00 1.995949143718181773e+00 2.071034028968566254e+00 2.140709385582209912e+00 2.345949923837796991e+00 2.377238489936881471e+00 2.381778194994864872e+00 2.707617258953650463e+00 3.007058874231351542e+00 3.439359765784424372e+00 3.647963488201323212e+00 3.802794484665699137e+00
3.444267719349818346e-01 5.386574903881000687e-01 5.505980551893484565e-01 7.828602507911656128e-01 8.001870318322465980e-01 8.067600019140489520e-01 9.142960389587453385e-01 1.177624560948080434e+00 1.248791715442915562e+00 1.344235469155306673e+00 1.409207244818294624e+00 1.499714219107639801e+00 1.540653570788134585e+00 1.646862011633688949e+00 1.663834801357321869e+00 1.818528868167472501e+00 1.864468144026315999e+00 1.890509713701484129e+00 1.945068744705476638e+00 1.999027762491805804e+00 2.078886831048495587e+00 2.142299759591350217e+00 2.347608359598379657e+00 2.372943945766234464e+00 2.374852710585333426e+00 2.726322759730634093e+00 2.969906312923136227e+00 3.445159619518431526e+00 3.654761557228803692e+00 3.808352990010841044e+00
3.380783825688520317e-01 5.422979994528466241e-01 5.434708533385907980e-01 7.819364490115845445e-01 8.011557752348963390e-01 8.040910348872301050e-01 9.150788923078996273e-01 1.181582098214114529e+00 1.248718541491944611e+00 1.343982839409703089e+00 1.413555018139140529e+00 1.502803378067631535e+00 1.537099196918597643e+00 1.644036342823472108e+00 1.661927148940122168e+00 1.816829945428225734e+00 1.864532808297086675e+00 1.889946185117792110e+00 1.942673087926874320e+00 2.000189023080294781e+00 2.081651102599761938e+00 2.142724277961512769e+00 2.348251875457416649e+00 2.370385715480318733e+00 2.373509994571235904e+00 2.734139337267667003e+00 2.955829947850725503e+00 3.447131927652155703e+00 3.657075585570657150e+00 3.810212449620199227e+00
5.364599927864143192e-01 5.369836351878100045e-01 5.372656439975215248e-01 6.843144941584580199e-01 7.688977838320726343e-01 7.691414427720002500e-01 1.063112307701017611e+00 1.136729479109970020e+00 1.136993540608575159e+00 1.412009574533070744e+00 1.452981821999058676e+00 1.453123023587387763e+00 1.584799478238265946e+00 1.584904423289047903e+00 1.707615491489618442e+00 1.815491754660873314e+00 1.815829109514093487e+00 1.930793923281076685e+00 1.930870375375083103e+00 2.045051215396028077e+00 2.045563669208389612e+00 2.118796635255148164e+00 2.373425370491773823e+00 2.373459194267725003e+00 2.376629693236711471e+00 2.697505798029300017e+00 2.954074118953555317e+00 3.565642849584205631e+00 3.565844000015260473e+00 3.811153941872324591e+00
5.521420325141810359e-01 5.553591946896098142e-01 5.556977817331676395e-01 6.903934014993639012e-01 7.503631503118494139e-01 7.506088993534485443e-01 1.058161977945965671e+00 1.140876160131274686e+00 1.141133798278350708e+00 1.413540866822784237e+00 1.424745250711867639e+00 1.424852237494530049e+00 1.614292375712862881e+00 1.614375878150604349e+00 1.708292921436992851e+00 1.809560467948276630e+00 1.809909132323711756e+00 1.936344110301132071e+00 1.936423158900041575e+00 2.050100557598094841e+00 2.050595857421878776e+00 2.101626829739509983e+00 2.370000213794578148e+00 2.370023110558037605e+00 2.386398661640822372e+00 2.689767336511414086e+00 2.970455508274981060e+00 3.561364671358599576e+00 3.561566493920837573e+00 3.807582194151480692e+00
5.686789060545344165e-01 5.690199923819491135e-01 5.885617410453786169e-01 6.963969549191665331e-01 7.339058114260522681e-01 7.341575521617037525e-01 1.054050178842973473e+00 1.142360653148497995e+00 1.142617800976281295e+00 1.398603759453978412e+00 1.398678016880268160e+00 1.411417243226792850e+00 1.642813168279883218e+00 1.642880039556382288e+00 1.708515824817288475e+00 1.806003484378007284e+00 1.806356676671858841e+00 1.943277033704841283e+00 1.943360661656331034e+00 2.052236311700164517e+00 2.052693997983980445e+00 2.085680139981184844e+00 2.370485397982730280e+00 2.370487852197105560e+00 2.392815109656138528e+00 2.673264689970148655e+00 3.007778184257492882e+00 3.553026228407391685e+00 3.553229667437269867e+00 3.800261051337552765e+00
5.747197741355576373e-01 5.750578065052457388e-01 6.406093878988048385e-01 7.017847532000250910e-01 7.218374209918998474e-01 7.221007257080032105e-01 1.051157662799908410e+00 1.141309862082034554e+00 1.141573145504929165e+00 1.375318794269504208e+00 1.375352146696096067e+00 1.405558590008864517e+00 1.669936718693832089e+00 1.669988574299588802e+00 1.708268962066559427e+00 1.804365521699810015e+00 1.804713315209438340e+00 1.950620366345619638e+00 1.950707431000234804e+00 2.051743290008371190e+00 2.052142495299339675e+00 2.070822309723555410e+00 2.375156522330180486e+00 2.375195937936277257e+00 2.396196599902217006e+00 2.653821373590667498e+00 3.059171836911420250e+00 3.541154443501616900e+00 3.541360368361500477e+00 3.789278271008362342e+00
5.714287964517555940e-01 5.717709075954053866e-01 7.024899716290827767e-01 7.060502658962265476e-01 7.165667117203593506e-01 7.168464756491679246e-01 1.049788607277365671e+00 1.137934852496673921e+00 1.138210658215156323e+00 1.355511911565240313e+00 1.355522648203111746e+00 1.395986024912710066e+00 1.695488279551432331e+00 1.695523978382867503e+00 1.707572030424182152e+00 1.803702649986096862e+00 1.804031858280568112e+00 1.957399010071078305e+00 1.957485198228200440e+00 2.049287388513370001e+00 2.049609835976486050e+00 2.056912464300385324e+00 2.383925103899025455e+00 2.384007005006778979e+00 2.396896290045103406e+00 2.635154473508636741e+00 3.119307198379587476e+00 3.526531687480424893e+00 3.526740843100558465e+00 3.774724043180399224e+00
5.586800470369702731e-01 5.590345442689957922e-01 7.087982133332897394e-01 7.187953641176475506e-01 7.190883904069139687e-01 7.690660096364099196e-01 1.050120714617887030e+00 1.132505568889938363e+00 1.132798761300725765e+00 1.339650865790884327e+00 1.339707455811756320e+00 1.382693487796095022e+00 1.706475626481918306e+00 1.719501946220145738e+00 1.719514426978722366e+00 1.802750108201515156e+00 1.803044402428856330e+00 1.962772263489202196e+00 1.962851601264492984e+00 2.044101943866988513e+00 2.045759469023407107e+00 2.045998321313076573e+00 2.395246231056109565e+00 2.396198439923560741e+00 2.396322307711047372e+00 2.618994892910712302e+00 3.184358586516268019e+00 3.510179470100114774e+00 3.510392422778913613e+00 3.756666761360420548e+00
5.386738928397719617e-01 5.390499590078922099e-01 7.097816867760436965e-01 7.270902559787234543e-01 7.273841115846975125e-01 8.362100543324649804e-01 1.052163788531735866e+00 1.125351593498368441e+00 1.125664412003786863e+00 1.328070545118520851e+00 1.328171701504081481e+00 1.365586395833146227e+00 1.705065902550540802e+00 1.742073806385529444e+00 1.742096909199725374e+00 1.800232297445937268e+00 1.800468829978364216e+00 1.966210080883172617e+00 1.966278214943963931e+00 2.033083471793093011e+00 2.041963183369939205e+00 2.042108799755215198e+00 2.391519909278940759e+00 2.410929682206585767e+00 2.411087454480970393e+00 2.605939455392256132e+00 3.251268148927465962e+00 3.493326050844908881e+00 3.493543132029999221e+00 3.735152959833590192e+00
5.142292323953021604e-01 5.146351064680813048e-01 7.089310196646630979e-01 7.395312485266102298e-01 7.398261311235702076e-01 9.006274191011068853e-01 1.055743619601200445e+00 1.116867670984841965e+00 1.117199473916255403e+00 1.320854752637162788e+00 1.320995812754793608e+00 1.344576564382306882e+00 1.703448875933835316e+00 1.763019646633249504e+00 1.763131990228185453e+00 1.795482774112362456e+00 1.795602983828706645e+00 1.967570620178052732e+00 1.967627418712259990e+00 2.025073400371010468e+00 2.038306428538173787e+00 2.038369358726797476e+00 2.385914259108730118e+00 2.426717712584214759e+00 2.426900658719644888e+00 2.595993736194517343e+00 3.317311307374149365e+00 3.477347268002193736e+00 3.477568532526220224e+00 3.710275799635569971e+00
4.877151114850387104e-01 4.881571166218005575e-01 7.063734506920084089e-01 7.547440692678004659e-01 7.550397413005647262e-01 9.593504976395508255e-01 1.060520694817250087e+00 1.107502212271629149e+00 1.107850275290759301e+00 1.317892852679179994e+00 1.318061002167421059e+00 1.319989580646964811e+00 1.701751143731678129e+00 1.777469648184622830e+00 1.777925142688218108e+00 1.792792521025589281e+00 1.793043353251370320e+00 1.966953088445906328e+00 1.967001562093408706e+00 2.021606478336669621e+00 2.034723812457627456e+00 2.034727527303418437e+00 2.378586746519209871e+00 2.441967452313577258e+00 2.442165874327277386e+00 2.588868605827125080e+00 3.379771238838495062e+00 3.463668154332630422e+00 3.463893444332708960e+00 3.682423733336415150e+00
4.610820698581841737e-01 4.615640899734476665e-01 7.023885972442536207e-01 7.718142320528276201e-01 7.721094270982820085e-01 1.008848036975330764e+00 1.066038912606320110e+00 1.097735295266212940e+00 1.098096268259084241e+00 1.293457836229210844e+00 1.318944842904364645e+00 1.319145272352163056e+00 1.700108704058069797e+00 1.770425886623594680e+00 1.770793223331843524e+00 1.807900166381843921e+00 1.808087676144963796e+00 1.964461158726038992e+00 1.964503995533319003e+00 2.024097802476686248e+00 2.030824652774376293e+00 2.030876417270674583e+00 2.369699242451139387e+00 2.455099804446849276e+00 2.455305104442949471e+00 2.584162099949891989e+00 3.435174431959728381e+00 3.453617964078890434e+00 3.453848822949654895e+00 3.653100748559259703e+00
4.361152432785662114e-01 4.366380273046292504e-01 6.973573534452557343e-01 7.899637955675727907e-01 7.902568231152893308e-01 1.043352204283409579e+00 1.071787872784643936e+00 1.088078180506413695e+00 1.088450300868151421e+00 1.269734058570326729e+00 1.323714457963089952e+00 1.323931888123530021e+00 1.698656769529387267e+00 1.756041677098434839e+00 1.756334774858150594e+00 1.826787153067783942e+00 1.826919199413849615e+00 1.960177108983303773e+00 1.960214191201921086e+00 2.026233471951610188e+00 2.026319055053688256e+00 2.033423047308943410e+00 2.359444221437250633e+00 2.464785746756626317e+00 2.464990891532307327e+00 2.581493258912812117e+00 3.448248591920929140e+00 3.448475418440626772e+00 3.476483553419597694e+00 3.627849894347654924e+00
4.145637111495738547e-01 4.151239345528255353e-01 6.917130702054989921e-01 8.083063504506690089e-01 8.085953883845098389e-01 1.053700489395194673e+00 1.077229362907093924e+00 1.079119208642368211e+00 1.079538329576056777e+00 1.257779659781782966e+00 1.331902307223178150e+00 1.332129758511441553e+00 1.697518270863740852e+00 1.738953966576820998e+00 1.739211438341746963e+00 1.845142334233103254e+00 1.845247989870081540e+00 1.954413628994662533e+00 1.954440604054638930e+00 2.020526457484871585e+00 2.020629084005087339e+00 2.049658062093356659e+00 2.348036315795442697e+00 2.470155038548080828e+00 2.470354331827272709e+00 2.580606160552079587e+00 3.448154444172137900e+00 3.448382291063716742e+00 3.487488241941991696e+00 3.621921372765787073e+00
