-5.628590501680720559e-02
-3.648544426348335895e-02
-1.668498351015951578e-02
3.115477243164332163e-03
2.291593799648816709e-02
4.271639874981200680e-02
6.251685950313587425e-02
8.231732025645970008e-02
1.021177810097835398e-01
1.219182417631073795e-01
1.417187025164312053e-01
1.615191632697550728e-01
1.813196240230789402e-01
2.011200847764027799e-01
2.209205455297266196e-01
2.407210062830504593e-01
2.605214670363742990e-01
2.803219277896981110e-01
3.001223885430219784e-01
3.199228492963457904e-01
3.397233100496696578e-01
3.595237708029935253e-01
3.793242315563173372e-01
3.991246923096412047e-01
4.189251530629650722e-01
4.387256138162888841e-01
4.585260745696127516e-01
4.783265353229365635e-01
4.981269960762604310e-01
5.179274568295841874e-01
5.377279175829080549e-01
5.575283783362319223e-01
5.773288390895557898e-01
5.971292998428796572e-01
6.169297605962034137e-01
6.367302213495272811e-01
6.565306821028511486e-01
6.763311428561750160e-01
6.961316036094987725e-01
7.159320643628226399e-01
7.357325251161465074e-01
7.555329858694703749e-01
7.753334466227942423e-01
7.951339073761179987e-01
8.149343681294418662e-01
8.347348288827657337e-01
8.545352896360896011e-01
8.743357503894133576e-01
8.941362111427373360e-01
9.139366718960610925e-01
9.337371326493849599e-01
9.535375934027087164e-01
9.733380541560325838e-01
9.931385149093564513e-01
1.012938975662680319e+00
1.032739436416004297e+00
1.052539897169328054e+00
1.072340357922652032e+00
1.092140818675975567e+00
1.111941279429299323e+00
1.131741740182623301e+00
1.151542200935947280e+00
1.171342661689271036e+00
1.191143122442595015e+00
1.210943583195918771e+00
1.230744043949242750e+00
1.250544504702566728e+00
1.270344965455890041e+00
1.290145426209214019e+00
1.309945886962537775e+00
1.329746347715861754e+00
1.349546808469185732e+00
1.369347269222509489e+00
1.389147729975833467e+00
1.408948190729157224e+00
1.428748651482481202e+00
1.448549112235804737e+00
1.468349572989128493e+00
1.488150033742452472e+00
1.507950494495776450e+00
1.527750955249100207e+00
1.547551416002424185e+00
1.567351876755747941e+00
1.587152337509071920e+00
1.606952798262395898e+00
1.626753259015719211e+00
1.646553719769043189e+00
1.666354180522366946e+00
1.686154641275690924e+00
1.705955102029014903e+00
1.725755562782338659e+00
1.745556023535662638e+00
1.765356484288986394e+00
1.785156945042310372e+00
1.804957405795633907e+00
1.824757866548957663e+00
1.844558327302282086e+00
1.864358788055605620e+00
1.884159248808929377e+00
1.903959709562253355e+00
1.923760170315577112e+00
1.943560631068901090e+00
1.963361091822224846e+00
1.983161552575548825e+00
2.002962013328872803e+00
2.022762474082196782e+00
2.042562934835519872e+00
2.062363395588843851e+00
2.082163856342167829e+00
2.101964317095491808e+00
2.121764777848815786e+00
2.141565238602139321e+00
2.161365699355463299e+00
2.181166160108787277e+00
2.200966620862111256e+00
2.220767081615434790e+00
2.240567542368758769e+00
2.260368003122082303e+00
2.280168463875406282e+00
2.299968924628730260e+00
2.319769385382054239e+00
2.339569846135378217e+00
2.359370306888701752e+00
2.379170767642025730e+00
2.398971228395349264e+00
2.418771689148673243e+00
2.438572149901997221e+00
2.458372610655320756e+00
2.478173071408644734e+00
2.497973532161968713e+00
2.517773992915292691e+00
2.537574453668616670e+00
2.557374914421940204e+00
2.577175375175263738e+00
2.596975835928587717e+00
2.616776296681911695e+00
2.636576757435235674e+00
2.656377218188559208e+00
2.676177678941883187e+00
2.695978139695207165e+00
2.715778600448531144e+00
2.735579061201855122e+00
2.755379521955178213e+00
2.775179982708502191e+00
2.794980443461826169e+00
2.814780904215150148e+00
2.834581364968474126e+00
2.854381825721797661e+00
2.874182286475121639e+00
2.893982747228445618e+00
2.913783207981769596e+00
2.933583668735093131e+00
2.953384129488416665e+00
2.973184590241740644e+00
2.992985050995064622e+00
3.012785511748388600e+00
3.032585972501712579e+00
3.052386433255036113e+00
3.072186894008360092e+00
3.091987354761684070e+00
3.111787815515007605e+00
3.131588276268331583e+00
3.151388737021655562e+00
3.171189197774979096e+00
3.190989658528303075e+00
3.210790119281627053e+00
3.230590580034951032e+00
3.250391040788275010e+00
3.270191501541598544e+00
3.289991962294922523e+00
3.309792423048246057e+00
3.329592883801570036e+00
3.349393344554894014e+00
3.369193805308217549e+00
3.388994266061541527e+00
3.408794726814865506e+00
3.428595187568189484e+00
3.448395648321513463e+00
3.468196109074836997e+00
3.487996569828160531e+00
3.507797030581484510e+00
3.527597491334808488e+00
3.547397952088132467e+00
3.567198412841456001e+00
3.586998873594779980e+00
3.606799334348103958e+00
3.626599795101427937e+00
3.646400255854751915e+00
3.666200716608075005e+00
3.686001177361398984e+00
3.705801638114722962e+00
3.725602098868046941e+00
3.745402559621371363e+00
3.765203020374694454e+00
3.785003481128017544e+00
3.804803941881341967e+00
3.824604402634665501e+00
3.844404863387989923e+00
3.864205324141313458e+00
3.884005784894637436e+00
