0.000000000000000000e+00
3.546389759688317600e-02
7.092779519376635200e-02
1.063916927906495280e-01
1.418555903875327040e-01
1.773194879844158800e-01
2.127833855812990560e-01
2.482472831781822320e-01
2.837111807750654080e-01
3.191750783719485840e-01
3.546389759688317600e-01
3.901028735657149360e-01
4.276405400765169729e-01
4.651782065873189542e-01
5.027158730981209356e-01
5.402535396089229724e-01
5.777912061197250093e-01
6.153288726305270462e-01
6.499790263328057982e-01
6.846291800350845502e-01
7.192793337373634133e-01
7.539294874396421653e-01
7.885796411419209173e-01
8.232297948441997804e-01
8.578799485464785324e-01
8.925301022487572844e-01
9.271802559510360364e-01
9.618304096533147884e-01
9.964805633555936515e-01
1.031130717057872292e+00
1.065780870760151267e+00
1.098127894669993498e+00
1.130474918579835508e+00
1.162821942489677740e+00
1.195168966399519750e+00
1.227515990309361982e+00
1.259863014219204214e+00
1.292210038129046223e+00
1.324557062038888455e+00
1.356904085948730465e+00
1.389251109858572697e+00
1.421598133768414929e+00
1.454106706565557738e+00
1.486615279362700770e+00
1.519123852159843580e+00
1.551632424956986611e+00
1.584140997754129421e+00
1.616649570551272452e+00
1.649158143348415262e+00
1.681666716145558294e+00
1.714175288942701103e+00
1.746683861739844135e+00
1.779192434536986944e+00
1.811701007334129976e+00
1.843876150057674579e+00
1.876051292781219182e+00
1.908226435504763785e+00
1.940401578228308388e+00
1.972576720951852991e+00
2.004751863675397594e+00
2.036927006398942197e+00
2.066957139607583649e+00
2.096987272816225545e+00
2.127017406024866997e+00
2.157047539233508449e+00
2.187077672442150345e+00
2.217107805650791796e+00
2.247137938859433248e+00
2.277168072068075144e+00
2.307198205276716596e+00
2.337228338485358492e+00
2.367258471693999944e+00
2.397288604902641396e+00
2.427318738111283292e+00
2.457348871319924744e+00
2.487379004528566195e+00
2.487379004528566195e+00
2.519726028438408427e+00
2.552073052348250659e+00
2.584420076258092447e+00
2.616767100167934679e+00
2.649114124077776911e+00
2.681461147987619142e+00
2.713808171897461374e+00
2.746155195807303606e+00
2.778502219717145394e+00
2.810849243626987626e+00
2.843196267536829858e+00
2.843196267536829858e+00
2.875543291446672090e+00
2.907890315356514321e+00
2.940237339266356109e+00
2.972584363176198341e+00
3.004931387086040573e+00
3.037278410995882805e+00
3.069625434905725037e+00
3.101972458815566824e+00
3.134319482725409056e+00
3.166666506635251288e+00
3.199013530545093520e+00
