-7.360960601928079328e-01 -7.327376504641593957e-01 -7.309302282294676267e-01 -3.076477298134174809e-01 -3.055412096682618706e-01 -3.020929533934317845e-01 -2.085115112751556032e-01 -2.038287916659587140e-01 -1.963805627317537217e-01 -5.687491602736553103e-02 -9.745715048834629329e-03 5.548180515297308074e-02 8.316057554151029541e-01 8.338601555102208573e-01 8.349002709613581041e-01 1.527630643691701096e+00 1.529073816275132502e+00 1.529480148567375020e+00 1.548406010871516747e+00 1.549341490494589024e+00 1.551551722690573509e+00 2.277639025668854789e+00 2.281829281030534062e+00 3.558064781471586002e+00 3.578259906299999571e+00 3.580599343082006225e+00 3.581765962167630324e+00 3.866202395110974965e+00 3.870697778031913838e+00 3.873759312718357162e+00
-7.561470266001156793e-01 -7.123739226978512695e-01 -7.009885029179678817e-01 -3.405175079363339519e-01 -3.183626660018892829e-01 -2.984313196801450241e-01 -2.596336280072663039e-01 -2.328778706816860000e-01 -2.084842967676080738e-01 1.145202335215211586e-01 2.034339125297479067e-01 2.562450368376914533e-01 7.627152760708493240e-01 8.387348748306665547e-01 9.159227812831052251e-01 1.510799319608050473e+00 1.514997038062564139e+00 1.535675559886588992e+00 1.552037001958040952e+00 1.566000230615710587e+00 1.594202818631249130e+00 2.245934955227625540e+00 2.337318443628027431e+00 3.480378562029502909e+00 3.525483629957856024e+00 3.551918251483323186e+00 3.590277956008247173e+00 3.873277476289846533e+00 3.912993931486797639e+00 3.933839247649523418e+00
-7.705820119337900564e-01 -6.597104030260461105e-01 -6.485390873579107707e-01 -3.991499999476427751e-01 -3.589014419856637050e-01 -2.841195709225203814e-01 -2.510524132520563501e-01 -2.109068754038054272e-01 -1.958281069326704982e-01 2.114213814457027163e-01 3.180549161053717877e-01 3.670853134768597426e-01 7.357112580259173029e-01 8.548372249494883279e-01 9.984106248611809287e-01 1.479272479644805793e+00 1.500301197098534045e+00 1.544340320904725283e+00 1.574746618999328440e+00 1.609412217700736170e+00 1.670312917270209141e+00 2.239050705119579820e+00 2.411605969533349381e+00 3.347431897712091153e+00 3.416398710821934248e+00 3.472921956856803050e+00 3.586768106054307736e+00 3.907608963551545855e+00 3.993124607050598573e+00 4.027232550487155116e+00
-7.769756633173391380e-01 -6.105873489344455507e-01 -5.479768013614844113e-01 -4.589619055120326419e-01 -3.895018489075912083e-01 -2.479112776816341235e-01 -2.124562152409127380e-01 -1.887405356736272244e-01 -9.379378317252304309e-02 2.513853824007681870e-01 3.911202850658928587e-01 4.718578428353649712e-01 7.585548260360638340e-01 8.770445793901333609e-01 1.084900400390196529e+00 1.425924047482668877e+00 1.494795836107436715e+00 1.557420449314834920e+00 1.605620085440672362e+00 1.665439660434579805e+00 1.768705780073747125e+00 2.258425816809728648e+00 2.492843652318645908e+00 3.214917663887130406e+00 3.288381992471122395e+00 3.374782891483179892e+00 3.578557292244695986e+00 3.942886814139439089e+00 4.060089431513246083e+00 4.120388028626040366e+00
-7.754480690680110033e-01 -5.706892467397109980e-01 -5.342860926415852196e-01 -4.528353001874426131e-01 -4.252632379631780535e-01 -1.896436167561586783e-01 -1.215254291406501624e-01 1.458976305462769685e-01 2.394262221667376456e-01 3.482479103274084276e-01 4.744219249892233647e-01 5.412199177801343408e-01 7.974870493292209872e-01 8.994620434714274415e-01 1.180982730519386958e+00 1.357252258400798661e+00 1.490784336845298208e+00 1.572417995121086154e+00 1.634237047626442063e+00 1.711938080288103015e+00 1.877806797790812832e+00 2.297198253667089851e+00 2.572843427182474052e+00 3.111760769093646406e+00 3.157620527196577154e+00 3.273273065156745432e+00 3.571812220512474489e+00 3.970064664923023123e+00 4.098930648282792966e+00 4.202342455223910811e+00
-7.671233067082744439e-01 -6.316703558502794191e-01 -5.061720111090116658e-01 -4.808112337891971011e-01 -4.191766033075196574e-01 -1.009400234837809773e-01 1.988228940507829889e-01 2.647903750751945395e-01 4.446908605983367346e-01 4.914697436904110761e-01 5.595543053621734320e-01 5.907641175908781017e-01 8.357646568044015956e-01 9.191354916156694310e-01 1.276358011443504248e+00 1.286653889253724037e+00 1.486569368626313503e+00 1.585820587878288279e+00 1.650103756144856826e+00 1.733925457593559205e+00 1.983437422102527270e+00 2.338366119965467060e+00 2.651572755095412681e+00 3.024817215516127700e+00 3.061263975268516013e+00 3.179551645778846858e+00 3.572513916464274519e+00 3.987729009866670893e+00 4.107805391478327905e+00 4.267250104265149169e+00
-7.540800014215824909e-01 -6.912524060846055862e-01 -5.390765469035139201e-01 -4.599101766826517168e-01 -4.166217012503999340e-01 9.681009933746877183e-02 3.092711095199023319e-01 3.373074548116090088e-01 5.146983155704079049e-01 6.065345477026031773e-01 6.669431261478392381e-01 6.812723578514007228e-01 8.716675893996961300e-01 9.370167974221474960e-01 1.190850977550637513e+00 1.390796634891648287e+00 1.483294871696725581e+00 1.594329334985404634e+00 1.644130405957515695e+00 1.738612934921405007e+00 2.070072436734674781e+00 2.367589656641178042e+00 2.729980443987460870e+00 2.928916274759953975e+00 3.028436782766500635e+00 3.104745388652893290e+00 3.583771540051901017e+00 3.996681349915359505e+00 4.092305562241621786e+00 4.311104485790336227e+00
-7.393829043274755541e-01 -7.292785171840828751e-01 -5.732838140354353795e-01 -4.601960614867341426e-01 -3.984869431152386898e-01 1.180926113804773997e-01 3.681317709437199048e-01 3.980729156261876844e-01 5.562151686427430075e-01 6.388556509591416521e-01 7.514639782288300429e-01 7.912766540704138096e-01 9.058787594062029935e-01 9.546963628163837035e-01 1.129106155192786121e+00 1.453125981346135021e+00 1.498610060255922249e+00 1.596303565924516388e+00 1.616468474914604769e+00 1.747102371590194547e+00 2.121796302908570908e+00 2.386590002995149451e+00 2.789283308917944293e+00 2.873553183322858473e+00 3.015503278063266901e+00 3.061313175710369983e+00 3.598607885922947336e+00 3.998105554454645993e+00 4.064742834340491662e+00 4.331370939389100450e+00
-7.510793684749561550e-01 -7.198069897899885827e-01 -5.894437787721963362e-01 -4.684051175134115175e-01 -3.891462793597627035e-01 5.770830376048124294e-02 3.863777505948308710e-01 4.556835297139942287e-01 5.716070475748665780e-01 6.661643050985632808e-01 7.750912345108351698e-01 8.206816744805685016e-01 9.368851035143634931e-01 9.724226710928240980e-01 1.153690389919835413e+00 1.446007575033160020e+00 1.495674292622749313e+00 1.591850122153741554e+00 1.616192512325631325e+00 1.774640503118331658e+00 2.126884695580978146e+00 2.402541831114730186e+00 2.794189265411233691e+00 2.874117702001979247e+00 3.031721354003914293e+00 3.059385235499846978e+00 3.599574707986959776e+00 3.992574859797260789e+00 4.041880125555526782e+00 4.326914899481252519e+00
-7.550713749318372914e-01 -6.973543278706521020e-01 -5.842472859311087507e-01 -4.747246816369172229e-01 -3.906327360593598863e-01 -1.280255478019262372e-01 3.817015322513441222e-01 4.851245767597116565e-01 5.608682669000070176e-01 6.283113334548831030e-01 7.293092044483121539e-01 8.662355876395518850e-01 9.596079538777078088e-01 9.891770510430279995e-01 1.238937369488054552e+00 1.383577620189875068e+00 1.464452140985675443e+00 1.577947665937750044e+00 1.647597931405324623e+00 1.819140622740943236e+00 2.085420543153437833e+00 2.422720154198622300e+00 2.742503941809153023e+00 2.929364111972759144e+00 3.074521956630040798e+00 3.098732613642876998e+00 3.574915266531905722e+00 3.980425732866029964e+00 4.032885480966339031e+00 4.297993230746008031e+00
-7.438235404241966275e-01 -6.673817736155157609e-01 -5.609703801875867146e-01 -4.796188668964653234e-01 -3.888147200959348182e-01 -1.902092278865601116e-01 3.336587086388845824e-01 3.855338062542484345e-01 5.159443659049780528e-01 5.925352992038811495e-01 7.483271277627677742e-01 8.788406667450769927e-01 9.679864882062201303e-01 9.994414068378943972e-01 1.286238257966379583e+00 1.331685419330404185e+00 1.452416830957114824e+00 1.558465901776867835e+00 1.662809614196992802e+00 1.860450844784370172e+00 2.009992609973197730e+00 2.457900991723105388e+00 2.663663878096235393e+00 3.024587716702298312e+00 3.123445227095404064e+00 3.169345406556270284e+00 3.532258280269546802e+00 3.962415800607685501e+00 4.028965035281203200e+00 4.246231736368327070e+00
-7.143778315477186114e-01 -6.324599300362507837e-01 -5.348437726497566880e-01 -4.748980707052648520e-01 -4.061977399308309145e-01 -2.655946937833265631e-01 9.852965335750277220e-02 3.211033236732596663e-01 4.617582090453370425e-01 5.984434680126206052e-01 7.725692403211419368e-01 8.492705603621347743e-01 9.582160527066366784e-01 9.930440620977096788e-01 1.200144517772999242e+00 1.412507196523956399e+00 1.445015042452151066e+00 1.534749736047162916e+00 1.663030946612626737e+00 1.874799442310377096e+00 1.918477718155655376e+00 2.499725029981226587e+00 2.597773549193502340e+00 3.139189997912625429e+00 3.174973416220893796e+00 3.258503351382705748e+00 3.487974311984576303e+00 3.938070697387085151e+00 4.015426038601042080e+00 4.174596904998780111e+00
-6.638132800197266148e-01 -5.980684204183758235e-01 -5.439260059492252442e-01 -5.142616766033191178e-01 -4.592103037892268369e-01 -2.152033441777375100e-01 1.573764455554961805e-01 2.520518952915238309e-01 4.030283120609918779e-01 5.941514194898923629e-01 7.760207275543642425e-01 8.003816008537155691e-01 9.286965056236142768e-01 9.614814628451139322e-01 1.125431039418556489e+00 1.438699510888078681e+00 1.481543807477527341e+00 1.510499452621852035e+00 1.657208228874203160e+00 1.828233621581769608e+00 1.860537498583866300e+00 2.450290181242976928e+00 2.649556836197150655e+00 3.215731972670677230e+00 3.271636215725907348e+00 3.354556102368905890e+00 3.455650660249439010e+00 3.906946736160097799e+00 3.983606723893740043e+00 4.087502464777801769e+00
-6.645599051736589269e-01 -5.902008500285064185e-01 -5.408378707939491825e-01 -4.911676788811313865e-01 -4.476172335973413463e-01 -6.447363528266067401e-02 1.371643710272149597e-01 2.104252805898240430e-01 4.214319319248486795e-01 5.794331717006900861e-01 6.904346764752147259e-01 8.159044797397027038e-01 8.853489998981757259e-01 9.067625755454701286e-01 1.048418720772891888e+00 1.438054844087291784e+00 1.482935484946090510e+00 1.538078331128790666e+00 1.653323214375361783e+00 1.753881120466991073e+00 1.835688207313008746e+00 2.375611264699459824e+00 2.739501531248013322e+00 3.256173037240344126e+00 3.391044688070278035e+00 3.445479612342922771e+00 3.450454228976475690e+00 3.870743815375274011e+00 3.934200100173192105e+00 3.991604913593997939e+00
-7.262915237201578167e-01 -5.189707077135646829e-01 -4.807374139781256384e-01 -4.652821897230465242e-01 -4.313699973217536843e-01 -1.228236385624157795e-01 7.633082772164276331e-02 1.866130996114944429e-01 5.042091244222698387e-01 5.638608635983346495e-01 6.037651381073467771e-01 8.274739453419981405e-01 8.522727416571953540e-01 8.556543707841793855e-01 9.633272054610515500e-01 1.441372763154649128e+00 1.463368388698045308e+00 1.572750637359533021e+00 1.656644100730230384e+00 1.701991754586632100e+00 1.816788969607519011e+00 2.321777072246820506e+00 2.807153738420447020e+00 3.271596734796056616e+00 3.475049369332751326e+00 3.493620530348470421e+00 3.519427151490810868e+00 3.838365573805703423e+00 3.880400683977442533e+00 3.899620071090305728e+00
-7.469055793136739618e-01 -4.743510487764421857e-01 -4.718507070352859212e-01 -4.346510125359951404e-01 -4.300093017445829613e-01 -1.214598226449389307e-01 -1.073230962801755978e-01 2.024619856802106488e-01 5.429630280961192934e-01 5.489565996198254583e-01 5.578605793907932542e-01 8.303982541836248954e-01 8.349245560149534118e-01 8.835118081224383468e-01 8.847331697789988514e-01 1.448866605024624610e+00 1.450106197887279125e+00 1.585095359357198586e+00 1.670162402453645223e+00 1.672398336037046906e+00 1.810127262236938650e+00 2.302225185578774092e+00 2.831935841906448648e+00 3.272879855688887396e+00 3.495064264348606731e+00 3.543982725878468631e+00 3.546341802695614387e+00 3.835566229833637486e+00 3.841010149436197896e+00 3.855844059287437009e+00
-7.458171748520858735e-01 -4.935201797010014824e-01 -4.630093241341809995e-01 -4.508106892477608540e-01 -4.256695119448874465e-01 -2.297874160677905730e-01 -1.211996122978877266e-01 1.743994683093637588e-01 5.061568243646393794e-01 5.764890984025599074e-01 6.305309787091055718e-01 7.920058882281293400e-01 8.259828654693469607e-01 8.989186708708143403e-01 9.561995630093859111e-01 1.436139647515812801e+00 1.453482988474678717e+00 1.583450873840655637e+00 1.676846873155891204e+00 1.689303671395274709e+00 1.811485084557466152e+00 2.310917660339946167e+00 2.826102062589101571e+00 3.251777908415644625e+00 3.460641927291306263e+00 3.499723513551726395e+00 3.518523051706660354e+00 3.865006887961296655e+00 3.878748388169571015e+00 3.892627507361689609e+00
-7.426308942036230487e-01 -5.908835245035211070e-01 -4.737735132026544838e-01 -4.492136470850784380e-01 -3.595047228466818900e-01 -2.907632151641031948e-01 -1.865366929578795574e-01 9.489962785501061815e-02 4.840245654062807490e-01 6.323195432722629183e-01 6.994187369427636858e-01 7.712664650701166469e-01 8.184794694043195928e-01 9.340508489031565942e-01 1.061258700239055219e+00 1.403057018231382624e+00 1.459329902813749191e+00 1.580953121230098013e+00 1.700689252567827436e+00 1.729551326910052200e+00 1.816957339539488236e+00 2.333438443282132013e+00 2.808210892815863780e+00 3.190240227431031084e+00 3.374744624155974204e+00 3.405377614661563079e+00 3.490628197362853236e+00 3.919302046493122749e+00 3.951834553451942789e+00 3.972276971588926120e+00
-7.397192924661696312e-01 -6.891946573073496340e-01 -5.183307817727145217e-01 -4.480237379360423322e-01 -3.631117831634245174e-01 -2.553850981463038905e-01 -1.302397479172675288e-01 2.236753287848293748e-01 4.804759016753987755e-01 6.660709181289901082e-01 7.199710407665146361e-01 7.938920848391168850e-01 8.142265950364314664e-01 9.691060665703102872e-01 1.171239907362804589e+00 1.352918374488348618e+00 1.466615485338937486e+00 1.581252063231988192e+00 1.732485955951628132e+00 1.777368672136571792e+00 1.832747512609360419e+00 2.359597066757622486e+00 2.782324504184756186e+00 3.117513140503583635e+00 3.265629058161017451e+00 3.297336612006734224e+00 3.495132191122428011e+00 3.978835963673232889e+00 4.015723114647734349e+00 4.052954242254776851e+00
-7.782275096176438645e-01 -7.264432485897691638e-01 -5.678120783922704362e-01 -4.592558475917327132e-01 -4.084691227315971895e-01 -2.343456757370022403e-01 2.160849470921005766e-01 4.196864996217677946e-01 4.907559061283471302e-01 6.698355724037964309e-01 7.360800394963898929e-01 7.958233762070527906e-01 8.267790161334648280e-01 9.888025744187664001e-01 1.267193951925096762e+00 1.301646635344882785e+00 1.473457358406734086e+00 1.584701945064344919e+00 1.756794677279171157e+00 1.804811196512805083e+00 1.869824065156233450e+00 2.376358732769336957e+00 2.766786581713381654e+00 3.065669996935103114e+00 3.154048315154105886e+00 3.188799282836101145e+00 3.522705492426508211e+00 4.032733976048046287e+00 4.054991937868034135e+00 4.121882754034276175e+00
-8.319433373756243144e-01 -7.240058115162921748e-01 -6.078228457387879757e-01 -4.914481985056520230e-01 -4.282810185049532592e-01 -1.431180600662454450e-01 3.417715688762645310e-01 4.403408194491700844e-01 6.119794246587400011e-01 6.610406034781082241e-01 7.485149929638118538e-01 8.015176740285944179e-01 8.273235419065583240e-01 9.904622182196192171e-01 1.211407555888252885e+00 1.384815928765924076e+00 1.479097846676571182e+00 1.587976848495166848e+00 1.763599713838949645e+00 1.800861502062276021e+00 1.921497335507861726e+00 2.380743422341432769e+00 2.776074488340193547e+00 3.035926195308530584e+00 3.055310829563598229e+00 3.094986721787456485e+00 3.561568163573021195e+00 4.062797035426068959e+00 4.081225875489029598e+00 4.173884263737409839e+00
-8.589791607908972004e-01 -7.210086665859378741e-01 -6.335514899168578351e-01 -5.264818880753068253e-01 -4.186432734466580818e-01 1.203148086350589036e-01 3.322462350294276834e-01 4.654147228791788993e-01 6.423373851630237441e-01 7.297732231423678106e-01 7.623386940499177200e-01 8.146624472247875337e-01 8.291297601383463833e-01 9.783767601239908851e-01 1.135872151968663646e+00 1.464315593458166864e+00 1.488728351117469595e+00 1.585390204598243313e+00 1.756877907882364642e+00 1.779965831225919892e+00 1.967351866334570820e+00 2.380812741049059600e+00 2.795425698191703834e+00 2.975977912102535150e+00 3.027825502623804788e+00 3.032935743090601655e+00 3.597500612539525466e+00 4.061183599225891783e+00 4.107829998551951078e+00 4.205940951674159933e+00
-8.569887648121039536e-01 -7.181214720344782920e-01 -6.426962866542269559e-01 -5.412088528572467361e-01 -4.167962959232557885e-01 1.888970346800900868e-01 2.340451345251641502e-01 4.726704244689186596e-01 6.417675490852694509e-01 7.379565854455447660e-01 8.072477968788897007e-01 8.319633675312400056e-01 8.553345267878186275e-01 9.594754496191201243e-01 1.082650635245834270e+00 1.479955495229332119e+00 1.533990590869805715e+00 1.569950005002686666e+00 1.748402808771996941e+00 1.767992749534176733e+00 1.986028218524517719e+00 2.380247620349153159e+00 2.803860281691289646e+00 2.948099814312254097e+00 3.010098296877855795e+00 3.025188847935905923e+00 3.612726581678048277e+00 4.057724346108050995e+00 4.117670819429005036e+00 4.216459505367145866e+00
-8.462811246129682274e-01 -7.151696969908146739e-01 -6.408250880055270660e-01 -5.468025654120515222e-01 -4.124915675365389278e-01 7.586761050961328412e-02 2.751397968460567722e-01 4.596132302678239689e-01 6.500902478601765511e-01 7.172783782194229740e-01 7.755172737280214834e-01 8.115159307568198255e-01 8.839121979263697693e-01 9.794121976772014460e-01 1.095650070610810545e+00 1.478754945466004944e+00 1.533049188430111398e+00 1.562899745761853865e+00 1.748008190774236636e+00 1.777020402722869097e+00 1.991875973982686565e+00 2.381038348108643010e+00 2.778378852737244387e+00 2.937016806103986077e+00 2.995837617809341324e+00 3.072090017313756416e+00 3.605288279008227903e+00 4.050021566409497176e+00 4.128673958200755223e+00 4.215123735623378387e+00
-8.257864261631733260e-01 -7.032214725521078735e-01 -6.376216799788225753e-01 -5.551505939114810273e-01 -4.062018558757574116e-01 -1.830412936472348151e-01 3.274137809803379096e-01 4.161275307128366463e-01 6.433362084081926113e-01 6.667438158908104429e-01 7.412730457362746161e-01 7.680919242784856049e-01 8.989032575047664064e-01 1.033299976364498995e+00 1.150854918148737749e+00 1.470168647012824792e+00 1.502621333096411771e+00 1.556176313732725580e+00 1.756549693980558713e+00 1.803330082094822151e+00 1.999120739108448452e+00 2.384719898964293261e+00 2.723137756700622081e+00 2.922629542586345330e+00 2.994662856619991764e+00 3.139596960931307912e+00 3.583591628075500690e+00 4.042307863348848507e+00 4.144500924087709315e+00 4.211092217272668137e+00
-7.973138076858641288e-01 -6.867006287993596692e-01 -6.327194512303203622e-01 -5.634800361049077111e-01 -4.097443130438689352e-01 -2.364342824544427846e-01 3.223440760173478803e-01 3.596735994483607479e-01 5.937523525945084257e-01 6.470532415951486538e-01 6.897469015507144974e-01 7.648731979523044622e-01 8.979279293899662395e-01 1.098414922926644444e+00 1.213766373616341765e+00 1.450600535626104692e+00 1.464025030506227676e+00 1.545918220794067155e+00 1.769789939742157703e+00 1.832008304150454681e+00 2.007136434594255725e+00 2.392291677230008240e+00 2.662284908933280292e+00 2.915568222334190107e+00 2.995691347844680497e+00 3.206106801411332974e+00 3.551025950995259084e+00 4.039525740636453754e+00 4.157371456092763928e+00 4.206257873394408264e+00
-7.651079546963337474e-01 -6.724332194558778619e-01 -6.295759604018927869e-01 -5.651957248942217626e-01 -4.347900591648130586e-01 -2.319623353151004097e-01 1.837041607522159614e-01 3.564910967368557504e-01 5.416952241418332425e-01 6.143365952040544808e-01 6.833697149367825574e-01 7.753428706899989642e-01 8.920358224484473686e-01 1.158301064360853116e+00 1.269313178928331176e+00 1.420352844101318901e+00 1.424541311324920789e+00 1.539044213192375166e+00 1.782236100249273703e+00 1.850053419738291849e+00 2.014495158963400367e+00 2.402632783064093669e+00 2.616445680904204707e+00 2.912386983948955343e+00 2.996523904015715001e+00 3.259635437939707003e+00 3.516246192978651930e+00 4.040291395479044034e+00 4.164607614952634762e+00 4.202845917444991031e+00
-7.377740441243826330e-01 -6.670412629167450369e-01 -6.336969084641729255e-01 -5.575700128528342514e-01 -4.645152494340392679e-01 -2.549039684169116526e-01 1.095944933210944994e-01 3.390413083897914071e-01 4.821525861535957413e-01 6.258470877289684653e-01 6.828766960169824207e-01 7.927708945963666265e-01 8.845191819656146315e-01 1.200607149940621010e+00 1.305649816098815919e+00 1.378713047331360908e+00 1.404785198100511723e+00 1.537181893603154270e+00 1.789588078954844841e+00 1.851871481294984800e+00 2.017091352496005019e+00 2.409464803884181716e+00 2.604432530847355931e+00 2.911225991204686725e+00 2.996706638588845450e+00 3.281592688588330198e+00 3.497532162546567402e+00 4.041784871364535014e+00 4.166311663601092619e+00 4.201861504120119939e+00
-7.862638302161581993e-01 -6.854265036907799535e-01 -6.396704490980077429e-01 -5.804692276909441118e-01 -4.854604960549885329e-01 -1.618081863750158444e-01 1.786350796845606048e-01 3.716289875876114257e-01 5.458180454468458676e-01 6.420853406271967989e-01 6.506843944341789143e-01 8.280359077032329873e-01 9.231404168606484051e-01 1.209703941057188370e+00 1.269469170200392183e+00 1.353441692872770608e+00 1.439208637915469602e+00 1.501629826960936276e+00 1.707332539324486032e+00 1.777197998609183260e+00 2.006284370212040979e+00 2.427414394883120607e+00 2.590440876170801765e+00 2.884905952005503149e+00 3.034918225999932773e+00 3.387340048838760165e+00 3.523353250735134612e+00 3.991731416776874486e+00 4.170705839033328033e+00 4.180407904506579619e+00
-8.249526279538922369e-01 -6.983322721119599175e-01 -6.427751817118856348e-01 -5.932061726326682827e-01 -4.929231744855276931e-01 9.091484962667881198e-02 2.274095026779715811e-01 4.171932273422995219e-01 5.677041517351464339e-01 6.400057949325158591e-01 6.504920673995558955e-01 8.839227655084961333e-01 9.637410974029316790e-01 1.144471206079303860e+00 1.274140626835820411e+00 1.303811315169710383e+00 1.467732371570384498e+00 1.483126863489173441e+00 1.588769917927916442e+00 1.718589834256803783e+00 1.993433472489783309e+00 2.444154631059435978e+00 2.581159134111954856e+00 2.852737487049789245e+00 3.138593161491702865e+00 3.488844538844878329e+00 3.549240856230432950e+00 3.927604503207863473e+00 4.124796910987901910e+00 4.159883339243586775e+00
-8.576279400349823279e-01 -7.205647457900812292e-01 -6.355433139537605136e-01 -5.938314351790856538e-01 -4.640512262070486393e-01 -1.685386463872685925e-01 3.557036907368193446e-01 4.730250590048952208e-01 5.635345166747932621e-01 6.537114054326177426e-01 6.646772019657490871e-01 9.318184174213411941e-01 9.977922610081734200e-01 1.072092295044402510e+00 1.223177185575267556e+00 1.272103854862266070e+00 1.448419959307281513e+00 1.491656850793834810e+00 1.534969794209013916e+00 1.684508769865864064e+00 2.017447455335180440e+00 2.455592431428822664e+00 2.547485489881638809e+00 2.813290963601397188e+00 3.268991606054837629e+00 3.557192279089603115e+00 3.578768660268483615e+00 3.872880366308646849e+00 4.049546302133536280e+00 4.133418235976494159e+00
-8.864731421571051539e-01 -7.411553238029376933e-01 -6.200927621506097109e-01 -5.862793663887307938e-01 -3.954444206495714709e-01 -2.478584865677232185e-01 4.409266300746427780e-01 5.168359785008299623e-01 5.635898932163198038e-01 6.865792344046286466e-01 7.006062893846465300e-01 9.453775874027663395e-01 1.000360258020576820e+00 1.034301070605911033e+00 1.156444096315715875e+00 1.217800670879188196e+00 1.442595084272348505e+00 1.488825395238164706e+00 1.553877799400249282e+00 1.679135518944132821e+00 2.082914946159192038e+00 2.456715180955773903e+00 2.484058606949246961e+00 2.781336932314651733e+00 3.380053078957768964e+00 3.599377895973496333e+00 3.605734795771409651e+00 3.847123495382938074e+00 3.958520565538812264e+00 4.105102819321672314e+00
-9.034926593978516163e-01 -7.447496110176458073e-01 -5.981743154888939928e-01 -5.875646658320221594e-01 -3.464524736337580291e-01 -9.672783293568440466e-02 4.774327584791870915e-01 5.394116767061897244e-01 5.621677231933450702e-01 7.388569793288110032e-01 7.680880351040414444e-01 9.237577856159963074e-01 1.000997924920019155e+00 1.015898749568699522e+00 1.094676298210841336e+00 1.186404809683049955e+00 1.441343766455353670e+00 1.495556296916088268e+00 1.565535728786222824e+00 1.701688229490819104e+00 2.146975794903203560e+00 2.418874425602121292e+00 2.453607926936258288e+00 2.775556718218796792e+00 3.430762332294315264e+00 3.604091297156605922e+00 3.658066108769189473e+00 3.842008121624445938e+00 3.876915196045579659e+00 4.085317851180191973e+00
-8.948135612069070266e-01 -7.331625616212003038e-01 -5.839359032167584784e-01 -5.664474539744832615e-01 -2.932151717531724100e-01 2.970203242750373840e-01 4.455757303211276277e-01 5.566964030403704911e-01 5.659361194819444441e-01 7.823298303887046279e-01 8.460060129846755927e-01 8.972318621871294697e-01 9.947335636591713159e-01 1.018310101615436114e+00 1.050365097532748537e+00 1.187310687614207438e+00 1.440770601916462113e+00 1.498157848905018685e+00 1.564794830824122851e+00 1.732617895393549379e+00 2.123292261816689841e+00 2.440985305133689387e+00 2.449145766469381869e+00 2.798985558696732490e+00 3.420493764340031717e+00 3.602796964129391100e+00 3.644842269106818300e+00 3.836565109310809962e+00 3.874376903884156675e+00 4.090292461945953306e+00
-8.542473578454483629e-01 -7.140196366466697864e-01 -5.647715692058374870e-01 -5.142305077079916131e-01 -2.293878344039901040e-01 3.347192199407736379e-01 4.349806124586450551e-01 5.644927424480994382e-01 5.838928781945994517e-01 7.496320034126411347e-01 8.743003601577791217e-01 9.132399357069502788e-01 9.850850323200470715e-01 1.030659506237143308e+00 1.065082496062484285e+00 1.219747562662480078e+00 1.442956130221336286e+00 1.496486861373089949e+00 1.551449222047356136e+00 1.766304832869637131e+00 2.048991205376654356e+00 2.455084824926510478e+00 2.511736549392014961e+00 2.837767040439615140e+00 3.339838684710271011e+00 3.590393891860170772e+00 3.602148081202487528e+00 3.834632684758470855e+00 3.912353336119301250e+00 4.137986319775089683e+00
-7.933553883047333999e-01 -6.902599620733310681e-01 -5.408031900843702777e-01 -4.633596194939935686e-01 -2.226602135866406207e-01 1.710488418664330434e-01 5.000880559129931013e-01 5.757652869268846674e-01 5.930678531399791176e-01 6.866876786460005544e-01 8.661027138179959728e-01 8.791802017162951843e-01 9.898728045924690688e-01 1.045532510564997963e+00 1.154542659958310180e+00 1.280944140634928230e+00 1.443584735064032731e+00 1.490514181887535594e+00 1.530418232356549391e+00 1.810478337213577760e+00 2.006899685662096644e+00 2.460306844973928264e+00 2.561783356603011264e+00 2.876783272688087756e+00 3.206329787048242341e+00 3.540772884774331164e+00 3.575265381107473051e+00 3.863597916200548710e+00 3.948229766546834441e+00 4.210179771490836664e+00
-7.304500536915630171e-01 -6.655114028955479988e-01 -5.137887012262234432e-01 -4.383782885627017234e-01 -3.102930707767845298e-01 -1.929299449528973642e-01 5.067508447190306464e-01 5.668421402335369619e-01 5.920128887928332029e-01 6.309848550239242071e-01 7.915933065548041991e-01 8.499717300330115188e-01 9.543413887527232298e-01 1.132618656593288531e+00 1.256709588415237056e+00 1.316117642824026879e+00 1.435890689332089520e+00 1.471057539811022830e+00 1.553671479391048216e+00 1.855950437516679763e+00 2.026308481730932254e+00 2.449907064260049783e+00 2.578533832753792332e+00 2.899985714615489485e+00 3.073799609423164103e+00 3.446961095976133205e+00 3.545181359741997884e+00 3.924466575321500450e+00 3.994385478787424670e+00 4.274174393921999382e+00
-6.854197751666919469e-01 -6.338717974872786209e-01 -4.901032417817267062e-01 -4.071128369760230181e-01 -3.919502949437679296e-01 -3.019657814403869378e-01 4.599180890838105440e-01 5.229718864826041758e-01 5.571538206568884544e-01 5.833395918056847318e-01 6.869702867986461348e-01 8.076587368488638008e-01 8.904618061822677788e-01 1.236194085057636949e+00 1.273110124904616169e+00 1.346965298937247368e+00 1.385049491292623669e+00 1.493033507295485451e+00 1.633226409171467886e+00 1.892060168702648815e+00 2.073631249761574757e+00 2.423696002635157942e+00 2.578740056796905211e+00 2.887725799522716130e+00 2.995119901461857026e+00 3.334016304962249766e+00 3.517721534485502843e+00 3.989914736633118686e+00 4.043876243978824725e+00 4.312636406189191085e+00
-6.754902522909692619e-01 -5.796236896979927167e-01 -4.779264445005396156e-01 -4.512637648768167420e-01 -3.894667228662185843e-01 -3.208911218127472598e-01 3.689401019617600808e-01 4.510344882632333907e-01 4.906748759911581104e-01 5.287812994743211759e-01 5.592439178545315359e-01 7.465070369027507757e-01 8.215597488209004373e-01 1.166499423422905801e+00 1.296693952786114767e+00 1.346346466556088028e+00 1.415397396487289683e+00 1.523759274349758774e+00 1.701692989137711720e+00 1.897895714733110140e+00 2.081658799733712595e+00 2.385381076289468272e+00 2.593479256793015608e+00 2.872347960635396547e+00 2.991668792320710146e+00 3.236745256117644853e+00 3.508861693644759416e+00 4.036242086249114180e+00 4.080009979652828633e+00 4.317312798005803032e+00
-6.866880780448613164e-01 -5.392059014214952706e-01 -5.125652875550281706e-01 -4.632002795078936641e-01 -4.147591680946100534e-01 -2.357422096551702873e-01 2.409089596671650235e-01 3.406532038689340514e-01 3.855329760301559050e-01 4.316333082097891793e-01 4.737219627141690537e-01 6.532779549504509342e-01 7.667369480551088357e-01 1.059099375413467214e+00 1.205959698430726146e+00 1.408824785800235624e+00 1.462301990380152850e+00 1.541312838202407498e+00 1.709174063039847091e+00 1.848262519246275826e+00 2.014075659291796327e+00 2.332137489461371338e+00 2.604701605584323065e+00 2.922755745473361699e+00 3.069053208103926789e+00 3.199118057776021207e+00 3.519899269414471288e+00 4.050755978766848564e+00 4.088840310046235160e+00 4.283967375733082505e+00
-7.101152378239929952e-01 -6.042680521751946365e-01 -5.492075949550304648e-01 -4.499160790775872942e-01 -3.588913691957942298e-01 -2.478997874397262935e-01 1.092817676184876519e-01 2.010007719843500684e-01 2.291513073858786331e-01 3.375414199382763547e-01 4.206464846920827672e-01 5.347080039017685360e-01 7.273244536751934941e-01 9.611214721428685825e-01 1.106896487647219374e+00 1.453473700099577881e+00 1.492255412382387680e+00 1.546766879460173660e+00 1.665291854099081759e+00 1.754734307421562667e+00 1.885315410254671864e+00 2.271858362373290863e+00 2.555049117949404813e+00 3.067398932964536584e+00 3.207301217233523793e+00 3.252522978440146595e+00 3.541007879284427062e+00 4.029639254838888185e+00 4.062779677745455231e+00 4.211305805977991312e+00
-7.343319291688491512e-01 -6.691344363432500941e-01 -6.275473455193124606e-01 -4.082377668842718799e-01 -3.335904175123736159e-01 -2.763480211010764243e-01 -1.754819489616741834e-01 -1.318877383349543186e-01 4.267320014574023379e-02 2.357561607287717853e-01 3.412149603018986288e-01 4.322825896108266619e-01 7.207734994249099802e-01 8.900276951292740435e-01 1.006273350256571941e+00 1.483699956782066787e+00 1.510407928612773176e+00 1.543506948168970938e+00 1.606268686847846405e+00 1.653382934672446458e+00 1.736116254202506370e+00 2.232877424164030788e+00 2.461264887563379578e+00 3.261304881227036212e+00 3.364484703079114070e+00 3.373604695613309445e+00 3.562597701971903064e+00 3.975927862571924543e+00 4.001939728378681949e+00 4.102155267904072034e+00
-7.458338015623808825e-01 -7.149951593060647204e-01 -6.936454307302868383e-01 -3.598268518261382720e-01 -3.087564464629653505e-01 -2.954079749097370255e-01 -2.355046398026063026e-01 -2.130658621571761557e-01 -1.990166481355294670e-01 1.193157262499395799e-01 2.035940148063711264e-01 3.126221876578709202e-01 7.637873181380273602e-01 8.478509908091699243e-01 9.134931399610514147e-01 1.506197657615094387e+00 1.521360659655073055e+00 1.536855376714360899e+00 1.560862638988821605e+00 1.578222460443548858e+00 1.613711590517008299e+00 2.234422382156912246e+00 2.360886095730465595e+00 3.453456469239961635e+00 3.505894098647915680e+00 3.509429196723970801e+00 3.578102697157131473e+00 3.903511626358136866e+00 3.918709274071086934e+00 3.969628939193758477e+00
-7.360960601928079328e-01 -7.327376504641593957e-01 -7.309302282294676267e-01 -3.076477298134174809e-01 -3.055412096682618706e-01 -3.020929533934317845e-01 -2.085115112751556032e-01 -2.038287916659587140e-01 -1.963805627317537217e-01 -5.687491602736553103e-02 -9.745715048834629329e-03 5.548180515297308074e-02 8.316057554151029541e-01 8.338601555102208573e-01 8.349002709613581041e-01 1.527630643691701096e+00 1.529073816275132502e+00 1.529480148567375020e+00 1.548406010871516747e+00 1.549341490494589024e+00 1.551551722690573509e+00 2.277639025668854789e+00 2.281829281030534062e+00 3.558064781471586002e+00 3.578259906299999571e+00 3.580599343082006225e+00 3.581765962167630324e+00 3.866202395110974965e+00 3.870697778031913838e+00 3.873759312718357162e+00
-7.364630596627500525e-01 -7.177338251188558615e-01 -6.833817462641730289e-01 -3.613547051616730621e-01 -3.018056029944095608e-01 -2.702874236625161242e-01 -2.386773134552038489e-01 -2.122434472106829173e-01 -1.856870189720876974e-01 1.572606574529319956e-01 2.598131753458967075e-01 3.134908723063680180e-01 7.533820363962279165e-01 8.701128870555675521e-01 9.093390705142606611e-01 1.507403029770885361e+00 1.523963447794101311e+00 1.535341169071770651e+00 1.570937841859279205e+00 1.599765841373427477e+00 1.621209057081213212e+00 2.227288409996199370e+00 2.380764298070352947e+00 3.431090924196150471e+00 3.472432637952548973e+00 3.481696369467930374e+00 3.566978935038968235e+00 3.926088241496788811e+00 3.950711918420387381e+00 3.979513847631145129e+00
-7.028547867278465144e-01 -6.780330595534105331e-01 -5.980355985219084625e-01 -4.170995535051049141e-01 -3.010438912263844191e-01 -2.386476445062688800e-01 -8.493809233877756826e-02 9.166307313851923544e-02 1.473657851349864378e-01 2.787331194947841317e-01 3.874118632018160868e-01 4.806871655256030884e-01 6.788811810157708848e-01 9.722132432678541880e-01 9.859203598272904268e-01 1.483927206685482503e+00 1.530205050397781319e+00 1.538407276431573489e+00 1.634131967576710309e+00 1.722465727237385558e+00 1.768153572420375408e+00 2.233907424841227396e+00 2.501905405436596119e+00 3.192575943902890678e+00 3.293737914289803559e+00 3.313258100291570418e+00 3.537184144749654813e+00 4.016339299995017598e+00 4.072186485130284694e+00 4.109105587058889952e+00
-6.645925694100743852e-01 -6.205611317529170501e-01 -5.096119326218271350e-01 -4.605292365318875980e-01 -3.451511437777705082e-01 -1.154001217982737609e-01 2.254338188255844699e-01 2.960582277595276701e-01 3.193141676930346118e-01 3.782322218317453189e-01 4.770826967366575411e-01 6.220600311961592688e-01 6.803323131109969557e-01 1.058078338599377499e+00 1.104374246704865170e+00 1.451865452918734478e+00 1.527301547818134875e+00 1.539401874941758175e+00 1.697808462655688633e+00 1.873839264128811299e+00 1.935706822318537190e+00 2.288403224735177321e+00 2.594946883154115813e+00 2.954389062759091189e+00 3.147146276261068021e+00 3.183378967127720838e+00 3.493608720856490990e+00 4.067353674184404078e+00 4.159349864353387716e+00 4.191412635316309476e+00
-6.485956448970069399e-01 -5.544489568773324217e-01 -4.969550272170753513e-01 -4.393309895079848260e-01 -4.106112136507182875e-01 -9.386172071558163132e-02 3.028584610390803178e-01 3.261759228823974399e-01 4.727631917412332130e-01 5.420638004877543770e-01 5.717782047309635240e-01 6.483528970345178166e-01 8.500980300961832326e-01 1.144287121723383871e+00 1.216554924682840433e+00 1.405252571946868922e+00 1.500423701689462153e+00 1.534209700534659770e+00 1.695125511997852552e+00 1.967841823177294946e+00 2.035527514151063588e+00 2.365230769108898734e+00 2.617690265905965763e+00 2.789882480300456269e+00 3.108953427686837578e+00 3.173652019662297707e+00 3.444173865903868315e+00 4.069688313385189993e+00 4.195766267033945063e+00 4.213638051832327314e+00
-6.655875305423112342e-01 -5.299021437393970357e-01 -4.939833692857798497e-01 -4.409734085691812133e-01 -3.787637952869961078e-01 -2.385129501561210064e-01 2.660238302196699656e-01 4.700346543443498226e-01 5.884415106379593530e-01 6.263063865283671205e-01 6.815504845327322592e-01 7.088476734425885883e-01 9.758431395835009958e-01 1.236396358696043141e+00 1.310708552804277671e+00 1.337499884129204064e+00 1.449418212728375455e+00 1.512027240670699157e+00 1.585491630208583747e+00 1.945848030666334161e+00 2.003870971328532313e+00 2.449950254472222699e+00 2.634870587424595456e+00 2.739770958541705159e+00 3.199329039583362011e+00 3.269222161397216553e+00 3.405779164580371887e+00 4.031202144300568335e+00 4.171829369813077726e+00 4.183638164059311215e+00
-7.416088236577019766e-01 -5.375520164617554331e-01 -4.642371289723067340e-01 -3.746425278940215264e-01 -3.502367053068449199e-01 -2.726979306250227886e-01 2.080703480752161549e-01 5.908054447075860027e-01 6.399511896787406506e-01 6.966137284311588740e-01 7.160812284938254946e-01 7.882543755209286962e-01 9.933681054486700468e-01 1.263014310058691025e+00 1.327269110685833420e+00 1.362378131145932203e+00 1.400366029828781222e+00 1.468182131216890118e+00 1.475815374484104714e+00 1.846848572553701384e+00 1.908996183746460629e+00 2.522862204268403463e+00 2.675887475780683200e+00 2.733862194496503140e+00 3.335529443446616948e+00 3.401357139669707763e+00 3.419352140167462473e+00 3.969319448500985281e+00 4.085863743867786724e+00 4.123946476880923306e+00
-8.388162054568846226e-01 -5.250061325401897960e-01 -4.572268476603013609e-01 -3.692489100019836767e-01 -3.300349484229923580e-01 -1.935257689533751158e-01 2.212142589227124034e-01 6.130106299023708738e-01 6.528234548621846267e-01 7.065887883502144362e-01 7.340054649781253548e-01 8.396654736415239961e-01 9.523406330413131116e-01 1.241995129878191051e+00 1.273928905421441771e+00 1.391198606522396020e+00 1.412894903673367120e+00 1.450640193122830990e+00 1.459540495197588106e+00 1.746539161850875654e+00 1.863232709016884536e+00 2.521525889962501932e+00 2.706610246898924377e+00 2.716162865860976439e+00 3.406920463799198551e+00 3.508378700158667485e+00 3.557492013821376364e+00 3.894613236544653745e+00 3.977391073904016583e+00 4.055601707483920570e+00
-9.016212852979542669e-01 -5.014693737064143120e-01 -4.709605250202149596e-01 -4.136872417790368184e-01 -3.304510367928100156e-01 -2.380031852907852907e-01 3.088578006998909387e-01 5.587921623572216223e-01 6.228494944419988855e-01 6.672701899654363000e-01 7.593691049730547649e-01 8.582779432749169102e-01 9.699008944321266812e-01 1.164366899198941763e+00 1.288985260692631529e+00 1.306323036945780780e+00 1.463407013738461382e+00 1.480043320830606302e+00 1.501901173184677862e+00 1.727146865773816709e+00 1.890012076492332938e+00 2.425755936167125260e+00 2.643493426881455832e+00 2.746507650767763931e+00 3.461614479793723831e+00 3.581035750052320665e+00 3.673036650717737661e+00 3.796502442387057030e+00 3.883714717944042327e+00 4.056936033796118224e+00
-8.876978264892154691e-01 -5.325865395851263617e-01 -4.661491212906626602e-01 -4.306762753287062817e-01 -4.006223912118328512e-01 -1.956007224546346679e-01 3.083200573074983963e-01 5.056399077434882150e-01 5.435149502243604713e-01 6.348975045317241106e-01 7.689343024337230714e-01 8.431556848821195604e-01 9.551595872635331164e-01 1.076188467206501409e+00 1.194988112858794471e+00 1.429952578695130372e+00 1.494304976864171186e+00 1.509374594907005429e+00 1.540176364831592704e+00 1.794884171947316309e+00 1.969204437675591723e+00 2.298530648320460834e+00 2.541485435448022301e+00 2.742359052353048554e+00 3.480571983020490201e+00 3.577198786059923474e+00 3.712945624335281192e+00 3.750338884141754203e+00 3.832894980076629210e+00 4.146134912672447825e+00
-7.812646274606591668e-01 -5.878702002113004310e-01 -5.146895068465831002e-01 -4.612479944908298157e-01 -3.538044402767344110e-01 -1.719464843712279756e-01 1.950190858077522071e-01 4.163463484989986529e-01 4.986036917848401528e-01 6.067004888211998681e-01 7.479525173941249383e-01 8.064473687765799648e-01 9.228294842985070856e-01 1.005070323352382555e+00 1.121908581426809048e+00 1.482506730052020938e+00 1.505583858422535615e+00 1.553031802817221196e+00 1.660593095796465413e+00 1.901890734283325557e+00 2.054846739066897854e+00 2.192678320349036092e+00 2.415624688534904418e+00 2.702221980117884836e+00 3.445870429589375394e+00 3.518697622002305181e+00 3.716718201192800386e+00 3.783200094559987736e+00 3.835841888548730427e+00 4.255814295867777375e+00
-6.285489852539103417e-01 -5.814708381192157383e-01 -5.616454705167549522e-01 -5.105643279942115864e-01 -2.797629313573892218e-01 -2.317336323163684819e-01 -1.135982912484525126e-01 2.913957122189126947e-01 4.935996657384046915e-01 6.005310246079526015e-01 6.920879259969474617e-01 7.771986373202005582e-01 8.941482041369490652e-01 9.504681788557296507e-01 1.062072693908143295e+00 1.485042223196265887e+00 1.503916625468020740e+00 1.565858443589790872e+00 1.842464772249707394e+00 2.000103607092306390e+00 2.087325373787421778e+00 2.155191485696547282e+00 2.288847689471726454e+00 2.638600789211919206e+00 3.416699075627818161e+00 3.471500396246484765e+00 3.724731373647623300e+00 3.786337061841526630e+00 3.885158961822910317e+00 4.343838797786326644e+00
-6.373777062116340320e-01 -6.067355529828734051e-01 -5.745860638947707377e-01 -3.205659697971137700e-01 -2.559895337440177832e-01 -1.871509381362705671e-01 8.564082614638710012e-02 1.507789755136458298e-01 4.849952395840904096e-01 6.029082807099293007e-01 6.284906742748020969e-01 7.666530218275477981e-01 8.808733882754276046e-01 9.255429096622724838e-01 9.907063871053652937e-01 1.483792457488039229e+00 1.495250281279236759e+00 1.572580539930334753e+00 1.990373819896299690e+00 2.063459109415050285e+00 2.082003090320349248e+00 2.158956969761814282e+00 2.183465768854767397e+00 2.574672106753550072e+00 3.421026044666795052e+00 3.451224715411789212e+00 3.726297976387188626e+00 3.760607262237900539e+00 3.943008260071872328e+00 4.396580480645477351e+00
-6.228249933761975665e-01 -6.195071189065493034e-01 -6.164977571494815178e-01 -2.671871665298228837e-01 -2.609013150475300025e-01 -1.416998580739212421e-01 -1.266500645656878365e-01 3.311999900579140066e-01 5.247633566624445578e-01 5.285435889647051022e-01 6.334478167558822426e-01 7.703010593524268756e-01 9.032673293577448970e-01 9.207104230004222734e-01 9.230730337386304774e-01 1.485898118043894378e+00 1.487792342282796998e+00 1.574907794781897463e+00 2.082394328526137262e+00 2.084245531110331395e+00 2.092808939438027593e+00 2.096267538915613127e+00 2.159569514305152538e+00 2.546188787945799170e+00 3.437354707587473523e+00 3.440734225468023766e+00 3.731861694323365342e+00 3.738628472256114055e+00 3.967004824480969027e+00 4.413572122012028309e+00
-6.515437271517489082e-01 -6.193802364698292040e-01 -5.787130201236744265e-01 -3.217270893773795382e-01 -2.440210134548405352e-01 -1.726389552643224357e-01 -6.823273429321756456e-02 3.383942621305748855e-01 5.146589208913120439e-01 5.305452669583583525e-01 6.350869814776263222e-01 7.299682875107497138e-01 9.048844908665963915e-01 9.284851194014613895e-01 9.775453626365591120e-01 1.472485520441799034e+00 1.488489293179765971e+00 1.569311969007727514e+00 2.029723444050807846e+00 2.043943397996617506e+00 2.105090324685247261e+00 2.142181195199811761e+00 2.205391426814323985e+00 2.546847754900186001e+00 3.431482949578212871e+00 3.438317100763420786e+00 3.713661747842886829e+00 3.744909117139822552e+00 3.982083554384897806e+00 4.410016120251777139e+00
-6.816188242150602594e-01 -6.123654500251647370e-01 -5.293450294952951607e-01 -3.834480170495339624e-01 -2.889365084232847769e-01 -1.832991912623251063e-01 1.247491273069211704e-01 3.392770769172059331e-01 4.835110558708630712e-01 5.370872418893442024e-01 6.395874952868862984e-01 6.648117975722656059e-01 9.243292713336747068e-01 9.667966274601863530e-01 1.058222716960614429e+00 1.440963799921012534e+00 1.480986983085795128e+00 1.554267167851128173e+00 1.970065142709389372e+00 2.004701796169028771e+00 2.101043343742690972e+00 2.197550388680380440e+00 2.284532864493633575e+00 2.549450002630526679e+00 3.412261068603692049e+00 3.431683721678249199e+00 3.674052194518440118e+00 3.760310856456223760e+00 4.016861629822884083e+00 4.399427741873224385e+00
-7.098110026323519728e-01 -6.077584975754194430e-01 -4.701163807924951255e-01 -4.373697951054792421e-01 -3.338284901724231646e-01 -2.029928073505054276e-01 1.804028424512074957e-01 3.100777999595808465e-01 4.589244560220250291e-01 5.364870676088987489e-01 6.138671466423905043e-01 6.488112280233474527e-01 9.592676029813793637e-01 1.022307283788931764e+00 1.140171884408500258e+00 1.390306834874365238e+00 1.466107405249350348e+00 1.532703638369789623e+00 1.919470440514411180e+00 1.972731465023459974e+00 2.092066477271357083e+00 2.252534194731644401e+00 2.367659739153729515e+00 2.556769520012036168e+00 3.377111004047673504e+00 3.421018900181646227e+00 3.630222916544513012e+00 3.784664484509430160e+00 4.057025641523877013e+00 4.382050016203095311e+00
-7.362536120846191467e-01 -6.115313849469957708e-01 -4.921435642839053215e-01 -4.094526474346308342e-01 -3.632239468820650519e-01 -2.030746150077987477e-01 1.075724068269727357e-01 3.268376292193593824e-01 4.554723034860492237e-01 5.271863176783707639e-01 5.839868341202999469e-01 6.571225927748250983e-01 1.008060082387991496e+00 1.085634294296501601e+00 1.217056308284303112e+00 1.323590769771477493e+00 1.444039315910715437e+00 1.506832213982606250e+00 1.880880922360070207e+00 1.946029656025282994e+00 2.080029640751751341e+00 2.303703474659063222e+00 2.442117528867550291e+00 2.577802811960296037e+00 3.324581839349797008e+00 3.406437449005038864e+00 3.592419763890754236e+00 3.816941233107302267e+00 4.095233706426040676e+00 4.358303314636944314e+00
-7.601172818279723353e-01 -6.245835925337537287e-01 -5.316332696443056838e-01 -4.391912169254635345e-01 -3.636230139398662353e-01 -1.939085846813003999e-01 1.871674376023607089e-01 3.767080286161205160e-01 4.491230815763713746e-01 5.261819049296660999e-01 5.650577593984494884e-01 6.652618272568073809e-01 1.066286248340105880e+00 1.148391099281999006e+00 1.241902077155410344e+00 1.290276853103787147e+00 1.416593201997512930e+00 1.479326815951648388e+00 1.854216457545763141e+00 1.922309963078416395e+00 2.065990814626031291e+00 2.347198734760176819e+00 2.490827786156831536e+00 2.629414402692335173e+00 3.257155447119772340e+00 3.388071844383066189e+00 3.563401517066805191e+00 3.855825866104376054e+00 4.128225226577958651e+00 4.328815785136811201e+00
-7.800504120201338099e-01 -6.424040329784964642e-01 -5.666628656551619958e-01 -4.824916756028417297e-01 -3.921767017928278198e-01 -1.639059532342834746e-01 3.005808148531698976e-01 4.199329185703818967e-01 4.402642057583932567e-01 5.432041354276159195e-01 5.675318526447745704e-01 6.715646816452336409e-01 1.119941170857823742e+00 1.149615171875583819e+00 1.225479376063300041e+00 1.327936538948094158e+00 1.405281207395008725e+00 1.452449249111105845e+00 1.837417504725451289e+00 1.900030096196346330e+00 2.050944159368344621e+00 2.378591919294668955e+00 2.519054348463682480e+00 2.707745252176825712e+00 3.180378491658932383e+00 3.366173683212271506e+00 3.541519216333255393e+00 3.899888600128048832e+00 4.154407568231400560e+00 4.294496040971194972e+00
-7.947426365778103019e-01 -6.591630395817782428e-01 -5.960571752416574665e-01 -5.159157886807305138e-01 -4.193592921432973131e-01 -1.042249544729910438e-01 3.079138597683044321e-01 4.023621616514729271e-01 4.873029210783506038e-01 5.674921903618930230e-01 6.230178998853479477e-01 6.739167256017590812e-01 1.046814242713828724e+00 1.189321916404588508e+00 1.274733437953743831e+00 1.315548713742958231e+00 1.424056012018146022e+00 1.447688184577287318e+00 1.827022464681676617e+00 1.879536827992672743e+00 2.035856734322492034e+00 2.395338215307170948e+00 2.545454017365306409e+00 2.794002906139790188e+00 3.100393058437508564e+00 3.341250879092097836e+00 3.524346753051682324e+00 3.947612719533642345e+00 4.172708817050128971e+00 4.256785954759420676e+00
-8.034003975274303100e-01 -6.699735767547533305e-01 -6.166294550984015022e-01 -5.389605888096427044e-01 -4.405260538254028302e-01 7.617486697372097271e-02 2.395933339811192608e-01 3.845167525601295710e-01 5.122012132815908503e-01 6.013330954459695787e-01 6.677441852802628031e-01 7.131663496105822286e-01 9.529501115619281038e-01 1.213498595741443919e+00 1.290148721484700944e+00 1.341495200965489243e+00 1.401040421259412083e+00 1.497165714095645139e+00 1.817887375525606419e+00 1.864610327714120608e+00 2.021881695343684004e+00 2.400263976020375889e+00 2.574807179058378637e+00 2.875742023401720360e+00 3.025139433047013160e+00 3.314143568500155901e+00 3.510158381165476627e+00 3.997377099396149269e+00 4.180542682517510045e+00 4.219408937609157917e+00
-8.060823029261837691e-01 -6.718074551052879428e-01 -6.267555045261438140e-01 -5.531417527181977656e-01 -4.563363943736507000e-01 5.981679040804326053e-02 1.475080526318358620e-01 3.682640548284407678e-01 5.258953642864780953e-01 6.132959482659255945e-01 6.630896826044220260e-01 8.042008781074173607e-01 8.689383266528124539e-01 1.189773992047894247e+00 1.321992633145222751e+00 1.359206408079812078e+00 1.403634144308303355e+00 1.537298380852236690e+00 1.805867651205159241e+00 1.859990930024303823e+00 2.011141380747624385e+00 2.399466614359554217e+00 2.604337981049656303e+00 2.910806076460121794e+00 2.995952672714455201e+00 3.286090954749745219e+00 3.498152399803566404e+00 4.047261204120538025e+00 4.163062408821110338e+00 4.199227689540103725e+00
-8.224853636701416892e-01 -6.704606243213411254e-01 -6.203703750006659412e-01 -5.458734284928578040e-01 -4.519775854284922012e-01 -2.282294139135463418e-01 3.049169980830055415e-01 3.829367591274628335e-01 5.307536602200390030e-01 5.991291695302285447e-01 6.829700839420946856e-01 8.074513996391700088e-01 8.655110234197901375e-01 1.164061954959685563e+00 1.298838750441923429e+00 1.389024898791308305e+00 1.411437612256150498e+00 1.540499733107161484e+00 1.801973378537548021e+00 1.858634374363663522e+00 2.001455969989104577e+00 2.406074081317161273e+00 2.609970486241239396e+00 2.911485814806871630e+00 2.996312289458979095e+00 3.265257622207873744e+00 3.513969549578433327e+00 4.044882659121441293e+00 4.161815121230062253e+00 4.201342712781154454e+00
-8.402670113962027454e-01 -6.805313524107905465e-01 -6.242933501407404995e-01 -5.426930661551792046e-01 -4.042354608172645247e-01 -2.998151875394883259e-01 3.259325997280739795e-01 4.810975896547955988e-01 5.336111630057243094e-01 6.073693555611597850e-01 6.989661907267054053e-01 8.123349962417820702e-01 8.647059252971254217e-01 1.112792525416590461e+00 1.249109371765565246e+00 1.422349226438653913e+00 1.443254101794802624e+00 1.548938407478831270e+00 1.792325708635466697e+00 1.838880606345995705e+00 1.993041982502310683e+00 2.398404434734158208e+00 2.655967870238206352e+00 2.914107738752247823e+00 2.996157703609808376e+00 3.210438332298813702e+00 3.549006950305607422e+00 4.042745661881048669e+00 4.155458456895112285e+00 4.205383248725881984e+00
-8.534452556203447893e-01 -6.966127833574001782e-01 -6.325879682464849996e-01 -5.432671879671528981e-01 -3.977239400161673988e-01 -2.204625671907077533e-01 3.365098819354954141e-01 4.546808220405270662e-01 5.987817721929947767e-01 6.661471932845060007e-01 7.118643465386854663e-01 8.177009908158291429e-01 8.657063694285823674e-01 1.051266187680684361e+00 1.187700330673880034e+00 1.458803321902146122e+00 1.470315087701522083e+00 1.562257162680266154e+00 1.778979914506162663e+00 1.806055697220228184e+00 1.988544990580075833e+00 2.388682400789642557e+00 2.719507439159060791e+00 2.920452364314323646e+00 2.995910492567692707e+00 3.142284078569371530e+00 3.582582443251896009e+00 4.044059075770514156e+00 4.143448946907741792e+00 4.210620832748128706e+00
-8.594274487474142799e-01 -7.109371528841144094e-01 -6.394050502155255167e-01 -5.424082551748855563e-01 -4.117258062300788168e-01 8.783017736444698187e-02 3.094341200766900224e-01 4.525381253766027068e-01 6.217863168610580082e-01 7.208026382344632221e-01 7.653163855007644178e-01 8.212391266025569347e-01 8.636711920428248312e-01 9.918707020081084513e-01 1.125285655494392856e+00 1.475007659037875785e+00 1.505510027222561220e+00 1.573432505215208277e+00 1.762224113388167757e+00 1.777185327882914612e+00 1.986538863190961290e+00 2.382487087199762321e+00 2.777332610072546615e+00 2.934436682226806870e+00 2.997549210813672094e+00 3.073299713203661465e+00 3.605057344472527348e+00 4.050573139023865288e+00 4.128290511620689607e+00 4.214955323947238597e+00
-8.569887648121039536e-01 -7.181214720344782920e-01 -6.426962866542269559e-01 -5.412088528572467361e-01 -4.167962959232557885e-01 1.888970346800900868e-01 2.340451345251641502e-01 4.726704244689186596e-01 6.417675490852694509e-01 7.379565854455447660e-01 8.072477968788897007e-01 8.319633675312400056e-01 8.553345267878186275e-01 9.594754496191201243e-01 1.082650635245834270e+00 1.479955495229332119e+00 1.533990590869805715e+00 1.569950005002686666e+00 1.748402808771996941e+00 1.767992749534176733e+00 1.986028218524517719e+00 2.380247620349153159e+00 2.803860281691289646e+00 2.948099814312254097e+00 3.010098296877855795e+00 3.025188847935905923e+00 3.612726581678048277e+00 4.057724346108050995e+00 4.117670819429005036e+00 4.216459505367145866e+00
-8.558120517489348211e-01 -7.126379701383233067e-01 -6.371457690259451079e-01 -5.422693781255253365e-01 -4.105140158302458264e-01 2.112716894133304657e-01 2.379146658391136093e-01 4.533895926535979615e-01 6.268802204242615028e-01 7.109343590759557019e-01 7.724430672215797378e-01 8.269748568381720677e-01 9.025256051844824379e-01 9.898910913975252912e-01 1.080767826608728166e+00 1.474480189378940098e+00 1.529811515743369155e+00 1.554351951993209191e+00 1.749727157977180925e+00 1.786762584739326698e+00 1.987782939068157173e+00 2.380250105621265266e+00 2.777115116988600363e+00 2.952661739341501779e+00 2.976167903416024441e+00 3.075314478486617986e+00 3.611629381453115073e+00 4.032405954021140104e+00 4.143592187032258067e+00 4.214899960012487234e+00
-8.499382959733350340e-01 -6.971474161177064754e-01 -6.253725786289878741e-01 -5.367350320416666154e-01 -3.962633048983955075e-01 2.034882941856604732e-01 2.444031821110977387e-01 4.213621244757475570e-01 5.877335886829085920e-01 6.632779858417274799e-01 7.262262577929988749e-01 8.227941698406475712e-01 9.748786185625584189e-01 1.038230368240262047e+00 1.079024877722591480e+00 1.457379471534157922e+00 1.494626889266521985e+00 1.540267594585604582e+00 1.755569983217342145e+00 1.829391377468424285e+00 1.986295331654549079e+00 2.379725889762741353e+00 2.732578922041574820e+00 2.886414317723824841e+00 3.029374426836681788e+00 3.128447016316124873e+00 3.608618780072865295e+00 3.993782599335117922e+00 4.182203188027011187e+00 4.208994395878785433e+00
-8.392986424802780787e-01 -6.727100887285750730e-01 -6.074045461261841083e-01 -5.227062321974941250e-01 -3.760845706789862075e-01 1.408329165688397555e-01 2.490636241227776604e-01 3.875979430572120132e-01 5.227979089189914719e-01 6.107835387597394528e-01 7.046019469663521440e-01 8.110194056691483189e-01 1.030620208089641388e+00 1.064516282905727085e+00 1.118499287345309900e+00 1.421301490341930984e+00 1.443156230271688933e+00 1.538697863275303002e+00 1.766530171085821221e+00 1.877431004500375478e+00 1.982673420749204718e+00 2.377261138774581894e+00 2.687084287001002991e+00 2.815916478850583271e+00 3.092554113948598804e+00 3.178434310019893072e+00 3.604280217733337732e+00 3.954118214049874513e+00 4.198026520900149272e+00 4.221768923904263282e+00
-8.239745082664181597e-01 -6.418623941699346247e-01 -5.825633624922554876e-01 -4.977192387526170325e-01 -3.557213794798573803e-01 -1.378774577306626226e-01 2.488456792414872609e-01 3.646532652472866953e-01 4.303570369839299081e-01 5.776197285089271771e-01 6.889140270708203895e-01 7.935896363407930476e-01 1.019750852942423958e+00 1.129683712122333761e+00 1.179571827779801074e+00 1.360238296551272263e+00 1.401958341787771234e+00 1.538551221902186628e+00 1.781682250901877929e+00 1.924182518495669125e+00 1.978621663917793372e+00 2.370619026914072336e+00 2.645994589151105636e+00 2.742031694309244649e+00 3.159416459818062961e+00 3.225207895984768314e+00 3.599630582739667517e+00 3.915642657560467033e+00 4.182968980331952302e+00 4.258894939282336978e+00
-8.042820129872672030e-01 -6.086399853078797717e-01 -5.504604518581885930e-01 -4.592705389107700209e-01 -3.570150809744948028e-01 -2.228741009663852690e-01 2.173176547172912532e-01 3.286102020601768259e-01 3.581503385569095865e-01 5.565148089076839000e-01 6.743805319197886394e-01 7.716862513663791390e-01 9.955102827039185032e-01 1.199569785033876457e+00 1.232830462642784841e+00 1.301451680063438365e+00 1.356701292306571771e+00 1.538841692819391316e+00 1.800978832129519258e+00 1.966419440683919495e+00 1.976390942472162404e+00 2.357211724223667204e+00 2.611867906469656830e+00 2.665293419118430318e+00 3.226422311693237344e+00 3.268724774455880944e+00 3.596256522592200078e+00 3.879275487536157030e+00 4.163108233673809444e+00 4.293231408321006803e+00
-7.808548539788513487e-01 -5.764165456222479778e-01 -5.145547821682513456e-01 -4.287244159252884823e-01 -3.709472208063064325e-01 -2.323135998050384898e-01 -6.301541633727926472e-02 2.944563957591235792e-01 3.556817762824589502e-01 5.415023736085393669e-01 6.610364174868665899e-01 7.464698726298288900e-01 9.682293196684036429e-01 1.210792925202115011e+00 1.260487158885444492e+00 1.306254584678656405e+00 1.318656307059150379e+00 1.539564958947186035e+00 1.824876854783346047e+00 1.975121867664003661e+00 2.005231416723779247e+00 2.335044354691972135e+00 2.583679414208295277e+00 2.588786113520253451e+00 3.289721694922375317e+00 3.309040909477086512e+00 3.596593537363402149e+00 3.845609296485666739e+00 4.138605033482398277e+00 4.324012546148583880e+00
-7.546849912915252201e-01 -5.510475722512283570e-01 -4.874775821468756987e-01 -4.505648373428979836e-01 -3.289211218523700464e-01 -2.681285499837176012e-01 -1.390808487488096878e-01 2.926235816074209684e-01 3.710282856398833262e-01 5.309435745721382549e-01 6.496347964870675673e-01 7.195739568851854395e-01 9.409068638420249320e-01 1.150216783323521952e+00 1.233214253623431622e+00 1.339287274748348189e+00 1.363924846723658213e+00 1.541104595363570473e+00 1.854201257668339764e+00 1.978832623917860190e+00 2.037206821409820900e+00 2.303834209152967993e+00 2.505623708718179188e+00 2.568997713919692671e+00 3.341243948323274093e+00 3.349291615272524947e+00 3.604217928336670429e+00 3.815133313745323385e+00 4.109723137981364793e+00 4.350739074265780104e+00
-7.270546235726290663e-01 -5.550327763769298262e-01 -4.853108557755621000e-01 -4.402047346559688212e-01 -3.624440088064609378e-01 -1.907382375097774474e-01 -1.087406622504963755e-01 3.008713347741459598e-01 4.137407483911363926e-01 5.246429964268181090e-01 6.406085064426423337e-01 6.942580715607689079e-01 9.163961567842734413e-01 1.090199392314712190e+00 1.168780190016754705e+00 1.392367488497693540e+00 1.408492950245630038e+00 1.544305160814360312e+00 1.889932296534137413e+00 1.987353711452389371e+00 2.063342826781705330e+00 2.265178460477488720e+00 2.424915939383669894e+00 2.558130466311160589e+00 3.374806563688313332e+00 3.389992281520565864e+00 3.623094182613916470e+00 3.788356524738744735e+00 4.077076608654068401e+00 4.373039354192981065e+00
-6.992882259128798683e-01 -5.799597216281343615e-01 -5.132892474531557392e-01 -4.075103419012331973e-01 -3.415175075173509378e-01 -1.627155333632257228e-01 4.181486287902649174e-02 3.157820826013318372e-01 4.746818262201842886e-01 5.227378320055043881e-01 6.350702240095486006e-01 6.781540596401238741e-01 8.979678012227135797e-01 1.034631492868478553e+00 1.098608128849861476e+00 1.434898369106352156e+00 1.445117103186374319e+00 1.550526348368355789e+00 1.932819272103420527e+00 2.001858350897066874e+00 2.083464366919292488e+00 2.221647978627532272e+00 2.345138225516058661e+00 2.551830977351953411e+00 3.401461692096918288e+00 3.416834179776806479e+00 3.653987974039937470e+00 3.765924848636624134e+00 4.041976020220287680e+00 4.390637910881468819e+00
-6.723105203111590100e-01 -6.020190736615552707e-01 -5.537472365866534796e-01 -3.573692695192141056e-01 -2.943097700511178583e-01 -1.788126248414096675e-01 7.035358134636991723e-02 3.304534344033683846e-01 5.093236847312815341e-01 5.314896602273357917e-01 6.346272704392585950e-01 6.897542066522234228e-01 8.891618690543241499e-01 9.853735348870166222e-01 1.026385641533411608e+00 1.463766772188985321e+00 1.470790006248154480e+00 1.560409355580571145e+00 1.982830536421009482e+00 2.023382948936312875e+00 2.097384367252764115e+00 2.176006046335364985e+00 2.268175761048325079e+00 2.548381902141089839e+00 3.421661262372841517e+00 3.431101279220743816e+00 3.691014851457919743e+00 3.748732850777210412e+00 4.007216810452267630e+00 4.403337719691571728e+00
-6.461379269494009758e-01 -6.158961561435041254e-01 -5.890707015581736483e-01 -3.060615814916979316e-01 -2.508465182735974408e-01 -1.853652752505010881e-01 -5.462928041085224340e-02 3.337521203261062941e-01 5.170141219587013337e-01 5.353006115102342255e-01 6.340157700081683334e-01 7.372227926829544309e-01 8.926368655988509149e-01 9.446408760530324855e-01 9.586921654192431808e-01 1.480364930523782485e+00 1.484069788326588979e+00 1.570580200284062755e+00 2.037980916122414055e+00 2.052443877940721695e+00 2.103868003187795210e+00 2.131051598159658944e+00 2.198299143095757024e+00 2.546692811196738404e+00 3.433970464177440007e+00 3.437949106000676380e+00 3.722743547112828733e+00 3.738165630285763541e+00 3.978772016389568567e+00 4.411007439593229051e+00
-6.228249933761975665e-01 -6.195071189065493034e-01 -6.164977571494815178e-01 -2.671871665298228837e-01 -2.609013150475300025e-01 -1.416998580739212421e-01 -1.266500645656878365e-01 3.311999900579140066e-01 5.247633566624445578e-01 5.285435889647051022e-01 6.334478167558822426e-01 7.703010593524268756e-01 9.032673293577448970e-01 9.207104230004222734e-01 9.230730337386304774e-01 1.485898118043894378e+00 1.487792342282796998e+00 1.574907794781897463e+00 2.082394328526137262e+00 2.084245531110331395e+00 2.092808939438027593e+00 2.096267538915613127e+00 2.159569514305152538e+00 2.546188787945799170e+00 3.437354707587473523e+00 3.440734225468023766e+00 3.731861694323365342e+00 3.738628472256114055e+00 3.967004824480969027e+00 4.413572122012028309e+00
-6.474424226850754582e-01 -6.117746301122299890e-01 -5.908679868290902526e-01 -2.928734275737894244e-01 -2.625905942774845458e-01 -1.939110403412010741e-01 -6.118034799848208471e-02 3.308321231046667532e-01 5.101689004570489905e-01 5.450197561515385258e-01 6.340176657601784838e-01 7.325147504932094655e-01 8.995851702190515997e-01 9.300233063622549423e-01 9.709433291061998483e-01 1.473088076805020075e+00 1.490246872247764864e+00 1.570811509171772924e+00 2.038635363212457641e+00 2.047241960288899598e+00 2.103784573656040546e+00 2.135184220259447319e+00 2.199277676440561269e+00 2.546776025867912630e+00 3.435091655209845385e+00 3.436335816606275628e+00 3.720104150040670632e+00 3.740057324837513519e+00 3.979794642434390184e+00 4.410709310091847968e+00
-6.709602524684536995e-01 -5.975473581221012465e-01 -5.561712441276998042e-01 -3.425814531892229509e-01 -2.880712738348024105e-01 -2.278366103356133376e-01 -2.506089975790031649e-02 3.303078759792115182e-01 4.831802466572029942e-01 5.691272327050787005e-01 6.347519924519742229e-01 6.686776536948730865e-01 9.089750159191818391e-01 9.643105245217795662e-01 1.043301658599341986e+00 1.446396932802595847e+00 1.485116910809460844e+00 1.559940906362558888e+00 1.983833128932182666e+00 2.011122368478300615e+00 2.101298226012629389e+00 2.184777938516725637e+00 2.268491196031345414e+00 2.548965076126244345e+00 3.420558227593085476e+00 3.430231551288786207e+00 3.685797218248080043e+00 3.752014084578235931e+00 4.010246012298776641e+00 4.402171058277761340e+00
-6.915316743434670732e-01 -5.807449287831887297e-01 -5.138454975196341534e-01 -3.970527495345164137e-01 -3.231711206815597870e-01 -2.526038807005497322e-01 -1.064768883145479905e-01 3.271916185197648042e-01 4.451227759665615791e-01 5.745938678239217445e-01 6.263387072519120968e-01 6.463939223016034186e-01 9.315784214239706262e-01 1.011880294454320373e+00 1.117529627788145019e+00 1.404859650254309367e+00 1.472724067137761716e+00 1.544895476607192730e+00 1.933910664272058710e+00 1.981657697054650669e+00 2.095027217472788195e+00 2.234849441327897424e+00 2.342378444832115658e+00 2.554464869556784201e+00 3.393056445502370622e+00 3.421390928122735264e+00 3.645104431214644780e+00 3.771869465124319198e+00 4.046749329159312403e+00 4.388109842526375814e+00
-7.089278580470441682e-01 -5.703453711433001949e-01 -4.727053936415992474e-01 -4.373738048187010286e-01 -3.586513013093419744e-01 -2.693024193613601791e-01 -2.037134809223392073e-01 3.243011147880038858e-01 4.126780017355562991e-01 5.545859487416334721e-01 6.324937509183076179e-01 6.550483373705076051e-01 9.671463105657697179e-01 1.066492050766039812e+00 1.188408786348321255e+00 1.349434582420583562e+00 1.453866085647111284e+00 1.527202484916192038e+00 1.892090412243208952e+00 1.957266662982792838e+00 2.086220628268971922e+00 2.282903787459273914e+00 2.412795161408698430e+00 2.568117078441963130e+00 3.351417212921492528e+00 3.409386902652776552e+00 3.607573346715217344e+00 3.798491533538743248e+00 4.082822062480788716e+00 4.368786658177415738e+00
-7.228212118316633683e-01 -5.730083140904129735e-01 -4.985834407415428160e-01 -4.285518587400194979e-01 -3.774862125732759699e-01 -3.226429060052332098e-01 -1.967915989336498639e-01 3.335519520997262677e-01 3.959325123321577600e-01 5.454819601492126857e-01 6.347015999243353912e-01 6.693508093793774094e-01 1.014345518059546869e+00 1.123181232518076555e+00 1.251731674430518915e+00 1.285309329740738082e+00 1.429823953563866379e+00 1.507498394180617707e+00 1.859178484585892521e+00 1.936226543822474611e+00 2.075425450199416932e+00 2.326371147125190220e+00 2.468149818328501333e+00 2.600931992272438098e+00 3.296156617081602569e+00 3.394327342327081443e+00 3.577113676834950073e+00 3.830876202862612878e+00 4.115432093028446481e+00 4.344583408717111794e+00
-7.328316074136800307e-01 -5.889131406684658954e-01 -5.376962903660099657e-01 -4.645093003325292402e-01 -3.944391599845624152e-01 -3.365358628513517303e-01 8.397010877450780675e-02 3.447731893575853857e-01 4.011731362174678628e-01 5.500589352348695948e-01 6.308825903892919529e-01 6.835820870687598916e-01 1.069782630555556002e+00 1.169842669910475363e+00 1.215577659259413190e+00 1.311255504763531254e+00 1.406065582495204414e+00 1.486384373361138378e+00 1.834692982876741096e+00 1.916986679510535030e+00 2.063195662152013998e+00 2.362296361844800074e+00 2.502004070845007089e+00 2.659959024101834046e+00 3.230565074558885197e+00 3.376312944991116893e+00 3.553558761313342806e+00 3.867991088216637507e+00 4.143084907446025866e+00 4.316027371165894522e+00
-7.386764796471736449e-01 -6.135310043613700914e-01 -5.733119763977850836e-01 -5.037606746343309405e-01 -4.261840981866110156e-01 -3.082226647891833649e-01 2.141762843724737964e-01 3.347104224014431084e-01 4.500721378369837988e-01 5.625874190584502221e-01 6.298155249241852438e-01 6.965903636443301350e-01 1.114561631485465387e+00 1.130199632818658761e+00 1.240247398259932909e+00 1.332063157191119451e+00 1.409537890602966304e+00 1.464865903580415907e+00 1.817220389764844679e+00 1.898581595255068866e+00 2.050184811223890069e+00 2.387790170848341553e+00 2.526348409474811874e+00 2.734105435567041109e+00 3.159081950473992428e+00 3.355536247545600315e+00 3.535156555792842159e+00 3.908771779001053215e+00 4.164948328720637249e+00 4.283851169927222813e+00
-7.404803650211432275e-01 -6.400884230255656782e-01 -6.010772743433426824e-01 -5.319006491748067278e-01 -4.468389029690731373e-01 -2.800091808642165558e-01 2.383313289148726866e-01 3.208933974850604609e-01 4.996915040151438392e-01 5.750482372929250907e-01 6.527816719033654458e-01 7.105603742712425230e-01 1.030911524985239414e+00 1.185777667444100070e+00 1.273232088643620141e+00 1.325112790345019054e+00 1.433637013470834720e+00 1.459391281367228954e+00 1.804873697309692382e+00 1.880944274010625028e+00 2.037216661471608070e+00 2.402128995052127625e+00 2.551325339290326344e+00 2.811769104868182545e+00 3.086279384388310287e+00 3.332372581782410137e+00 3.520274369539401871e+00 3.952117909261520179e+00 4.180299970430800371e+00 4.249228177117562844e+00
-7.393395082424277787e-01 -6.599435164614588789e-01 -6.209256641468863247e-01 -5.495426278835612299e-01 -4.591943212716670386e-01 -2.594324744293243779e-01 2.037297101243851216e-01 3.240693062205511898e-01 5.024441472729486158e-01 5.989106034573786763e-01 6.838245848906805424e-01 7.444146406090746959e-01 9.460302383791742153e-01 1.219985424014979669e+00 1.274326750490430316e+00 1.353434471212748402e+00 1.414751343210671308e+00 1.500494779009690083e+00 1.795855805413846484e+00 1.864994714520771923e+00 2.025501578895529509e+00 2.408000659162226054e+00 2.578187866119765914e+00 2.883908892921641431e+00 3.019150087242552516e+00 3.307429621345550963e+00 3.507866127774275977e+00 3.996880937573498382e+00 4.186353190576042493e+00 4.215838715996681252e+00
-7.377740441243826330e-01 -6.670412629167450369e-01 -6.336969084641729255e-01 -5.575700128528342514e-01 -4.645152494340392679e-01 -2.549039684169116526e-01 1.095944933210944994e-01 3.390413083897914071e-01 4.821525861535957413e-01 6.258470877289684653e-01 6.828766960169824207e-01 7.927708945963666265e-01 8.845191819656146315e-01 1.200607149940621010e+00 1.305649816098815919e+00 1.378713047331360908e+00 1.404785198100511723e+00 1.537181893603154270e+00 1.789588078954844841e+00 1.851871481294984800e+00 2.017091352496005019e+00 2.409464803884181716e+00 2.604432530847355931e+00 2.911225991204686725e+00 2.996706638588845450e+00 3.281592688588330198e+00 3.497532162546567402e+00 4.041784871364535014e+00 4.166311663601092619e+00 4.201861504120119939e+00
-8.060823029261837691e-01 -6.718074551052879428e-01 -6.267555045261438140e-01 -5.531417527181977656e-01 -4.563363943736507000e-01 5.981679040804326053e-02 1.475080526318358620e-01 3.682640548284407678e-01 5.258953642864780953e-01 6.132959482659255945e-01 6.630896826044220260e-01 8.042008781074173607e-01 8.689383266528124539e-01 1.189773992047894247e+00 1.321992633145222751e+00 1.359206408079812078e+00 1.403634144308303355e+00 1.537298380852236690e+00 1.805867651205159241e+00 1.859990930024303823e+00 2.011141380747624385e+00 2.399466614359554217e+00 2.604337981049656303e+00 2.910806076460121794e+00 2.995952672714455201e+00 3.286090954749745219e+00 3.498152399803566404e+00 4.047261204120538025e+00 4.163062408821110338e+00 4.199227689540103725e+00
-7.725240598338349862e-01 -6.722954733323872611e-01 -6.350972368633398535e-01 -5.185345208575830034e-01 -4.201073027610442434e-01 -2.021165550223495977e-01 -1.150048769655485220e-01 3.377093967463501434e-01 5.196340371188680196e-01 6.325658154490882978e-01 7.009845722363484688e-01 7.912964591894126043e-01 8.490701816413109837e-01 1.140847748738951450e+00 1.289817279812808470e+00 1.378116710660859168e+00 1.426239343467897713e+00 1.561611880302931965e+00 1.837382356740848044e+00 1.890551609364909513e+00 1.979277853536410614e+00 2.389786574976977107e+00 2.640012971518169493e+00 2.951623458801644784e+00 3.027315337691378172e+00 3.223221899125650936e+00 3.472203153286161914e+00 4.070452595291021325e+00 4.134061454278669778e+00 4.190808523038485944e+00
-7.204390464045064002e-01 -6.845986858171591027e-01 -6.244624940590028928e-01 -4.642808355779558527e-01 -3.856064780036104200e-01 -2.956201192934493349e-01 -2.201813279616374741e-01 2.770513962799354690e-01 5.004297141609257427e-01 6.528893281945858940e-01 7.416523120074857145e-01 7.784678915804151833e-01 8.344135450976294388e-01 1.084319949660133231e+00 1.219203562760572179e+00 1.409782001120146289e+00 1.442313058959897809e+00 1.575230748871556674e+00 1.827271725912679168e+00 1.865811601851760981e+00 1.920166993055940408e+00 2.380801948019639180e+00 2.701157249648825864e+00 3.013315329230699113e+00 3.112457356237720241e+00 3.217814883130747816e+00 3.448277625529400314e+00 4.062171119617723924e+00 4.085715958410937709e+00 4.154726075729779922e+00
-7.066570708662620603e-01 -6.521054547205118457e-01 -5.895259935491092840e-01 -4.160783733517278149e-01 -3.695239438289558698e-01 -3.094061392024103352e-01 -2.985247689828881557e-01 1.975558946752717371e-01 4.953892393131982264e-01 6.619769572550073811e-01 7.464752445874669462e-01 7.787965293602513439e-01 8.181971402308544361e-01 1.021349616098440549e+00 1.135840236745146337e+00 1.428065102410473131e+00 1.451644608661291969e+00 1.581055092355698077e+00 1.790609960688136937e+00 1.794736463942089078e+00 1.865163873712122333e+00 2.361116290564321041e+00 2.759698087322768334e+00 3.103429731314020223e+00 3.227711869393960598e+00 3.278460715566397621e+00 3.432419238346925194e+00 4.017576372968251874e+00 4.026991570376234009e+00 4.090152034076223408e+00
-7.273685480109673973e-01 -5.714434385565254626e-01 -5.340585763241278983e-01 -4.401346452237765439e-01 -3.798401033631950141e-01 -3.226000697183720733e-01 -2.041424693036970606e-01 1.325050439635035993e-01 5.021512542666697332e-01 6.455798996509191090e-01 7.020861785884219275e-01 7.854746033086764667e-01 8.144718114949676124e-01 9.583940267172653682e-01 1.039733091052254643e+00 1.437472684768477116e+00 1.455200846530662062e+00 1.582898741428243827e+00 1.722468539427012724e+00 1.741304618702627316e+00 1.829276082273809667e+00 2.333594385332011356e+00 2.800456126129396317e+00 3.203106813642925932e+00 3.347725691252313229e+00 3.380497474137021285e+00 3.442414271201274634e+00 3.945174906297232109e+00 3.960511330799065810e+00 4.001473047895425239e+00
-7.417843548886987604e-01 -4.937763056247270743e-01 -4.728946054763502049e-01 -4.576649036117780289e-01 -4.321356239024280455e-01 -2.370547748020509216e-01 -1.079493215899057224e-01 1.709367929917052775e-01 5.140408128179919656e-01 5.894654757299395698e-01 6.276065460273112517e-01 8.027065033622243773e-01 8.257674277265494300e-01 9.063334769423558868e-01 9.434662620615236195e-01 1.443765796233912990e+00 1.453906342317990319e+00 1.584134988597719174e+00 1.680414272186330882e+00 1.694029078300997471e+00 1.814037576431072107e+00 2.310839386141108953e+00 2.824090255376372482e+00 3.260360617130420025e+00 3.449905481027217835e+00 3.487301094430395487e+00 3.500692962280696818e+00 3.873091204359459194e+00 3.885340483624076136e+00 3.904557536401935813e+00
-7.469055793136739618e-01 -4.743510487764421857e-01 -4.718507070352859212e-01 -4.346510125359951404e-01 -4.300093017445829613e-01 -1.214598226449389307e-01 -1.073230962801755978e-01 2.024619856802106488e-01 5.429630280961192934e-01 5.489565996198254583e-01 5.578605793907932542e-01 8.303982541836248954e-01 8.349245560149534118e-01 8.835118081224383468e-01 8.847331697789988514e-01 1.448866605024624610e+00 1.450106197887279125e+00 1.585095359357198586e+00 1.670162402453645223e+00 1.672398336037046906e+00 1.810127262236938650e+00 2.302225185578774092e+00 2.831935841906448648e+00 3.272879855688887396e+00 3.495064264348606731e+00 3.543982725878468631e+00 3.546341802695614387e+00 3.835566229833637486e+00 3.841010149436197896e+00 3.855844059287437009e+00
