-1.048002174999442815e+00
-1.020138325073335572e+00
-9.922744751472283298e-01
-9.644106252211209762e-01
-9.365467752950136227e-01
-9.086829253689063801e-01
-8.808190754427991376e-01
-8.529552255166917840e-01
-8.250913755905844305e-01
-7.972275256644771879e-01
-7.693636757383698344e-01
-7.414998258122624808e-01
-7.136359758861552383e-01
-6.857721259600479957e-01
-6.579082760339406422e-01
-6.300444261078332886e-01
-6.021805761817260461e-01
-5.743167262556188035e-01
-5.464528763295113389e-01
-5.185890264034040964e-01
-4.907251764772967428e-01
-4.628613265511895003e-01
-4.349974766250821467e-01
-4.071336266989749042e-01
-3.792697767728676062e-01
-3.514059268467602526e-01
-3.235420769206530101e-01
-2.956782269945456565e-01
-2.678143770684383584e-01
-2.399505271423310049e-01
-2.120866772162237346e-01
-1.842228272901163810e-01
-1.563589773640091107e-01
-1.284951274379018682e-01
-1.006312775117945979e-01
-7.276742758568724434e-02
-4.490357765957987690e-02
-1.703972773347250946e-02
1.082412219263464460e-02
3.868797211874201031e-02
6.655182204484937081e-02
9.441567197095653008e-02
1.222795218970638975e-01
1.501433718231712511e-01
1.780072217492786324e-01
2.058710716753857639e-01
2.337349216014931452e-01
2.615987715276005265e-01
2.894626214537076581e-01
3.173264713798150116e-01
3.451903213059223652e-01
3.730541712320297743e-01
4.009180211581369058e-01
4.287818710842442593e-01
4.566457210103516129e-01
4.845095709364590220e-01
5.123734208625662090e-01
5.402372707886735625e-01
5.681011207147809161e-01
5.959649706408880476e-01
6.238288205669954012e-01
6.516926704931027547e-01
6.795565204192101083e-01
7.074203703453172398e-01
7.352842202714247044e-01
7.631480701975320580e-01
7.910119201236391895e-01
8.188757700497465430e-01
8.467396199758536746e-01
8.746034699019612502e-01
9.024673198280683817e-01
9.303311697541759573e-01
9.581950196802831998e-01
9.860588696063903313e-01
1.013922719532497796e+00
1.041786569458605038e+00
1.069650419384712281e+00
1.097514269310819746e+00
1.125378119236926988e+00
1.153241969163034009e+00
1.181105819089141695e+00
1.208969669015248716e+00
1.236833518941355958e+00
1.264697368867463423e+00
1.292561218793570665e+00
1.320425068719678352e+00
1.348288918645785373e+00
1.376152768571892615e+00
1.404016618498000080e+00
1.431880468424107322e+00
1.459744318350214343e+00
1.487608168276322029e+00
1.515472018202429272e+00
1.543335868128536292e+00
1.571199718054643979e+00
1.599063567980750999e+00
1.626927417906858242e+00
1.654791267832965707e+00
1.682655117759072949e+00
1.710518967685180414e+00
1.738382817611287656e+00
1.766246667537394899e+00
1.794110517463502363e+00
1.821974367389609606e+00
1.849838217315716626e+00
1.877702067241824313e+00
1.905565917167931556e+00
1.933429767094038576e+00
1.961293617020146263e+00
1.989157466946253283e+00
2.017021316872360970e+00
2.044885166798468212e+00
2.072749016724575011e+00
2.100612866650682697e+00
2.128476716576789940e+00
2.156340566502897182e+00
2.184204416429004869e+00
2.212068266355111668e+00
2.239932116281218910e+00
2.267795966207326597e+00
2.295659816133433839e+00
2.323523666059541082e+00
2.351387515985648324e+00
2.379251365911755567e+00
2.407115215837863254e+00
2.434979065763970496e+00
2.462842915690077294e+00
2.490706765616184981e+00
2.518570615542292224e+00
2.546434465468399466e+00
2.574298315394507153e+00
2.602162165320613951e+00
2.630026015246721194e+00
2.657889865172828880e+00
2.685753715098936123e+00
2.713617565025043366e+00
2.741481414951150164e+00
2.769345264877258295e+00
2.797209114803365537e+00
2.825072964729472780e+00
2.852936814655579578e+00
2.880800664581686821e+00
2.908664514507794951e+00
2.936528364433902194e+00
2.964392214360008992e+00
2.992256064286116235e+00
3.020119914212223478e+00
3.047983764138330720e+00
3.075847614064438851e+00
3.103711463990545649e+00
3.131575313916652892e+00
3.159439163842760134e+00
3.187303013768867377e+00
3.215166863694974619e+00
3.243030713621082306e+00
3.270894563547189549e+00
3.298758413473296791e+00
3.326622263399404034e+00
3.354486113325510832e+00
3.382349963251618963e+00
3.410213813177726205e+00
3.438077663103833448e+00
3.465941513029940690e+00
3.493805362956047489e+00
3.521669212882154731e+00
3.549533062808262862e+00
3.577396912734370105e+00
3.605260762660476903e+00
3.633124612586584146e+00
3.660988462512691388e+00
3.688852312438799519e+00
3.716716162364906761e+00
3.744580012291013560e+00
3.772443862217120802e+00
3.800307712143228045e+00
3.828171562069335288e+00
3.856035411995442974e+00
3.883899261921550217e+00
3.911763111847657459e+00
3.939626961773764702e+00
3.967490811699871944e+00
3.995354661625979631e+00
4.023218511552086873e+00
4.051082361478194116e+00
4.078946211404301359e+00
4.106810061330408601e+00
4.134673911256515844e+00
4.162537761182623974e+00
4.190401611108730329e+00
4.218265461034837571e+00
4.246129310960944814e+00
4.273993160887052056e+00
4.301857010813159299e+00
4.329720860739267430e+00
4.357584710665374672e+00
4.385448560591481915e+00
4.413312410517589157e+00
4.441176260443695512e+00
4.469040110369803642e+00
4.496903960295910885e+00
