-7.332836230158984447e-01 -7.331091213722097377e-01 -7.322916011681608328e-01 -3.197337348665371670e-01 -3.192240755679744413e-01 -3.176724473125581150e-01 -2.211781506656504692e-01 -2.205426881159408270e-01 -2.187229228737050946e-01 -5.192485202491601307e-05 -1.071974740141507191e-05 2.684399719000630936e-08 8.333445899802223167e-01 8.335346575925935975e-01 8.336738819414397650e-01 1.528413162062012498e+00 1.528519766780049194e+00 1.528753585929744530e+00 1.548607245989937820e+00 1.549542409324550896e+00 1.549757452604908492e+00 2.274279763296478851e+00 2.275270337122150099e+00 3.554520445919633342e+00 3.577600611794334640e+00 3.578525973415633388e+00 3.578801660309159693e+00 3.866148832714424444e+00 3.866986180415413088e+00 3.867807901439492380e+00
-7.328883982276919173e-01 -7.307675736398689947e-01 -7.301542899614096305e-01 -3.451475944337710766e-01 -3.218193238785744814e-01 -2.953696641154635594e-01 -2.296484383196598367e-01 -2.217500747877203526e-01 -2.155460533658792033e-01 9.465870869140693977e-02 1.021572540915003241e-01 1.407542742367661193e-01 8.334312062655441222e-01 8.336395680167114630e-01 8.344597893278689060e-01 1.507306025102360891e+00 1.525238742385755186e+00 1.525708044110986483e+00 1.550692009966237572e+00 1.566697941081047762e+00 1.576693241537872714e+00 2.275061758340124030e+00 2.276083571071743528e+00 3.492783517894042955e+00 3.576568150230559517e+00 3.577382699673185673e+00 3.621896835679376370e+00 3.867274019843681909e+00 3.868604363853658690e+00 3.879145118560920480e+00
-7.331814952621692472e-01 -7.232801691366937957e-01 -7.227068094246145158e-01 -3.956514566763264518e-01 -3.301587203471448295e-01 -2.420066662335512431e-01 -2.257909443768280344e-01 -2.212752354237619845e-01 -1.993536611898882871e-01 1.615439656339406893e-01 1.854848357416945814e-01 2.822711689430905668e-01 8.335540911907051154e-01 8.337435888291621078e-01 8.369775876323076735e-01 1.485869338551829566e+00 1.518602845301362914e+00 1.524252369814895536e+00 1.554426786985437792e+00 1.608637787343575098e+00 1.613534997537648952e+00 2.276019511297833642e+00 2.279268760393401205e+00 3.409206473290039341e+00 3.572521064971868388e+00 3.573543233216720960e+00 3.656421843148228490e+00 3.868490036310361369e+00 3.871123780150059979e+00 3.912610978248626026e+00
-7.337411863529952338e-01 -7.112433664600036343e-01 -7.096750800001089265e-01 -4.404714891139729360e-01 -3.418522234727802700e-01 -2.471571110508345992e-01 -2.189322901994621706e-01 -1.879614059071993137e-01 7.051533951368128827e-02 2.120723067302786313e-01 2.544019267583689792e-01 4.211160137994831576e-01 8.338227899902294071e-01 8.340391964158330174e-01 8.405568450225692212e-01 1.471731926856217898e+00 1.509173668192939521e+00 1.526883152504845853e+00 1.559976169909415677e+00 1.646791075835012164e+00 1.669887519926322561e+00 2.277294488885992063e+00 2.282639924830618838e+00 3.320665956111325645e+00 3.567091786557080813e+00 3.568176902420205465e+00 3.676743849001608222e+00 3.869385432887967102e+00 3.874037088034791854e+00 3.956691746204353599e+00
-7.345328823773975557e-01 -6.959281041420559699e-01 -6.898247574783464842e-01 -4.678263415839773454e-01 -3.539950742200634326e-01 -2.460118707545210504e-01 -2.159370943559847655e-01 -1.621134409485284478e-01 2.568825300966049996e-01 2.577358792578705038e-01 3.125582902968624399e-01 5.505788616464607488e-01 8.341435303915935018e-01 8.350943794374504625e-01 8.445846237603291673e-01 1.464038845461507865e+00 1.498962167482705610e+00 1.531786492850038206e+00 1.567834294864259181e+00 1.671044931907154973e+00 1.746450105747895165e+00 2.278925972953834034e+00 2.282453507196638309e+00 3.234822968183609593e+00 3.561645821523738764e+00 3.562435210000332031e+00 3.688566580775197057e+00 3.869347588933704341e+00 3.875562232842828969e+00 4.001108074045321317e+00
-7.355437446066447338e-01 -6.781423081258675101e-01 -6.634975807318216345e-01 -4.753516990419474064e-01 -3.648503800875965708e-01 -2.407382067467277453e-01 -2.132376643098689850e-01 -1.310973497806719179e-01 3.039365148677573569e-01 3.608364501324392570e-01 3.627673554163732272e-01 6.645802100512453459e-01 8.344261955286553789e-01 8.377413047912946054e-01 8.486686356290852329e-01 1.461242074434952798e+00 1.489225895245714915e+00 1.538036905885795891e+00 1.578586656697434476e+00 1.683139456926418642e+00 1.834007926963088675e+00 2.273389615086766735e+00 2.280909305975733048e+00 3.160050176488757856e+00 3.556834925936119163e+00 3.557840990131396097e+00 3.695203841513507115e+00 3.867845718556536916e+00 3.874457952316895160e+00 4.038803782912713025e+00
-7.367532251062982596e-01 -6.586217989369094195e-01 -6.337490489980268649e-01 -4.650963917911694612e-01 -3.739899120094615226e-01 -2.328868084323430510e-01 -2.116115698636396314e-01 -9.330245144562451798e-02 3.522591195738067893e-01 3.995655606460851716e-01 4.457254431479298895e-01 7.579855276534497310e-01 8.346682780181116090e-01 8.427115898951065276e-01 8.527119178045378112e-01 1.461593131847446214e+00 1.480773709478947486e+00 1.545003651590954208e+00 1.592329984393139997e+00 1.682859082965896480e+00 1.928995627470015517e+00 2.250185307531055390e+00 2.283012399745196319e+00 3.104871033438568961e+00 3.553101020527627441e+00 3.555269629059548020e+00 3.697820680966366513e+00 3.864687753845815976e+00 3.870301564284299722e+00 4.065246823150372002e+00
-7.381271598011508450e-01 -6.377750905367245426e-01 -6.060379604667818221e-01 -4.424301261154640064e-01 -3.816960581084619109e-01 -2.235545923650049671e-01 -2.112676723117135613e-01 -3.520231530153220684e-02 4.008877913118973346e-01 4.298245603663968240e-01 5.145964162510922035e-01 8.262132742707717359e-01 8.348438312195770594e-01 8.501427102596874619e-01 8.567949231142314437e-01 1.463208695479666810e+00 1.473888064227667494e+00 1.552246016648854976e+00 1.608285449214234442e+00 1.673248021251970474e+00 2.027571030191598567e+00 2.211925572257889883e+00 2.285196486223437073e+00 3.075128808473010622e+00 3.551061183792945997e+00 3.554309270280150646e+00 3.696452737003193878e+00 3.860036021380380600e+00 3.863594007873322855e+00 4.077461666723281475e+00
-7.396155151021210905e-01 -6.156704396386535327e-01 -5.847883447678010604e-01 -4.172296838636451177e-01 -3.885100472736211508e-01 -2.134469021536999633e-01 -2.105369178329095092e-01 7.172688749121512719e-02 4.447630051167748566e-01 4.539114794382436147e-01 5.723400536306774145e-01 8.349321317483590077e-01 8.588660835358428169e-01 8.609978337344624810e-01 8.658133598674006004e-01 1.464217946662500047e+00 1.468456990893660663e+00 1.559447514703394821e+00 1.624743225277373471e+00 1.660292553603856414e+00 2.101235184438765558e+00 2.189263068985809024e+00 2.287347066897949421e+00 3.071017446783376403e+00 3.550607266057040245e+00 3.554164611764496051e+00 3.690620581447683346e+00 3.854213076249672909e+00 3.855743961370100781e+00 4.073724298994571669e+00
-7.411527532446769984e-01 -5.922240615365638172e-01 -5.717052441641036209e-01 -4.014782817788460356e-01 -3.949451137352737451e-01 -2.051659212578039460e-01 -2.023177232573908912e-01 1.028376802954356767e-01 4.746561203951409347e-01 4.773359407525568088e-01 6.192995294483010227e-01 8.349325935714806413e-01 8.653201041444819053e-01 8.663569345342193584e-01 8.759839209524808989e-01 1.463354763481209853e+00 1.464196514822140083e+00 1.566327742546394175e+00 1.639471994182318371e+00 1.651131576823814395e+00 2.064709622284814028e+00 2.274744557568280534e+00 2.289371801042988874e+00 3.087487254819999638e+00 3.551169289847384558e+00 3.553722816922251226e+00 3.679621568641700868e+00 3.847454547408132974e+00 3.848831115649924861e+00 4.053712135756246226e+00
-7.426608007451791504e-01 -5.677227909534349193e-01 -5.670439248128252840e-01 -4.014952965973458410e-01 -4.012701455838260101e-01 -1.907165840873169538e-01 -1.896425606720447410e-01 1.232702931475442576e-01 4.942384676831098056e-01 4.945423089945769624e-01 6.526401184170375069e-01 8.348551131873496178e-01 8.613837685211165329e-01 8.696688214390990712e-01 8.698518516807971501e-01 1.460733422490982036e+00 1.460927622287949701e+00 1.572582742104371434e+00 1.650416217373923855e+00 1.650694968929402151e+00 2.002822121885468043e+00 2.291184596369390203e+00 2.391030039691508957e+00 3.117440744419349929e+00 3.551594998549278515e+00 3.552357477582764211e+00 3.662635531662883803e+00 3.841783120607858759e+00 3.843028130937288900e+00 4.018910038848563460e+00
-7.440543736943305841e-01 -5.714126931923222408e-01 -5.421699657109202430e-01 -4.123427897592386593e-01 -4.078654891172814878e-01 -1.752204930254295800e-01 -1.676092702878677065e-01 1.379455665855044699e-01 4.967707454066367934e-01 5.141498862649646062e-01 6.630714835342891300e-01 8.347222013076832647e-01 8.367447365236381218e-01 8.677590016696811182e-01 8.741312645432681716e-01 1.457967352580034293e+00 1.458263704487924306e+00 1.577921283358186377e+00 1.656605059401851765e+00 1.659098209173570204e+00 1.945923680271391509e+00 2.292734854122345567e+00 2.511277922804068918e+00 3.154292670425571377e+00 3.548225411169139143e+00 3.552689335266854265e+00 3.638761975309515062e+00 3.837008665295404519e+00 3.839863782960010408e+00 3.973172434545449327e+00
-7.452480545609858620e-01 -5.825831967775521036e-01 -5.175366424097094242e-01 -4.247649377888932376e-01 -4.146448850745970693e-01 -1.578169399375123072e-01 -1.414757952473683078e-01 1.481907118776249477e-01 4.898181309923619331e-01 5.332632985673602111e-01 6.378917231562450940e-01 8.243939885056633665e-01 8.345707338644807738e-01 8.609381527054793537e-01 8.783441707723758096e-01 1.455664449425735363e+00 1.456555442584850590e+00 1.582146520358829633e+00 1.658196987588737459e+00 1.672928619730373434e+00 1.900069696254858442e+00 2.293975656176154398e+00 2.627137624206671962e+00 3.192770803122970236e+00 3.543343214376624140e+00 3.552660143746725563e+00 3.607355074333467027e+00 3.832660254477699091e+00 3.839899937920263628e+00 3.923212527084005696e+00
-7.461642220990115648e-01 -5.963280699347730529e-01 -4.955884192138967914e-01 -4.331350697130367244e-01 -4.217256116323637727e-01 -1.393252766965939193e-01 -1.166207794464309555e-01 1.543893432374802421e-01 4.799843713494844621e-01 5.498277761144696463e-01 5.876643083788574140e-01 8.275780754899608738e-01 8.344294389422766134e-01 8.517590621178230403e-01 8.820434913504999752e-01 1.453806687754179316e+00 1.455872922905320888e+00 1.585177365914940406e+00 1.656768767240374585e+00 1.687314430491940964e+00 1.867128601057322257e+00 2.294878471292434607e+00 2.728268632364005963e+00 3.228575507398682376e+00 3.538362500697585844e+00 3.552190015220024755e+00 3.569798530714539897e+00 3.829391507150054164e+00 3.841544708175476774e+00 3.878187744188795971e+00
-7.467407745891795345e-01 -6.070862661615973321e-01 -4.789423743554767632e-01 -4.370594738329249829e-01 -4.285164163738839349e-01 -1.239328381071105600e-01 -9.789423351492200498e-02 1.571013701839534815e-01 4.722648637107249026e-01 5.416397010547419066e-01 5.612891504890418215e-01 8.340969914430454990e-01 8.343321074321066178e-01 8.438484274528418316e-01 8.846769384991521878e-01 1.452543291573981099e+00 1.455752987237033391e+00 1.586998100863227457e+00 1.654566208154314655e+00 1.697891727554128538e+00 1.847419532160694322e+00 2.295426046714647228e+00 2.800161487867513621e+00 3.256701879053109927e+00 3.534005250908763607e+00 3.534784004906952326e+00 3.551652469854106098e+00 3.827381012466723131e+00 3.843277634872303228e+00 3.847265760831988235e+00
-7.469375838369884946e-01 -6.110729831567450754e-01 -4.720749681151525934e-01 -4.380958691136286887e-01 -4.319373287623742841e-01 -1.177091648234674243e-01 -9.069258967647707281e-02 1.576845789682020660e-01 4.694121542220189292e-01 5.232927703100733741e-01 5.653872595868643103e-01 8.342936865579223538e-01 8.368908415896489927e-01 8.407140289851798842e-01 8.856452076815183316e-01 1.452087230102016457e+00 1.455767061979018839e+00 1.587605822095667252e+00 1.653569035975457568e+00 1.701753985375153322e+00 1.840866666427039888e+00 2.295609475083311590e+00 2.826716660559780436e+00 3.268319427690878243e+00 3.518109923614620715e+00 3.533331020706970804e+00 3.551419313405991041e+00 3.826702092898955687e+00 3.836305632781698449e+00 3.844036047176079940e+00
-7.441400565779695553e-01 -6.035629420210490981e-01 -4.798927764037532184e-01 -4.338450471713689582e-01 -4.208320089981126833e-01 -1.228214534224400800e-01 -9.656293795546389003e-02 1.577159973768206547e-01 4.764176376405017677e-01 5.238791886957507860e-01 5.671908713676443448e-01 8.055807442988185407e-01 8.349604786210247376e-01 8.548152501518935242e-01 9.000983004200554527e-01 1.452490416563701814e+00 1.456012306317004956e+00 1.582143829016788406e+00 1.663649160023678242e+00 1.707834917797104168e+00 1.839444296714895843e+00 2.296952614973144069e+00 2.817655167802552985e+00 3.240345830955840167e+00 3.518213302143348820e+00 3.539981069376219480e+00 3.565273840173489805e+00 3.830169087427317098e+00 3.836334705500685782e+00 3.847903458700631774e+00
-7.358724385900843323e-01 -5.853277401579802808e-01 -4.978449727497993305e-01 -4.259970354430079320e-01 -3.841938506861353742e-01 -1.389182869500422135e-01 -1.086973029836917487e-01 1.597739479480256297e-01 4.932632129452783620e-01 5.243195009813089724e-01 5.757593295258649491e-01 7.645977300708024504e-01 8.369249993818027589e-01 8.605470277694760028e-01 9.263964884219492157e-01 1.453317139524764157e+00 1.457135217540333372e+00 1.569197726322899555e+00 1.687147690914360787e+00 1.729392671082857103e+00 1.835270666599684519e+00 2.299916249237938803e+00 2.791708637681672656e+00 3.176684559833468757e+00 3.518680151463572603e+00 3.541508309566075763e+00 3.605810219645385395e+00 3.833662540087671378e+00 3.836542486795230467e+00 3.865055270822396860e+00
-7.224584130938950244e-01 -5.674471023755267574e-01 -5.175845265445194743e-01 -4.140908393852681391e-01 -3.203303956478193992e-01 -1.648695986172859784e-01 -1.189946053461067577e-01 1.656544052617797691e-01 5.069479639176924790e-01 5.240146442785770242e-01 5.981843864954525802e-01 7.210314255240291015e-01 8.400941265821746384e-01 8.640181857396210807e-01 9.501769158916119062e-01 1.453795190147920247e+00 1.459950344276648826e+00 1.553106008452532549e+00 1.709606840430617503e+00 1.775738894867506135e+00 1.828985816170815681e+00 2.300935056763703468e+00 2.752915761851947973e+00 3.103118309279706999e+00 3.519442275866822012e+00 3.540810567894688177e+00 3.647780885787593963e+00 3.834160835286982039e+00 3.836938418750079016e+00 3.894508153819234764e+00
-7.043457599442842776e-01 -5.653293109722873355e-01 -5.272202130104520768e-01 -3.965615743915524294e-01 -2.299179255523500220e-01 -1.888730442914773044e-01 -1.253780268026965516e-01 1.731502818755837891e-01 5.091632652925729419e-01 5.229510213683047359e-01 6.326255170622688828e-01 6.796963880308565242e-01 8.442512121894071297e-01 8.657343737113254445e-01 9.675372654717734333e-01 1.453942351248510567e+00 1.464524302669073075e+00 1.536301387310721189e+00 1.728155374689428481e+00 1.815330839482760972e+00 1.850969119246757666e+00 2.293080461013283777e+00 2.709017331408905438e+00 3.033520177730878231e+00 3.520353878860170038e+00 3.539702311875169816e+00 3.681520781206975901e+00 3.833864427180305956e+00 3.837224296560890036e+00 3.927878554454867999e+00
-6.821366007753538740e-01 -5.812981072530016835e-01 -5.255042233166237198e-01 -3.729095122588315103e-01 -2.362078954799122776e-01 -1.321208320592527075e-01 6.555202330143258815e-02 1.791034880905435500e-01 5.069710594365566259e-01 5.185921786810679945e-01 6.326021836859024861e-01 6.782082784174296997e-01 8.489771822107251564e-01 8.655665021549669991e-01 9.777660891898706241e-01 1.454044761114412054e+00 1.470599907359659175e+00 1.520348910677532084e+00 1.745347564403190610e+00 1.805454282877882788e+00 1.935638008083185646e+00 2.266624065199260851e+00 2.671185802932662945e+00 2.976246250575298458e+00 3.521228968643849822e+00 3.538644352376309143e+00 3.705390970502427272e+00 3.833498846585220221e+00 3.837345916273022350e+00 3.957462263761973187e+00
-6.569353120727410289e-01 -6.035785628982635043e-01 -5.234101735168474878e-01 -3.442999329065740688e-01 -2.707840959373814527e-01 -1.338191242242906531e-01 1.820145332722721554e-01 2.078341439515401234e-01 5.052226447569293510e-01 5.135815703443660230e-01 6.038693037243352268e-01 7.039495587829376344e-01 8.535411422800334158e-01 8.638761145776853168e-01 9.822704430003579290e-01 1.454167044387212782e+00 1.477729353345899721e+00 1.506748584130065405e+00 1.761657791874698731e+00 1.792492199605962844e+00 2.026644982601931488e+00 2.216004983516822069e+00 2.648466307197431924e+00 2.937939000354200303e+00 3.521888949930586321e+00 3.537874096124702383e+00 3.719559982983070778e+00 3.833271769414391628e+00 3.837342317365930011e+00 3.977478832422020272e+00
-6.353792083602219920e-01 -6.240381020428623637e-01 -5.227430594264350638e-01 -3.201007660686312484e-01 -2.972619514513683558e-01 -1.344995560317669425e-01 1.829699922782557775e-01 2.419241027259900756e-01 5.044690779046243634e-01 5.119152612649464640e-01 5.914771868178988479e-01 7.138063347327783248e-01 8.561246337865815459e-01 8.622626815893448260e-01 9.833812054974738759e-01 1.454223492434266074e+00 1.482546477607639801e+00 1.499672795352406052e+00 1.774179102086317128e+00 1.781030785361521707e+00 2.088135929911255406e+00 2.168323920765740098e+00 2.641559067832663477e+00 2.924333872447964833e+00 3.522207416949248326e+00 3.537519799439305057e+00 3.724258445501686499e+00 3.833245446231705156e+00 3.837270554625324515e+00 3.984529355241268167e+00
-6.489715412081590307e-01 -6.089040217908572306e-01 -5.214214585060785723e-01 -3.289388432718073352e-01 -2.806206054146461737e-01 -1.366789807586916428e-01 1.777343275115739474e-01 2.235858327367223897e-01 5.107125238991405691e-01 5.165238604523617605e-01 6.020488437694693218e-01 7.053501287380187224e-01 8.555957334528002667e-01 8.637982932209751219e-01 9.791540534005575003e-01 1.454736233596687356e+00 1.481530292497140300e+00 1.504091070754932424e+00 1.768819729963966747e+00 1.785189218198014682e+00 2.053752499084375849e+00 2.196531549324244104e+00 2.639682868810487193e+00 2.928434170741653020e+00 3.518096127314042310e+00 3.533472312451389374e+00 3.728029718562257067e+00 3.830235798516334000e+00 3.837977703347835057e+00 3.987755752857441660e+00
-6.648965338180157225e-01 -5.905366074671385412e-01 -5.214012410327630853e-01 -3.393035085565362374e-01 -2.558766432593788664e-01 -1.421685629373744264e-01 1.660851734276758140e-01 1.794343988843939419e-01 5.176584186772985596e-01 5.266261834492174110e-01 6.254632715934993481e-01 6.892060233164799543e-01 8.533934443772110967e-01 8.654074268768766620e-01 9.760268281382006306e-01 1.455728823060225885e+00 1.477221464850452026e+00 1.515818937490274410e+00 1.767101423327885446e+00 1.789745661189602766e+00 1.995998159606198863e+00 2.236486474728039742e+00 2.634552366773345700e+00 2.938632216882933523e+00 3.508054636952689265e+00 3.526430791150310995e+00 3.737531005941291617e+00 3.817608973143561180e+00 3.839334890310235782e+00 4.000002780768839195e+00
-6.777978887256039808e-01 -5.747227603472010449e-01 -5.221035731363237176e-01 -3.434868763904369571e-01 -2.325627923888144433e-01 -1.498487246458765909e-01 9.461259420697139266e-02 1.596529926190617399e-01 5.276897752808606956e-01 5.398795220015383256e-01 6.423020373984211773e-01 6.747614604954524919e-01 8.510914407274660087e-01 8.659150297322656398e-01 9.748254225182225730e-01 1.457387629481095903e+00 1.472233217210254352e+00 1.530081068099759189e+00 1.771018368889666794e+00 1.792836383199091888e+00 1.939592219425554376e+00 2.267317807005007069e+00 2.628826067133626765e+00 2.951706722877134759e+00 3.492404264013467152e+00 3.521994443340322078e+00 3.748955586523377015e+00 3.802583095541445246e+00 3.840611433728406521e+00 4.013926734035993427e+00
-6.861925245226655479e-01 -5.638491410190953346e-01 -5.229063986269916198e-01 -3.429742261126434433e-01 -2.140493428021813527e-01 -1.583073472167388640e-01 -9.269098592791980007e-02 1.503619658087576583e-01 5.353845087492911103e-01 5.579617269135239699e-01 6.278776637102471136e-01 6.823806651909407606e-01 8.493772285291819601e-01 8.656470997270956369e-01 9.748824281670308567e-01 1.459812500554588555e+00 1.467542932776844777e+00 1.542068945043362005e+00 1.779627323090885893e+00 1.794523010732930635e+00 1.894750417834485390e+00 2.285901301679568842e+00 2.624746800943672298e+00 2.962678243194193595e+00 3.478728420652535736e+00 3.519802437044440513e+00 3.758621180553241015e+00 3.790334680403216527e+00 3.841482244128278101e+00 4.024150821240835008e+00
-6.891082354767691376e-01 -5.599359842440490009e-01 -5.232586138283874533e-01 -3.419135868157875957e-01 -2.060065971738031798e-01 -1.630090878329613913e-01 -1.242127418275860845e-01 1.467265489882431106e-01 5.379987048935359617e-01 5.707589650501317946e-01 6.136363841178951173e-01 6.881708015705786385e-01 8.487377997431335697e-01 8.654143183147042784e-01 9.750734655842298038e-01 1.462294166307731791e+00 1.464266621591737483e+00 1.546845108632432630e+00 1.785693654197920699e+00 1.794944143110019930e+00 1.875720748592162312e+00 2.292030314208144404e+00 2.623324024870059556e+00 2.966965123287580219e+00 3.473400348373107516e+00 3.519118571421062214e+00 3.763001979931607011e+00 3.785025021828676728e+00 3.841788118516660688e+00 4.027848309273672989e+00
-6.710228432239646601e-01 -5.612507049605558462e-01 -5.348823187226563469e-01 -3.133655962876060741e-01 -2.216740796666854807e-01 -1.893174835607278617e-01 1.323566095094790562e-01 1.561750177752289082e-01 5.408597797859822087e-01 5.804281107764741598e-01 5.960212220343186207e-01 7.244560761428865403e-01 8.534734153560825654e-01 8.612095747608266016e-01 9.759737065316960170e-01 1.466705673421457856e+00 1.468451851090539551e+00 1.541581862010013459e+00 1.774834300139849663e+00 1.835304533320275100e+00 1.938025541896533532e+00 2.273971633345582610e+00 2.550273500307529417e+00 2.911418775358853850e+00 3.457845398683790705e+00 3.517687263930643127e+00 3.769513670137413452e+00 3.795160850028701738e+00 3.845636377394722860e+00 4.080005932490227138e+00
-6.543721719076953658e-01 -5.660216163068182427e-01 -5.536640485988587601e-01 -2.897440215895756843e-01 -2.329139185961449365e-01 -2.219653389317308434e-01 1.158022368352091269e-01 2.324282368445297897e-01 5.356239286744292061e-01 5.702253713134390889e-01 5.803900003411179842e-01 7.759976449426272405e-01 8.539080568449899378e-01 8.568767733794976360e-01 9.739320109699237671e-01 1.470990847389760825e+00 1.471467950322392415e+00 1.537454257475780572e+00 1.758075464708330315e+00 1.894746677681597324e+00 1.999481043597294727e+00 2.246470545328468127e+00 2.471903637755614280e+00 2.863711610252637207e+00 3.446114335647937121e+00 3.518431707461546765e+00 3.753539733589671634e+00 3.820090935404816257e+00 3.848557833227941316e+00 4.128816379474241849e+00
-6.403483272917120939e-01 -5.775355934858795726e-01 -5.742724201806279627e-01 -2.714206659342062733e-01 -2.556627185816908732e-01 -2.404841505807531199e-01 8.972310377971322304e-02 2.639824026704148396e-01 5.144696104381860646e-01 5.553420118460135058e-01 5.726884256024830089e-01 8.273491802715269294e-01 8.452232780425632530e-01 8.587966443285156570e-01 9.691695728252300857e-01 1.470878735073854804e+00 1.475909253200266891e+00 1.534018610246468128e+00 1.747612354977237104e+00 1.959997108887333583e+00 2.054699937398773990e+00 2.209166321604052907e+00 2.391739872614505380e+00 2.826651746731051240e+00 3.438562551013256918e+00 3.522366985516054427e+00 3.739043642073973661e+00 3.837392283283103556e+00 3.850077177840316889e+00 4.171771780387082629e+00
-6.297915483916335377e-01 -5.950945579663822205e-01 -5.933480634930514697e-01 -2.861501441018899916e-01 -2.572095140200126306e-01 -2.438409790502243657e-01 2.396234142839363465e-02 2.659337792679419277e-01 4.902688918858689182e-01 5.485520091169482360e-01 5.596991693011181823e-01 8.365049461401058428e-01 8.597082469630581425e-01 8.706135279632877255e-01 9.612569978142476712e-01 1.468906976196515224e+00 1.479574463430279208e+00 1.530885182483809004e+00 1.741655883573899777e+00 2.026478156842812961e+00 2.094006518566989161e+00 2.162023084424181452e+00 2.317694567362688751e+00 2.803847089225542266e+00 3.435085931457954711e+00 3.529297090336267040e+00 3.728531263529659689e+00 3.845218383499917181e+00 3.851950397281672878e+00 4.206711305654146749e+00
-6.248977028675966050e-01 -6.150910309393705644e-01 -6.082530103639091079e-01 -3.090616779810884118e-01 -2.473193463485139909e-01 -2.393031747374789464e-01 -9.682302956251677417e-02 2.478788344530411247e-01 4.749577944699719945e-01 5.421490877515855455e-01 5.426838076545144052e-01 8.286900611467807876e-01 8.599752568313802081e-01 8.997921753263430356e-01 9.504270367846009426e-01 1.467467046318712942e+00 1.482409955946341507e+00 1.528031914295380655e+00 1.735041949133248274e+00 2.087595697703425124e+00 2.096627801123123191e+00 2.107873165389029690e+00 2.269999896108569892e+00 2.798720852994340369e+00 3.435129704122063199e+00 3.537811548312920440e+00 3.724687443729349123e+00 3.845310301081172000e+00 3.853432597148203964e+00 4.231634660288044358e+00
-6.335336496659950134e-01 -6.323423816876767578e-01 -6.135868574493673622e-01 -3.233022634383372895e-01 -2.421465014812521077e-01 -2.235391136354829000e-01 -1.437873708426365138e-01 2.175577838728605662e-01 4.681222877292706142e-01 5.212651271315622559e-01 5.327612253106971396e-01 8.224749516412211969e-01 8.594297837294631037e-01 9.061184412561308354e-01 9.401919846565924832e-01 1.469259085194203340e+00 1.484795554762795566e+00 1.525434196189493052e+00 1.723592406824343559e+00 2.040195915392087223e+00 2.049977817750784137e+00 2.148024134063979407e+00 2.262776150354327775e+00 2.813252269747867906e+00 3.437906444676710471e+00 3.545758499050913670e+00 3.729488497422934756e+00 3.843689905640570004e+00 3.850495360944183432e+00 4.244684844408923574e+00
-6.487246938271016283e-01 -6.463634397384849795e-01 -6.169387739167215834e-01 -3.327215039649009110e-01 -2.355098100560123753e-01 -2.042077647345656999e-01 -1.757486432750975658e-01 1.763980586813627960e-01 4.645020828384398559e-01 4.937763672257455827e-01 5.178949766558229584e-01 8.182334658931460503e-01 8.577502328618168415e-01 8.843103757224469730e-01 9.309543998732698888e-01 1.475778083463429979e+00 1.487404374214003733e+00 1.522728519962258664e+00 1.707231239057153349e+00 1.971955062887738697e+00 1.981654155671851880e+00 2.195417274860459234e+00 2.271812903731067923e+00 2.847268299638145983e+00 3.442989523464375257e+00 3.551166049554107307e+00 3.743106343262961211e+00 3.835620276473508117e+00 3.850188221357416118e+00 4.244309325608258021e+00
-6.615081845183299336e-01 -6.614757768917060021e-01 -6.247675183304058910e-01 -3.437064334821530731e-01 -2.283740398207367017e-01 -1.946461927144385318e-01 -1.894404135145764112e-01 1.166868926436078896e-01 4.557624670235839726e-01 4.583552036178029643e-01 4.963388833500269604e-01 8.158901666986455581e-01 8.392140993569552343e-01 8.550725380971504475e-01 9.157644897322702038e-01 1.485749750598912566e+00 1.490899207956129402e+00 1.519227224277774457e+00 1.689289709571156095e+00 1.903449610568528128e+00 1.912512087806655048e+00 2.232149365158107912e+00 2.280560878496638910e+00 2.898889485750610451e+00 3.450739378636608734e+00 3.553300762383513334e+00 3.763481518183359853e+00 3.819861871025644007e+00 3.855313929098322046e+00 4.229553349198086565e+00
-6.768062212950269885e-01 -6.733110303184762779e-01 -6.376540173185450966e-01 -3.608848837725215364e-01 -2.261018586788776930e-01 -2.032698128303779828e-01 -1.883440645843695305e-01 -6.654272192597113222e-02 4.149566775684633280e-01 4.333029871337285566e-01 4.663553771445129725e-01 7.715457407470002194e-01 8.151457647583230104e-01 8.519693841482245400e-01 8.975405479263168784e-01 1.494623861166260337e+00 1.495503734532323659e+00 1.515132107769456615e+00 1.671728187390215892e+00 1.838453258226865561e+00 1.851056262627400750e+00 2.257936908360925976e+00 2.285557662769076792e+00 2.965518426776923011e+00 3.462001738963963238e+00 3.553108590364267183e+00 3.787085490336320692e+00 3.799493983690998000e+00 3.862949283988077909e+00 4.200388298892272942e+00
-6.914085707539351366e-01 -6.852506662436346208e-01 -6.547636151054629927e-01 -3.837022604784596225e-01 -2.416368699961790878e-01 -2.064277898469725758e-01 -1.953207516769080998e-01 -1.475633863953622338e-01 3.672978933609826191e-01 3.940521408171795970e-01 4.214611601499875793e-01 6.866264138239094317e-01 8.158442032808904676e-01 8.488483213548204676e-01 8.801865213011650368e-01 1.495108678394507340e+00 1.500651171456374389e+00 1.515076868788342024e+00 1.651138873564192755e+00 1.779043729278105834e+00 1.802270415702330597e+00 2.273743407813371586e+00 2.286905337640932068e+00 3.044323255413145635e+00 3.477372613322681438e+00 3.552602771841140150e+00 3.776014501151569114e+00 3.810264785407417421e+00 3.870673529628643639e+00 4.157964063570525504e+00
-7.044259619349875212e-01 -6.975333995879762217e-01 -6.743163730044388071e-01 -4.061172707057199571e-01 -2.762485031740783414e-01 -2.097835762172155505e-01 -1.999038786065550355e-01 -1.918132382525616075e-01 3.207402968874346616e-01 3.296346420812199529e-01 3.637855813629363166e-01 5.926129409598511755e-01 8.179629437281360493e-01 8.456986262270024257e-01 8.654221840475903038e-01 1.488206034559612645e+00 1.505151378877005452e+00 1.519398068538164948e+00 1.624634884606518392e+00 1.725575652445309416e+00 1.764812864738766640e+00 2.281361263166268305e+00 2.285577967143765932e+00 3.132115495102557823e+00 3.496616545762470274e+00 3.553738186401858457e+00 3.750552003534828316e+00 3.830265064188747015e+00 3.876243151457625213e+00 4.104712519601624976e+00
-7.151816951374770914e-01 -7.094548040967724178e-01 -6.938030201111533568e-01 -4.189140915413793742e-01 -3.098232139198803803e-01 -2.278729845909368557e-01 -2.087121563822969816e-01 -2.049789326705512837e-01 2.213144304723941025e-01 2.760912602002574823e-01 3.075888558685110907e-01 4.931416437255097818e-01 8.213237826410610953e-01 8.424239615067993237e-01 8.537198975119907329e-01 1.481828602425296904e+00 1.508095455265851426e+00 1.523549341866850204e+00 1.597019065126094040e+00 1.677484841463060983e+00 1.728960524794489251e+00 2.282811783807521255e+00 2.283043452515092664e+00 3.225182562143504406e+00 3.518426081862045418e+00 3.557540250251328917e+00 3.723814224664913741e+00 3.845623290426131380e+00 3.878297992952701723e+00 4.044337213207253257e+00
-7.233436587999890754e-01 -7.195703512207941577e-01 -7.106765171583234730e-01 -4.135369116483654239e-01 -3.294708822379276980e-01 -2.491986139431819347e-01 -2.165808702297629118e-01 -2.109401676788678626e-01 -7.343120188213683730e-02 2.283346734695053948e-01 2.495849735412903614e-01 3.871768345043067883e-01 8.254139260155844982e-01 8.391595450593870575e-01 8.448901781727200522e-01 1.480412846051623710e+00 1.509987526326745488e+00 1.526515852974203113e+00 1.574550989474722273e+00 1.634299674613981068e+00 1.686335069143648280e+00 2.279781757883401205e+00 2.281178487045153691e+00 3.319402936624229028e+00 3.540467398971971491e+00 3.563740330746473894e+00 3.695598672003857832e+00 3.856083635977388901e+00 3.876802141335019325e+00 3.981929420253207397e+00
-7.289095749600194019e-01 -7.267788668219271608e-01 -7.232124228598678650e-01 -3.864589800202484215e-01 -3.324343256914332745e-01 -2.730006888809132226e-01 -2.275787967734202999e-01 -2.160758641897887466e-01 -1.967378095671561966e-01 1.701970366847642135e-01 1.853190854483944550e-01 2.733923055445273143e-01 8.293998278332773699e-01 8.362967293856713447e-01 8.386277940636737149e-01 1.487292395697632053e+00 1.513099471896079740e+00 1.528147716424112179e+00 1.559671005315793391e+00 1.596369178609273076e+00 1.636420782696877740e+00 2.277310806248114883e+00 2.277998626280394845e+00 3.410471287685377551e+00 3.559686300889605359e+00 3.570841551816978487e+00 3.663766674151157865e+00 3.862277144598436074e+00 3.873074303740571711e+00 3.924645823611766726e+00
-7.320861015075501577e-01 -7.310248648331669763e-01 -7.306836018690806567e-01 -3.448979068770063883e-01 -3.239612727292128236e-01 -3.058026301134468827e-01 -2.283128600997692270e-01 -2.186436866310139671e-01 -2.174421304895521323e-01 9.451056690983945796e-02 1.055909650800250094e-01 1.480056865117119758e-01 8.323142902976180535e-01 8.343232061806724609e-01 8.348302178008939478e-01 1.505317908064696564e+00 1.520279916378520113e+00 1.528620821387786988e+00 1.551900127662633411e+00 1.565364688295023621e+00 1.585455405813836149e+00 2.275310008763556713e+00 2.275779492264241810e+00 3.493731816911743504e+00 3.572894447033509113e+00 3.576575890002231972e+00 3.623400863256998505e+00 3.865291795009273113e+00 3.869348913226561937e+00 3.882650436631584157e+00
-7.332836230158984447e-01 -7.331091213722097377e-01 -7.322916011681608328e-01 -3.197337348665371670e-01 -3.192240755679744413e-01 -3.176724473125581150e-01 -2.211781506656504692e-01 -2.205426881159408270e-01 -2.187229228737050946e-01 -5.192485202491601307e-05 -1.071974740141507191e-05 2.684399719000630936e-08 8.333445899802223167e-01 8.335346575925935975e-01 8.336738819414397650e-01 1.528413162062012498e+00 1.528519766780049194e+00 1.528753585929744530e+00 1.548607245989937820e+00 1.549542409324550896e+00 1.549757452604908492e+00 2.274279763296478851e+00 2.275270337122150099e+00 3.554520445919633342e+00 3.577600611794334640e+00 3.578525973415633388e+00 3.578801660309159693e+00 3.866148832714424444e+00 3.866986180415413088e+00 3.867807901439492380e+00
-7.319181754326472555e-01 -7.313260371974414920e-01 -7.304014717592529626e-01 -3.442207199299919251e-01 -3.426395400783776579e-01 -2.991038606892197915e-01 -2.275937713150109898e-01 -2.186251260776449212e-01 -2.163751588801474945e-01 1.012627731381740004e-01 1.018379383213825762e-01 1.604931324340183041e-01 8.314333266186925142e-01 8.349610167994993004e-01 8.350275221766507716e-01 1.508746696155950140e+00 1.509081829085857196e+00 1.529410220293688338e+00 1.552981433158921565e+00 1.580420062229689337e+00 1.581188754661669416e+00 2.275033003214302685e+00 2.276018144441561031e+00 3.493210428278853197e+00 3.572995577379911136e+00 3.574104781455714086e+00 3.623891616634399959e+00 3.866561576937103784e+00 3.867938357569100649e+00 3.885311572864701191e+00
-7.279759589588929991e-01 -7.254001035829781285e-01 -7.244563186334994631e-01 -3.819491452727433178e-01 -3.806605577803430784e-01 -2.558188016875019843e-01 -2.126988780377013777e-01 -2.103797925859640094e-01 -1.997141354877582653e-01 1.690294192815624263e-01 1.696826534957696087e-01 2.996398691176167528e-01 8.260914113945403425e-01 8.391168740227552547e-01 8.391799644993864771e-01 1.494806566960362959e+00 1.495098553969012700e+00 1.530858921307672871e+00 1.565226053323933053e+00 1.624515714397221533e+00 1.625298141529140095e+00 2.277111775179812003e+00 2.278081153894824684e+00 3.408899433228230968e+00 3.560604935905308910e+00 3.561728127233529495e+00 3.666229280175081318e+00 3.866842267786678722e+00 3.868227180704640666e+00 3.932816372344568823e+00
-7.210052370884717510e-01 -7.150734698896347163e-01 -7.141078509394347407e-01 -3.974893912001289942e-01 -3.962816655709088254e-01 -2.286980865479589231e-01 -2.045149917063160405e-01 -2.020961568066010072e-01 7.284294665202045715e-02 2.158181091153808795e-01 2.163634463086666349e-01 4.231992667967223176e-01 8.191213695317097754e-01 8.454514877123626704e-01 8.455131548274545938e-01 1.490850755402257199e+00 1.491084939789359742e+00 1.532118701624606727e+00 1.591432981681354164e+00 1.663568681359647305e+00 1.664377189909363342e+00 2.279942082445189921e+00 2.280887024786171668e+00 3.316523853325026305e+00 3.543842923857316585e+00 3.544985587090432766e+00 3.702515163030731582e+00 3.864781782972781077e+00 3.866170195914174545e+00 3.996532941407413109e+00
-7.107435182221737424e-01 -7.014518500433093440e-01 -7.004599286697692495e-01 -3.803761455015675641e-01 -3.790960220048926188e-01 -1.961139862638514031e-01 -1.935505440869601523e-01 -1.922625305025813525e-01 2.506120011343206389e-01 2.575705289132587117e-01 2.579238463957774230e-01 5.254710357408408639e-01 8.123985852596233848e-01 8.531147766579176839e-01 8.531760365650461475e-01 1.492529586207176573e+00 1.492721368686884542e+00 1.533574937194056131e+00 1.636106054994441728e+00 1.691490295640597497e+00 1.692316530783181339e+00 2.282588993194232252e+00 2.283503238822863324e+00 3.220470473254656074e+00 3.526196044560951481e+00 3.527360206101820328e+00 3.737234479888764671e+00 3.858160993978544617e+00 3.859551445823771854e+00 4.065569453999660077e+00
-6.974535160565289438e-01 -6.875946259893014334e-01 -6.865818950761490846e-01 -3.365691451091740172e-01 -3.350994345782302708e-01 -1.907831329765298789e-01 -1.881747864516745972e-01 -1.344685033936527663e-01 3.070149745792706830e-01 3.071488528325482248e-01 3.528959240096565253e-01 6.023513989776226873e-01 8.070231479393610297e-01 8.612599151239888062e-01 8.613215884960179203e-01 1.496213607403434009e+00 1.496380746099633674e+00 1.536023301459182422e+00 1.700068479367420116e+00 1.709904648701230601e+00 1.710738084601846953e+00 2.284007438904114284e+00 2.284886697616286266e+00 3.123781170098683280e+00 3.509770307448722981e+00 3.510955531760322046e+00 3.772031883142308306e+00 3.845758174792828221e+00 3.847149303767850803e+00 4.133055731769481156e+00
-6.822630877900874857e-01 -6.760281414016980905e-01 -6.750019185475391037e-01 -2.893510408946622925e-01 -2.876355816549239774e-01 -1.924286664065045505e-01 -1.899317762596817449e-01 5.127466171805009076e-02 3.674644679868905306e-01 3.675072123040699634e-01 4.306068084700172549e-01 6.587283800483255680e-01 8.028605540324202927e-01 8.693995871976667456e-01 8.694620065691885946e-01 1.499685799104112816e+00 1.499841185233093954e+00 1.539892793789573666e+00 1.727174213141007053e+00 1.728003936096211612e+00 1.777704677736652306e+00 2.283293709203563893e+00 2.284134392362587640e+00 3.028303760219428487e+00 3.494915480634233962e+00 3.496120355441965533e+00 3.807013024677443624e+00 3.827914691700098349e+00 3.829306783933592584e+00 4.195055396412875837e+00
-6.672605985874152656e-01 -6.670122564595278858e-01 -6.660070721108827252e-01 -2.657899449262093317e-01 -2.638916748097523413e-01 -1.969030792987466194e-01 -1.946712529941010961e-01 1.540713097579725355e-01 4.244900776813336218e-01 4.246387715257300410e-01 4.901019455762029575e-01 7.069098123915036336e-01 7.988223115604308200e-01 8.775963360270248037e-01 8.776595053987604755e-01 1.501360331558424299e+00 1.501511710486383100e+00 1.545099424140442768e+00 1.753918093600437489e+00 1.754731670160541546e+00 1.858274795309887928e+00 2.279539793039569773e+00 2.280338587100928738e+00 2.934902546261451750e+00 3.480911626520221791e+00 3.482134754519042197e+00 3.806594519036215818e+00 3.807986054547923160e+00 3.841509082102221750e+00 4.249793568320988868e+00
-6.593473200726729377e-01 -6.582930066223662280e-01 -6.548395766386286843e-01 -2.732442672486181667e-01 -2.714168736658215675e-01 -1.931993514106467857e-01 -1.910677771851215512e-01 2.108001927443939050e-01 4.638098951521600899e-01 4.640386103739179147e-01 5.340582922921074394e-01 7.591734468207420594e-01 7.936805871631648079e-01 8.864399307052986954e-01 8.865039871072333266e-01 1.500100461625667903e+00 1.500252514773609436e+00 1.551256847288922991e+00 1.796177821955624587e+00 1.796967020976352192e+00 1.930749598179197113e+00 2.271353638267188391e+00 2.272108803760617413e+00 2.844011439401395336e+00 3.467232169281632803e+00 3.468472039573497145e+00 3.784752909078290539e+00 3.786149579024334688e+00 3.874291198903858202e+00 4.296926337294832976e+00
-6.506556058367934936e-01 -6.495858060427367464e-01 -6.472004822633219412e-01 -2.895524407480357665e-01 -2.878925571104414827e-01 -1.884904448557176981e-01 -1.863418975369685038e-01 2.532789006418736388e-01 4.849580178313392387e-01 4.852418286124104974e-01 5.657781606209985048e-01 7.868992514839486807e-01 8.212431227801975098e-01 8.966689045780411593e-01 8.967342420136390491e-01 1.496116335616346493e+00 1.496271178909931887e+00 1.557942317059033854e+00 1.851759477375054530e+00 1.852523593171049088e+00 1.987755160241396091e+00 2.256571845401553311e+00 2.257285528791214801e+00 2.756568806454219978e+00 3.454537644816793041e+00 3.455791624412376972e+00 3.765158717693672941e+00 3.766563728614261919e+00 3.903798412534106976e+00 4.336623955303170241e+00
-6.448521261582922381e-01 -6.386660995364678017e-01 -6.375726819087557118e-01 -2.983750803734711021e-01 -2.968141713093556677e-01 -1.892353491668669896e-01 -1.870851651739228461e-01 2.864113762218969406e-01 4.942723006944928499e-01 4.945883814863949457e-01 5.881436744939627648e-01 7.790261741031917486e-01 8.909363247620259996e-01 9.082287105408772820e-01 9.082956139792754957e-01 1.490730740616470706e+00 1.490889012997036689e+00 1.564795604963009845e+00 1.913978508423328506e+00 1.914721470805508918e+00 2.026711787846302570e+00 2.232708919237444967e+00 2.233388634186646460e+00 2.675347484032074341e+00 3.444478564032784185e+00 3.445742173709385181e+00 3.749452367389243701e+00 3.750868272428518502e+00 3.928456583970134641e+00 4.368786943691075564e+00
-6.463649794409240812e-01 -6.233468728812200377e-01 -6.222116043540747432e-01 -2.977154182331510079e-01 -2.961656529652445524e-01 -1.946981285193551681e-01 -1.925604942149556631e-01 3.110319674856594774e-01 4.975073268549657923e-01 4.978413353673197816e-01 6.027865363447789671e-01 7.715014692307636812e-01 9.195538912276683963e-01 9.196231344890889448e-01 9.587974169910365996e-01 1.485447436862021187e+00 1.485609102150131644e+00 1.571333286248782546e+00 1.977176401931802996e+00 1.977903363329575503e+00 2.049019458972678009e+00 2.198231278762489804e+00 2.198888106441522439e+00 2.606324768337383357e+00 3.438274797373929825e+00 3.439542666105160240e+00 3.738152296652959006e+00 3.739579452326670328e+00 3.946971823009700397e+00 4.392779143134940334e+00
-6.490289436747775920e-01 -6.091276482405217907e-01 -6.079400364286481340e-01 -2.928318960053322151e-01 -2.912337288664448853e-01 -2.007991825558536614e-01 -1.986707739004800466e-01 3.264915450481505332e-01 4.981119082698080569e-01 4.984565969108831762e-01 6.108777273383884099e-01 7.660639150136029363e-01 9.280071849581317256e-01 9.280779167201512747e-01 1.009794475304160777e+00 1.481595836487954676e+00 1.481760080667828161e+00 1.576491518519931301e+00 2.038041951643700500e+00 2.038764175492550734e+00 2.058791624164412415e+00 2.154021541401323070e+00 2.154661163001825308e+00 2.558659579247428262e+00 3.435557026557123361e+00 3.436825326157531890e+00 3.731317305006573992e+00 3.732753101599844303e+00 3.958437092819644398e+00 4.407684899332266149e+00
-6.502652176986974952e-01 -6.031627341281292631e-01 -6.019490369833626620e-01 -2.902527566038570761e-01 -2.886207766963738153e-01 -2.033758580634269508e-01 -2.012511142954546139e-01 3.317976688424329468e-01 4.980596127937553241e-01 4.984083533440512581e-01 6.134308130445216278e-01 7.640805320579771021e-01 9.311522305464466909e-01 9.312235460610286397e-01 1.028947514284630937e+00 1.480181212712355032e+00 1.480346429165356970e+00 1.578543234650393146e+00 2.061184017820160808e+00 2.083434292704928747e+00 2.084227247357251844e+00 2.113933674021367892e+00 2.114500971610449920e+00 2.541473641668710481e+00 3.434909187558638166e+00 3.436177111791581584e+00 3.729018483701506348e+00 3.730457550623274443e+00 3.962318239815135978e+00 4.412748503742855988e+00
-6.486835252022856713e-01 -6.022825320461484555e-01 -6.007604988526725753e-01 -2.902710876284815833e-01 -2.854883638886011044e-01 -2.051759143862532386e-01 -1.985883868546953757e-01 3.306247331789683441e-01 4.925507096449081579e-01 5.012802530202961071e-01 6.229132963520426225e-01 7.657120475767693613e-01 9.295230247682746416e-01 9.309354603476260870e-01 1.020255625635422048e+00 1.480005860494607361e+00 1.481324428180755604e+00 1.576834726103562900e+00 2.023516173852144551e+00 2.061474489785562358e+00 2.084553217751626608e+00 2.135392096991868716e+00 2.144638079416987253e+00 2.554531271581292007e+00 3.435961081342139067e+00 3.437597004967163805e+00 3.730791199175258477e+00 3.731967142323133757e+00 3.959029034590669571e+00 4.405275833579528566e+00
-6.449778161424856160e-01 -6.013612822115863565e-01 -5.950737865757049772e-01 -2.909458808831020815e-01 -2.762434401291691266e-01 -2.104547711711091118e-01 -1.898889582786023877e-01 3.267926280530201733e-01 4.821224799810417960e-01 5.093694190517722431e-01 6.443793294513950887e-01 7.706237623789538027e-01 9.245791743175949540e-01 9.308120176314336192e-01 9.949900088865651915e-01 1.479007227495761967e+00 1.484350649087927687e+00 1.571702802293702295e+00 1.972140813222917011e+00 2.027363918695156197e+00 2.067345564078938658e+00 2.164696783514430400e+00 2.198837804887783243e+00 2.589935851892565033e+00 3.436615982420166748e+00 3.444259389262364746e+00 3.733884698189203100e+00 3.738481944217105557e+00 3.949267539289570639e+00 4.383238268226248735e+00
-6.422635772109804853e-01 -5.972494811982560492e-01 -5.867368896183107196e-01 -2.925498837859168977e-01 -2.627688829276234594e-01 -2.172911470497846942e-01 -1.749583299040178841e-01 3.192603842171956585e-01 4.758070020980817993e-01 5.209163958844790221e-01 6.666117424689118609e-01 7.788078276580899795e-01 9.168179216510174978e-01 9.319997294524380305e-01 9.557170145462916544e-01 1.477381059053000989e+00 1.488159923542701879e+00 1.563383046802237608e+00 1.921563683217884178e+00 1.991506864500495633e+00 2.043538067748396969e+00 2.192557692366669642e+00 2.258617133832727220e+00 2.639969272898572861e+00 3.437806183768860269e+00 3.454897483619180587e+00 3.738394056491464834e+00 3.749205562816671833e+00 3.933382057631265916e+00 4.347784279861571122e+00
-6.437160984583347734e-01 -5.876850521704980457e-01 -5.775204591013379796e-01 -2.956196192725937810e-01 -2.474181129789963796e-01 -2.235553965721435443e-01 -1.532044028210365338e-01 3.063938100938735642e-01 4.783871018012950671e-01 5.338149729116274944e-01 6.809934611676807803e-01 7.900718604166340198e-01 9.036012991432476049e-01 9.069039985713646113e-01 9.387264050528083548e-01 1.475203097467028712e+00 1.490910720143463264e+00 1.553151717107565277e+00 1.876008494494887158e+00 1.955117776837517418e+00 2.017643810777153490e+00 2.217812677310591507e+00 2.322084610142315597e+00 2.697793690644429976e+00 3.439977680809138683e+00 3.468389764264521613e+00 3.744319036140812518e+00 3.762991523380422532e+00 3.912071742709676059e+00 4.300854065060239151e+00
-6.493934795025411155e-01 -5.738508497532593955e-01 -5.692165825146162650e-01 -3.007748452680086837e-01 -2.319306966694754391e-01 -2.273954247253831829e-01 -1.232902423534503189e-01 2.865217074625587279e-01 4.904129527745568207e-01 5.461827576483080371e-01 6.817932949936266196e-01 8.038494795991109054e-01 8.472010780495558002e-01 8.956556376980040479e-01 9.481058891576754633e-01 1.472605126003816434e+00 1.489890690298036890e+00 1.544277453579453674e+00 1.839006069198468429e+00 1.918862419089917948e+00 1.991044662446926683e+00 2.239922320762266494e+00 2.387873541892465035e+00 2.758613921675804104e+00 3.443502037046437092e+00 3.483223482248019476e+00 3.751404446250447222e+00 3.778411461466692156e+00 3.886663018617714460e+00 4.245227157071493451e+00
-6.577639901680361056e-01 -5.633257520649604944e-01 -5.584721490461553861e-01 -3.083911953527875283e-01 -2.277384142893339458e-01 -2.162941131163350073e-01 -8.096062174022088109e-02 2.576577488323831266e-01 5.089160503829901483e-01 5.566837482786624047e-01 6.668819689650917759e-01 7.917558968055777857e-01 8.190951426746051478e-01 8.839914357074467599e-01 9.600439604189432430e-01 1.469782436617019794e+00 1.483407090218280322e+00 1.540395751794855217e+00 1.812510492090249947e+00 1.883322633168891258e+00 1.963798454777790914e+00 2.258541901487109094e+00 2.454060745659312204e+00 2.818929298941557970e+00 3.448667297874766557e+00 3.497436801015148866e+00 3.759374735577866389e+00 3.792830355917370166e+00 3.859985565705358557e+00 4.184610786983939512e+00
-6.675927112515683826e-01 -5.602522476035017851e-01 -5.440436247905652278e-01 -3.183303224956451349e-01 -2.240736791095654934e-01 -1.994267361652970749e-01 3.645868970815435012e-02 2.160705731632785731e-01 5.283090399069252374e-01 5.645310262279839009e-01 6.400759152036900046e-01 7.452359486906299235e-01 8.342916612256285891e-01 8.729147951557527652e-01 9.705122107136336940e-01 1.466980585888787658e+00 1.474379110024925943e+00 1.541148074055513240e+00 1.796778327448012691e+00 1.849049698031024924e+00 1.935593370748525999e+00 2.273495068554419074e+00 2.517999769512016872e+00 2.875659472055456689e+00 3.455610834669503806e+00 3.508840943247007349e+00 3.767969516445587086e+00 3.798422302560340302e+00 3.840317425657780781e+00 4.123810681401944400e+00
-6.780474492042963819e-01 -5.597011137280776261e-01 -5.319643740927473274e-01 -3.299822067566576811e-01 -2.169990745110374486e-01 -1.803042249408011999e-01 6.255641110662586712e-02 1.618248088145033403e-01 5.395162468668885936e-01 5.693011150231767070e-01 6.171594384286127610e-01 7.106219315713059315e-01 8.468670244254083990e-01 8.642905845268966658e-01 9.761329662672704188e-01 1.464454579092576036e+00 1.467260964260620471e+00 1.543908751449472483e+00 1.791145487786556245e+00 1.816558321684177857e+00 1.906171567903817587e+00 2.284791456768261231e+00 2.576030363973047965e+00 2.925731232765462320e+00 3.464278146093667132e+00 3.515758129366123086e+00 3.776956967084409200e+00 3.784170874327524636e+00 3.838723693363831124e+00 4.069033416556907312e+00
-6.885371354610467787e-01 -5.607188780483927104e-01 -5.229771302147716572e-01 -3.424985943038758029e-01 -2.078004925023318461e-01 -1.631108670754572443e-01 -1.252561421136975384e-01 1.493466364771592059e-01 5.378529795641285860e-01 5.707391308113680672e-01 6.133324047992771977e-01 6.885514947508430961e-01 8.485750448931393963e-01 8.656967072171141142e-01 9.751640119255606809e-01 1.462409718555846672e+00 1.464004238224249521e+00 1.546994974355893948e+00 1.786314196684212430e+00 1.794774253460322599e+00 1.875525466740751934e+00 2.292632618395129107e+00 2.622894238405965250e+00 2.966540138568268148e+00 3.474417603431060542e+00 3.518392010950914806e+00 3.762997532731463313e+00 3.786144809622274732e+00 3.840578652359743383e+00 4.027869823430236806e+00
-6.856218540050663668e-01 -5.647325802736029576e-01 -5.225134075516696397e-01 -3.434193634890804758e-01 -2.151590376744972610e-01 -1.589613972383843998e-01 -9.470588011316469212e-02 1.527324546223244595e-01 5.353159630204409325e-01 5.577838916051484075e-01 6.277172168149401932e-01 6.827183704100209249e-01 8.491956028478878649e-01 8.659706037602937778e-01 9.749292348069871217e-01 1.459855963084460528e+00 1.467350763296004557e+00 1.542246997539634457e+00 1.780102803015613855e+00 1.794374065955106845e+00 1.894623336323498997e+00 2.286355422608977950e+00 2.624445518014930201e+00 2.962287562616906289e+00 3.479784579309123327e+00 3.519083808525810042e+00 3.758544572547062312e+00 3.791586561931530319e+00 3.840266324647084062e+00 4.024070618887365391e+00
-6.772274596445774231e-01 -5.755595518764055063e-01 -5.217538448827232500e-01 -3.438343949355955331e-01 -2.331568339971410164e-01 -1.507146891204946826e-01 9.235635928171621878e-02 1.615009978703205729e-01 5.276834131570348196e-01 5.395611043072081614e-01 6.425894437183776731e-01 6.747760913843874331e-01 8.508906735759773632e-01 8.662568947596476221e-01 9.748373178729213828e-01 1.457405985645639390e+00 1.472065086309111814e+00 1.530277417809794427e+00 1.771338968745236997e+00 1.792676587738332161e+00 1.939576364686956156e+00 2.267605963366553734e+00 2.628655988320820480e+00 2.951388487673006100e+00 3.493412775358990530e+00 3.521323322147576373e+00 3.748846434437334008e+00 3.803919093469604551e+00 3.839394940767716147e+00 4.013759535669070289e+00
-6.643249076118140639e-01 -5.912799546450355770e-01 -5.211591569124720547e-01 -3.395790242607826248e-01 -2.561587215797564987e-01 -1.429059430113086004e-01 1.663540726014189342e-01 1.793048200191382502e-01 5.175972314609758040e-01 5.263536457244756273e-01 6.259524081234740800e-01 6.890792241601744195e-01 8.531837573236725758e-01 8.657314400555852218e-01 9.760194999889874046e-01 1.455736359938104352e+00 1.477068210586670816e+00 1.516008952119245468e+00 1.767331482752684702e+00 1.789580916893307894e+00 1.996035556866298410e+00 2.236628285871446131e+00 2.634477588886289023e+00 2.938414935737589051e+00 3.508774873809545891e+00 3.526003227503640147e+00 3.737397513567026763e+00 3.818999137172457647e+00 3.838137358706835034e+00 3.999775853693038563e+00
-6.484059936657705636e-01 -6.095501213335804414e-01 -5.213009716500567325e-01 -3.291327213210450964e-01 -2.806942358654828107e-01 -1.370877873869132402e-01 1.782462130749077056e-01 2.231291764327743565e-01 5.106313400641695477e-01 5.163813497962320698e-01 6.023883487250828450e-01 7.052853103413859737e-01 8.554148482085724980e-01 8.640428949308697204e-01 9.791445959716873482e-01 1.454738237158634595e+00 1.481414031936292286e+00 1.504231625658107863e+00 1.768998299762480908e+00 1.785029622807921212e+00 2.053799013804431972e+00 2.196570121362189543e+00 2.639654899228433660e+00 2.928332247320249770e+00 3.518236997641161157e+00 3.533516510213920547e+00 3.727924974689408533e+00 3.831398487967876409e+00 3.836999050800783184e+00 3.987553571941667485e+00
-6.353792083602219920e-01 -6.240381020428623637e-01 -5.227430594264350638e-01 -3.201007660686312484e-01 -2.972619514513683558e-01 -1.344995560317669425e-01 1.829699922782557775e-01 2.419241027259900756e-01 5.044690779046243634e-01 5.119152612649464640e-01 5.914771868178988479e-01 7.138063347327783248e-01 8.561246337865815459e-01 8.622626815893448260e-01 9.833812054974738759e-01 1.454223492434266074e+00 1.482546477607639801e+00 1.499672795352406052e+00 1.774179102086317128e+00 1.781030785361521707e+00 2.088135929911255406e+00 2.168323920765740098e+00 2.641559067832663477e+00 2.924333872447964833e+00 3.522207416949248326e+00 3.537519799439305057e+00 3.724258445501686499e+00 3.833245446231705156e+00 3.837270554625324515e+00 3.984529355241268167e+00
-6.342963424165771746e-01 -6.226786332927991552e-01 -5.200976428789626516e-01 -3.137788239941574631e-01 -2.939086877127471409e-01 -1.385257532477654208e-01 1.766265928993366319e-01 2.374752875400262253e-01 5.067744757622805185e-01 5.246374684131173138e-01 5.986940486639550363e-01 7.071361831003956100e-01 8.571735334687037300e-01 8.631861242160114855e-01 9.769681433332635390e-01 1.454884908116589104e+00 1.485710540283090797e+00 1.500104735952830559e+00 1.772891437451261210e+00 1.781253869454697103e+00 2.088944299897857348e+00 2.168265563347826941e+00 2.634590441732568511e+00 2.920320168551329143e+00 3.515979988971923209e+00 3.532573481721897668e+00 3.731724230303188783e+00 3.832479646515477345e+00 3.835693738300845812e+00 3.993230692301859897e+00
-6.334056135114354280e-01 -6.200825785702990256e-01 -5.196826257167995733e-01 -3.074946935840303652e-01 -2.884790481487390368e-01 -1.479638233999927277e-01 1.645209109772588219e-01 2.383983508332928047e-01 5.001464370483938993e-01 5.500696918475622699e-01 6.153087674965299625e-01 7.034367411871119691e-01 8.539076922502051303e-01 8.656199275168330320e-01 9.717165903192349630e-01 1.456011099074676629e+00 1.490648740639435310e+00 1.501781161710630697e+00 1.775816245969789486e+00 1.786426884909246393e+00 2.089799013771190594e+00 2.167788248858797395e+00 2.612840288801308475e+00 2.906140502972716089e+00 3.503729094965297275e+00 3.524086062080082904e+00 3.749523619387702844e+00 3.819959070247745281e+00 3.833018839017020341e+00 4.025560677849555624e+00
-6.328896584749993393e-01 -6.166795423597074555e-01 -5.220508411651051395e-01 -3.000335738859336576e-01 -2.847203886508559711e-01 -1.607152304221345918e-01 1.417644012099791850e-01 2.474145920872577453e-01 4.917418053931484900e-01 5.737628527978623216e-01 6.363038090329925511e-01 7.102705852714399359e-01 8.451016731606780796e-01 8.708865066870298266e-01 9.670904853540156498e-01 1.458134169580770134e+00 1.495949019871207319e+00 1.505127110776198984e+00 1.784070699816018735e+00 1.796538415136348155e+00 2.090545360373630146e+00 2.166913888238619190e+00 2.578140429770057196e+00 2.882180176837103147e+00 3.488112400796382406e+00 3.514885636300911997e+00 3.770208294528639481e+00 3.803113389784864573e+00 3.832138301886875986e+00 4.071491944515036820e+00
-6.327860477887636836e-01 -6.131151582056197924e-01 -5.276829371193877405e-01 -2.915925371466077665e-01 -2.829563126946060825e-01 -1.749917138836729058e-01 1.037391657449520249e-01 2.620385317254541602e-01 4.833832899953402484e-01 5.830889242023926666e-01 6.568635266112290427e-01 7.371473410391393699e-01 8.330126947052129971e-01 8.779450456953561410e-01 9.616822496237608098e-01 1.461419156456390311e+00 1.498843661286240803e+00 1.512136618245317310e+00 1.798242066372295778e+00 1.812136465382580885e+00 2.091088020798637093e+00 2.165664407466910024e+00 2.533110364823655480e+00 2.849363921993446347e+00 3.472898187611326737e+00 3.505014783347629059e+00 3.783433516782721107e+00 3.786771702788366945e+00 3.839006679939747979e+00 4.124094571225363381e+00
-6.331716528010995493e-01 -6.098987901081781571e-01 -5.366803561688020530e-01 -2.870095615617634377e-01 -2.780204103718169062e-01 -1.895580110056701850e-01 1.962950750396635219e-02 2.780944433851399444e-01 4.760779200693809887e-01 5.773110721193883688e-01 6.733088373853082231e-01 7.814059351721005520e-01 8.197628268059533596e-01 8.861901597909273010e-01 9.546503454611311446e-01 1.465440125210262234e+00 1.499008682721284513e+00 1.522532536067764841e+00 1.818469373287753488e+00 1.833923034073791092e+00 2.091394158132819925e+00 2.164031575645372296e+00 2.480635847255151294e+00 2.809153768541229113e+00 3.460149750108593381e+00 3.494332782496005319e+00 3.772042822439332088e+00 3.783427356588437984e+00 3.857590686435671046e+00 4.178981011524450118e+00
-6.341784741932537939e-01 -6.073054983451785516e-01 -5.485339560161920369e-01 -2.875438849799747953e-01 -2.689607761391818452e-01 -2.032463052442183282e-01 -9.938186914422909857e-02 2.930363077987059306e-01 4.707492713874287249e-01 5.637093234806397346e-01 6.828692461429781702e-01 8.059439208749807904e-01 8.336343883923945652e-01 8.951253308720904522e-01 9.465783010998183311e-01 1.469489837718612968e+00 1.497394475692963800e+00 1.534608445386393516e+00 1.844428610444552419e+00 1.862399209078551721e+00 2.091484921276764553e+00 2.161934338002233336e+00 2.423481727711448652e+00 2.763457563714478926e+00 3.450489544058506830e+00 3.482997038120430489e+00 3.759721299791171756e+00 3.775656254547912205e+00 3.881007576782724566e+00 4.232860529222803869e+00
-6.359558757499912396e-01 -6.054092488593170174e-01 -5.620651917460188773e-01 -2.886804294255075343e-01 -2.623760591443911050e-01 -2.137437477512364181e-01 -1.385495385688685910e-01 3.057494777298026545e-01 4.683895000018577504e-01 5.474752789096017924e-01 6.834440664185994496e-01 7.940573543176610016e-01 8.849838088116270818e-01 9.042089151688105231e-01 9.392157611627161007e-01 1.473025902417310240e+00 1.494510997029028232e+00 1.546859686092405095e+00 1.875359152535873486e+00 1.897485460112901867e+00 2.091416761132379953e+00 2.159158107937350302e+00 2.364083865567456755e+00 2.714544438656321113e+00 3.443775535265368060e+00 3.471430947727749849e+00 3.749722920503060219e+00 3.765260081558654548e+00 3.903894728121696467e+00 4.283023272170225049e+00
-6.386213741476802763e-01 -6.041494325642615681e-01 -5.755776866332020791e-01 -2.894906285742223639e-01 -2.631329819010410631e-01 -2.170543553291094108e-01 -1.644763447289330771e-01 3.158428560268415342e-01 4.698721289214473629e-01 5.315044266370224646e-01 6.745776146375321858e-01 7.835808471101297634e-01 9.128284676338936920e-01 9.302162447920216959e-01 9.361724138880488377e-01 1.475822872460451629e+00 1.490845595236552690e+00 1.557934676289905340e+00 1.910291121949379223e+00 1.938087917920917613e+00 2.091254665254951739e+00 2.155263065577713633e+00 2.304477892740296241e+00 2.665084550624606585e+00 3.439515154032787958e+00 3.460290116291600881e+00 3.741959970909126465e+00 3.754476825982328680e+00 3.924057708735061656e+00 4.327197265292471506e+00
-6.421250995282029583e-01 -6.033970241552454317e-01 -5.872550265149895088e-01 -2.897843901086036289e-01 -2.709542407356346216e-01 -2.134227917836971355e-01 -1.821804023985441057e-01 3.232694939599460859e-01 4.755307158818569135e-01 5.176151685936117852e-01 6.581074464314692340e-01 7.751157062042902668e-01 9.203628873395314214e-01 9.312179447545352318e-01 9.728105966165566665e-01 1.477870328654818710e+00 1.486968553313125829e+00 1.566919034984350034e+00 1.948362651898648767e+00 1.981824500278144718e+00 2.091036827964952494e+00 2.149448497351440945e+00 2.246322409166610079e+00 2.618376967479892681e+00 3.437090411848827021e+00 3.450386802600821312e+00 3.736244624153412186e+00 3.744666137222086189e+00 3.940453984453255121e+00 4.363515309434660594e+00
-6.459664478973731194e-01 -6.030136365215610361e-01 -5.957643962271458316e-01 -2.896794784400451572e-01 -2.802464348834684538e-01 -2.079066100236000858e-01 -1.937454764681880159e-01 3.281952331355053043e-01 4.845296911857064348e-01 5.070122260961663629e-01 6.381177172491554472e-01 7.689835928520544206e-01 9.262235167574517369e-01 9.307410881612908637e-01 1.003278108488643960e+00 1.479242716259151713e+00 1.483514686319253428e+00 1.573393885178611562e+00 1.988881207914531712e+00 2.025096986129669485e+00 2.090700232522521684e+00 2.140426969396987289e+00 2.191084778293096669e+00 2.578697116889636209e+00 3.435878353072068236e+00 3.442573340998266396e+00 3.732337739577060720e+00 3.736877667764694877e+00 3.952499043819089231e+00 4.390513174620750192e+00
-6.490672375871580080e-01 -6.029363041134414569e-01 -6.006247017733291615e-01 -2.895859700276303683e-01 -2.869323727736454166e-01 -2.038943840320769918e-01 -2.001262936899110834e-01 3.309314566129268886e-01 4.939317657896032387e-01 5.004244203173326966e-01 6.206910509001535292e-01 7.653037692297870453e-01 9.299417603520478970e-01 9.309839414783633860e-01 1.022417364361416503e+00 1.480021646070676322e+00 1.481115783992615453e+00 1.577261024568951120e+00 2.030649757945468981e+00 2.063048248653817307e+00 2.089594395578862063e+00 2.126832547988040112e+00 2.141290392900065065e+00 2.551348056634691996e+00 3.435293210177035039e+00 3.437646959476646114e+00 3.729959776960433793e+00 3.731984203990684090e+00 3.959848783996814614e+00 4.407136442610299909e+00
-6.502652176986974952e-01 -6.031627341281292631e-01 -6.019490369833626620e-01 -2.902527566038570761e-01 -2.886207766963738153e-01 -2.033758580634269508e-01 -2.012511142954546139e-01 3.317976688424329468e-01 4.980596127937553241e-01 4.984083533440512581e-01 6.134308130445216278e-01 7.640805320579771021e-01 9.311522305464466909e-01 9.312235460610286397e-01 1.028947514284630937e+00 1.480181212712355032e+00 1.480346429165356970e+00 1.578543234650393146e+00 2.061184017820160808e+00 2.083434292704928747e+00 2.084227247357251844e+00 2.113933674021367892e+00 2.114500971610449920e+00 2.541473641668710481e+00 3.434909187558638166e+00 3.436177111791581584e+00 3.729018483701506348e+00 3.730457550623274443e+00 3.962318239815135978e+00 4.412748503742855988e+00
-6.489768300647664745e-01 -6.031574465333873203e-01 -6.002767487089061271e-01 -2.888418732321504367e-01 -2.874872650787809181e-01 -2.029925366511435292e-01 -2.010014719613821277e-01 3.308672734349592526e-01 4.937681767951843659e-01 5.004483972811574199e-01 6.212365585046184524e-01 7.654015321380112091e-01 9.298049861409084516e-01 9.310063463389839367e-01 1.021899697559151887e+00 1.479928419344319623e+00 1.481256790532222478e+00 1.577156692992285558e+00 2.028694838071612772e+00 2.064074271294738416e+00 2.085983350325270269e+00 2.132004046757318694e+00 2.140198533257211544e+00 2.552129730073788849e+00 3.435034177692166679e+00 3.438052911862523153e+00 3.729795003457911484e+00 3.732345886204204710e+00 3.959651436966666438e+00 4.406688595026210464e+00
-6.458004041868941059e-01 -6.026243758094521619e-01 -5.955095598795859813e-01 -2.894194340294021228e-01 -2.797864896253233757e-01 -2.074581752135780111e-01 -1.940769508708476976e-01 3.278760877981488076e-01 4.843227677533930575e-01 5.071464671710279593e-01 6.397153571582140374e-01 7.693770977181307869e-01 9.257705896108471277e-01 9.307985966459799698e-01 1.001289169565591886e+00 1.479119899875026345e+00 1.483788411916090677e+00 1.572986535740529490e+00 1.982755891863936304e+00 2.033811230190885944e+00 2.071926377447236511e+00 2.158369353663418533e+00 2.187809031891827960e+00 2.581513660774399366e+00 3.435451545144455832e+00 3.443574920939731498e+00 3.732074175186702814e+00 3.737903890719922018e+00 3.951720318425458345e+00 4.388758260342624951e+00
-6.428641399902841336e-01 -5.998578739954908423e-01 -5.884361007654107523e-01 -2.906887087197478348e-01 -2.682659355721941363e-01 -2.135156459073727642e-01 -1.822811117833924854e-01 3.221508822935496563e-01 4.770355039370194894e-01 5.169827330598143478e-01 6.604493237474133860e-01 7.760130528219058021e-01 9.193624540245914911e-01 9.314928048508349656e-01 9.687176772097166877e-01 1.477794236832906005e+00 1.487198854544667270e+00 1.566134499370953614e+00 1.936658560866703960e+00 2.001771729785519760e+00 2.051336347619892031e+00 2.183919830153665309e+00 2.240600018974896468e+00 2.624027773848547351e+00 3.436334192008109412e+00 3.452359271235464711e+00 3.735745964871878044e+00 3.746777618767552553e+00 3.938748496535780852e+00 4.359709428402885223e+00
-6.428325696898361530e-01 -5.928617749682248972e-01 -5.802268774055931999e-01 -2.930159532982529180e-01 -2.546309380689671942e-01 -2.195859027370843930e-01 -1.652925823953354245e-01 3.125527325658911115e-01 4.762210040115145149e-01 5.284292397463390412e-01 6.766573971952520861e-01 7.852202191154203925e-01 9.110265103057697544e-01 9.238213183520260774e-01 9.371872054170765631e-01 1.475998760645445662e+00 1.490306670321705163e+00 1.557238233488861257e+00 1.893630092334338100e+00 1.969101052622888925e+00 2.028378951805243524e+00 2.207538447975646800e+00 2.296681931088769613e+00 2.674303641242624430e+00 3.437930025694426295e+00 3.463740288979308524e+00 3.740649053183072947e+00 3.758371269463430586e+00 3.921168954262128636e+00 4.320808824982396601e+00
-6.465248114004278346e-01 -5.816716345956869372e-01 -5.722153313990570034e-01 -2.968614179068849168e-01 -2.404263333740668251e-01 -2.242231988099473161e-01 -1.424816774955962873e-01 2.978175626625074179e-01 4.833431421374664860e-01 5.400059885359895784e-01 6.833910720247375892e-01 7.966986163690911171e-01 8.757932025787259489e-01 9.013298443380730607e-01 9.428747008246578520e-01 1.473813898542223777e+00 1.491332653504148009e+00 1.548131666419604535e+00 1.856507546601588787e+00 1.936338388805491029e+00 2.004633954937129037e+00 2.228755472774591961e+00 2.355136217280289657e+00 2.728361014978114341e+00 3.440511145041268204e+00 3.476745037742091426e+00 3.746589077528775125e+00 3.771805352322986860e+00 3.899751379239233096e+00 4.273861846399738873e+00
-6.529834274854817711e-01 -5.681902241361278527e-01 -5.656107961030896192e-01 -3.026058603781339729e-01 -2.263496021116625512e-01 -2.263052440980352076e-01 -1.124470571273313568e-01 2.767126946504299689e-01 4.972911158809134036e-01 5.505426267577395727e-01 6.778254824566574133e-01 8.098486018434570832e-01 8.243266078544769782e-01 8.909130724419567215e-01 9.527827603590904859e-01 1.471361244059173456e+00 1.488236126581788943e+00 1.541840677646973523e+00 1.827315981812170254e+00 1.903924060936882157e+00 1.980437707176175843e+00 2.247263771017044665e+00 2.414767046698956143e+00 2.783327785961990486e+00 3.444321062674915446e+00 3.490083364700108604e+00 3.753360449977054092e+00 3.785693908185830292e+00 3.875922606827177486e+00 4.221254421828632530e+00
-6.611317008511906623e-01 -5.611974751996803290e-01 -5.543981965107718235e-01 -3.103519434050926451e-01 -2.253032873458038488e-01 -2.118826389201440841e-01 -7.050795953278507500e-02 2.473932840931928057e-01 5.150032116494441814e-01 5.592578722671806002e-01 6.598655823688049926e-01 7.764289538143573921e-01 8.237570619459813059e-01 8.804566719048119161e-01 9.634788604109917332e-01 1.468802306601978191e+00 1.481083279318046175e+00 1.540049486456582351e+00 1.806877426956078336e+00 1.872272132478114193e+00 1.955639778405771301e+00 2.262865516886098494e+00 2.473956157322541038e+00 2.836865193171716815e+00 3.449526197293193874e+00 3.502203739262212512e+00 3.760763011297603597e+00 3.797076131340754834e+00 3.852897326501771413e+00 4.166027450533667853e+00
-6.702070212781489067e-01 -5.591256963585821138e-01 -5.417700142614709780e-01 -3.198474143578839413e-01 -2.211388421667002668e-01 -1.960535081568177962e-01 4.108229133223059715e-02 2.065636808365836075e-01 5.316907597722505541e-01 5.656929257753242624e-01 6.346896030332579430e-01 7.371285802208694671e-01 8.372010341685947044e-01 8.707374214851287819e-01 9.720446040127058707e-01 1.466323718206034687e+00 1.473021904755688283e+00 1.541421765923449483e+00 1.795051987031935248e+00 1.841776942893727398e+00 1.929996611221620473e+00 2.275477865843460012e+00 2.530562742733033055e+00 2.886738552634994903e+00 3.456180213967434245e+00 3.511525672717610291e+00 3.768612626626270945e+00 3.797462253489600315e+00 3.839501497464845148e+00 4.112015227799320272e+00
-6.796673623174399603e-01 -5.589446477924974177e-01 -5.312398916389384773e-01 -3.305789257807629777e-01 -2.143679739034659304e-01 -1.784510625166731146e-01 5.190018898560444516e-02 1.571837506500577131e-01 5.400158577168443497e-01 5.695844982283719826e-01 6.161279384377357227e-01 7.075019188379988444e-01 8.479052620555075359e-01 8.635034179032264889e-01 9.762688659795143442e-01 1.464107763549750363e+00 1.467046381901036201e+00 1.544050939370123388e+00 1.791276534175311630e+00 1.812806018052331769e+00 1.903348577747132397e+00 2.285143406687979883e+00 2.581695643311001653e+00 2.930708050177267765e+00 3.464206478065848138e+00 3.517025007513516766e+00 3.776746489461321854e+00 3.782123459043449820e+00 3.840287839319058705e+00 4.064054616660959240e+00
-6.891082354767691376e-01 -5.599359842440490009e-01 -5.232586138283874533e-01 -3.419135868157875957e-01 -2.060065971738031798e-01 -1.630090878329613913e-01 -1.242127418275860845e-01 1.467265489882431106e-01 5.379987048935359617e-01 5.707589650501317946e-01 6.136363841178951173e-01 6.881708015705786385e-01 8.487377997431335697e-01 8.654143183147042784e-01 9.750734655842298038e-01 1.462294166307731791e+00 1.464266621591737483e+00 1.546845108632432630e+00 1.785693654197920699e+00 1.794944143110019930e+00 1.875720748592162312e+00 2.292030314208144404e+00 2.623324024870059556e+00 2.966965123287580219e+00 3.473400348373107516e+00 3.519118571421062214e+00 3.763001979931607011e+00 3.785025021828676728e+00 3.841788118516660688e+00 4.027848309273672989e+00
-6.885371354610467787e-01 -5.607188780483927104e-01 -5.229771302147716572e-01 -3.424985943038758029e-01 -2.078004925023318461e-01 -1.631108670754572443e-01 -1.252561421136975384e-01 1.493466364771592059e-01 5.378529795641285860e-01 5.707391308113680672e-01 6.133324047992771977e-01 6.885514947508430961e-01 8.485750448931393963e-01 8.656967072171141142e-01 9.751640119255606809e-01 1.462409718555846672e+00 1.464004238224249521e+00 1.546994974355893948e+00 1.786314196684212430e+00 1.794774253460322599e+00 1.875525466740751934e+00 2.292632618395129107e+00 2.622894238405965250e+00 2.966540138568268148e+00 3.474417603431060542e+00 3.518392010950914806e+00 3.762997532731463313e+00 3.786144809622274732e+00 3.840578652359743383e+00 4.027869823430236806e+00
-7.044578989523501145e-01 -5.571417378971462719e-01 -5.235960047284806684e-01 -3.696360319322000709e-01 -2.373909598942798294e-01 -1.891615248829105478e-01 -1.437135801173670679e-01 1.583766404105444725e-01 5.322532580096042132e-01 5.539909329081385003e-01 6.077179820144885669e-01 6.881336501016929175e-01 8.440281541961177636e-01 8.656979652800111946e-01 9.708527646770938047e-01 1.459287958618519232e+00 1.460169046702443074e+00 1.552677070725741126e+00 1.752594614985573118e+00 1.809384214242353517e+00 1.824473434767613478e+00 2.301379186391079745e+00 2.681189510197211856e+00 3.021173123027044216e+00 3.490687653199730622e+00 3.520101054332246626e+00 3.728265051011902198e+00 3.798449866606035563e+00 3.837397924756294376e+00 3.981218196787332797e+00
-7.188909020510446668e-01 -5.464801978889113343e-01 -5.369552354946988126e-01 -3.944809893334407791e-01 -3.096059394637182827e-01 -1.661874416938786958e-01 -1.341545031317449566e-01 1.628577965389235715e-01 5.259513903389787526e-01 5.319051794712352788e-01 5.932590084354990578e-01 7.105780575896362139e-01 8.400459431222422335e-01 8.620009170370018792e-01 9.618530109828837826e-01 1.456938029983575245e+00 1.457221180570290153e+00 1.559248424534520616e+00 1.728979822153427826e+00 1.771186800936545458e+00 1.826422298119994903e+00 2.304299537540498655e+00 2.731507150113994253e+00 3.079646637715328428e+00 3.508033073911928756e+00 3.521058488120471175e+00 3.687660577958407515e+00 3.808754065097589958e+00 3.835323353787817524e+00 3.937151955462981245e+00
-7.308346328028277883e-01 -5.602131880531741048e-01 -5.272468622339195887e-01 -4.139191662543433292e-01 -3.622213084978618269e-01 -1.408418368429998069e-01 -1.286299372310024947e-01 1.623513596586437790e-01 5.084269659813748232e-01 5.220747825904147321e-01 5.809569360886573941e-01 7.431604018172065507e-01 8.371805246352304053e-01 8.555679764045597269e-01 9.471676630951194609e-01 1.454644047148917263e+00 1.456103194814564405e+00 1.566718319833916517e+00 1.714276935267956770e+00 1.727342995070242360e+00 1.834756939959266919e+00 2.303074234468841741e+00 2.772269663357077807e+00 3.140313777390628225e+00 3.520783799710722306e+00 3.524740251792794155e+00 3.641820404427676294e+00 3.816750952113847628e+00 3.834698200124770029e+00 3.898787416566847686e+00
-7.396762627218945729e-01 -5.854321278247524019e-01 -5.030765346010062089e-01 -4.274168270500096622e-01 -3.993235186784959145e-01 -1.240454635447592047e-01 -1.163946576487162321e-01 1.595142099109792821e-01 4.879994761967902384e-01 5.217392854756471854e-01 5.719197178144344029e-01 7.802677193874530959e-01 8.354717302437928428e-01 8.483572791958691184e-01 9.266791664069720103e-01 1.453162405262113266e+00 1.455736821224321353e+00 1.575071003359266086e+00 1.690611347279654897e+00 1.706313730571183518e+00 1.839036770447968205e+00 2.299855465226523954e+00 2.802236438605139934e+00 3.199345394319378144e+00 3.519638195799459357e+00 3.538746858229311787e+00 3.593720751937182545e+00 3.822355558445464041e+00 3.835178402223863081e+00 3.869101016731303133e+00
-7.451034845173304388e-01 -6.042116384015224773e-01 -4.815798003218729750e-01 -4.354219328678489709e-01 -4.228512474045970637e-01 -1.196069688872543751e-01 -9.787805472336717771e-02 1.578478584103597537e-01 4.742450882265886736e-01 5.228391990069591877e-01 5.668062996360581085e-01 8.162905016525832114e-01 8.345967731447432314e-01 8.427739338929913782e-01 9.021670071670724322e-01 1.452348053945260897e+00 1.455729496582544691e+00 1.583399762117924325e+00 1.664075549881572247e+00 1.702730173998684426e+00 1.840570123078795861e+00 2.296822728456347384e+00 2.820553891758895482e+00 3.247840739383851094e+00 3.518470654176452328e+00 3.548080798042498873e+00 3.551807420611592381e+00 3.825632719010525484e+00 3.835965180352295611e+00 3.850394607467726882e+00
-7.469375838369884946e-01 -6.110729831567450754e-01 -4.720749681151525934e-01 -4.380958691136286887e-01 -4.319373287623742841e-01 -1.177091648234674243e-01 -9.069258967647707281e-02 1.576845789682020660e-01 4.694121542220189292e-01 5.232927703100733741e-01 5.653872595868643103e-01 8.342936865579223538e-01 8.368908415896489927e-01 8.407140289851798842e-01 8.856452076815183316e-01 1.452087230102016457e+00 1.455767061979018839e+00 1.587605822095667252e+00 1.653569035975457568e+00 1.701753985375153322e+00 1.840866666427039888e+00 2.295609475083311590e+00 2.826716660559780436e+00 3.268319427690878243e+00 3.518109923614620715e+00 3.533331020706970804e+00 3.551419313405991041e+00 3.826702092898955687e+00 3.836305632781698449e+00 3.844036047176079940e+00
