-8.198517138400357451e-01
-7.931238645544607113e-01
-7.663960152688856775e-01
-7.396681659833106437e-01
-7.129403166977354989e-01
-6.862124674121605761e-01
-6.594846181265854312e-01
-6.327567688410105085e-01
-6.060289195554354746e-01
-5.793010702698604408e-01
-5.525732209842852960e-01
-5.258453716987103732e-01
-4.991175224131353394e-01
-4.723896731275603611e-01
-4.456618238419852718e-01
-4.189339745564102380e-01
-3.922061252708352042e-01
-3.654782759852601703e-01
-3.387504266996851365e-01
-3.120225774141101582e-01
-2.852947281285350689e-01
-2.585668788429600351e-01
-2.318390295573849735e-01
-2.051111802718099952e-01
-1.783833309862349892e-01
-1.516554817006598999e-01
-1.249276324150849216e-01
-9.819978312950983224e-02
-7.147193384393485394e-02
-4.474408455835975768e-02
-1.801623527278477244e-02
8.711614012790320355e-03
3.543946329836530212e-02
6.216731258394029430e-02
8.889516186951537668e-02
1.156230111550903689e-01
1.423508604406654443e-01
1.690787097262404504e-01
1.958065590118154287e-01
2.225344082973906290e-01
2.492622575829656073e-01
2.759901068685405856e-01
3.027179561541155639e-01
3.294458054396905422e-01
3.561736547252657425e-01
3.829015040108407764e-01
4.096293532964157547e-01
4.363572025819907330e-01
4.630850518675657113e-01
4.898129011531409116e-01
5.165407504387158344e-01
5.432685997242908682e-01
5.699964490098659020e-01
5.967242982954410468e-01
6.234521475810160807e-01
6.501799968665910034e-01
6.769078461521660373e-01
7.036356954377409600e-01
7.303635447233162159e-01
7.570913940088911387e-01
7.838192432944661725e-01
8.105470925800410953e-01
8.372749418656163511e-01
8.640027911511913850e-01
8.907306404367663077e-01
9.174584897223413416e-01
9.441863390079162643e-01
9.709141882934916312e-01
9.976420375790663320e-01
1.024369886864641588e+00
1.051097736150216289e+00
1.077825585435791433e+00
1.104553434721366800e+00
1.131281284006941501e+00
1.158009133292516646e+00
1.184736982578091791e+00
1.211464831863666713e+00
1.238192681149241858e+00
1.264920530434817003e+00
1.291648379720391926e+00
1.318376229005967071e+00
1.345104078291541772e+00
1.371831927577116916e+00
1.398559776862692283e+00
1.425287626148266984e+00
1.452015475433842129e+00
1.478743324719417052e+00
1.505471174004992196e+00
1.532199023290567341e+00
1.558926872576142042e+00
1.585654721861717409e+00
1.612382571147292110e+00
1.639110420432867254e+00
1.665838269718442399e+00
1.692566119004017322e+00
1.719293968289592467e+00
1.746021817575167168e+00
1.772749666860742312e+00
1.799477516146317679e+00
1.826205365431892380e+00
1.852933214717467525e+00
1.879661064003042892e+00
1.906388913288617593e+00
1.933116762574192737e+00
1.959844611859767438e+00
1.986572461145342805e+00
2.013300310430917950e+00
2.040028159716492873e+00
2.066756009002067795e+00
2.093483858287642718e+00
2.120211707573218085e+00
2.146939556858793008e+00
2.173667406144367931e+00
2.200395255429942853e+00
2.227123104715517776e+00
2.253850954001093143e+00
2.280578803286668066e+00
2.307306652572242989e+00
2.334034501857818356e+00
2.360762351143393278e+00
2.387490200428968201e+00
2.414218049714543124e+00
2.440945899000118047e+00
2.467673748285693414e+00
2.494401597571268336e+00
2.521129446856843259e+00
2.547857296142418626e+00
2.574585145427993105e+00
2.601312994713568472e+00
2.628040843999143839e+00
2.654768693284718317e+00
2.681496542570293684e+00
2.708224391855868607e+00
2.734952241141443530e+00
2.761680090427018897e+00
2.788407939712593375e+00
2.815135788998168742e+00
2.841863638283743665e+00
2.868591487569318588e+00
2.895319336854893955e+00
2.922047186140468877e+00
2.948775035426043800e+00
2.975502884711618723e+00
3.002230733997193646e+00
3.028958583282769013e+00
3.055686432568344379e+00
3.082414281853918414e+00
3.109142131139493781e+00
3.135869980425069148e+00
3.162597829710644071e+00
3.189325678996219438e+00
3.216053528281794804e+00
3.242781377567368839e+00
3.269509226852944206e+00
3.296237076138519129e+00
3.322964925424094496e+00
3.349692774709669862e+00
3.376420623995243897e+00
3.403148473280819264e+00
3.429876322566394631e+00
3.456604171851969554e+00
3.483332021137544920e+00
3.510059870423119399e+00
3.536787719708694322e+00
3.563515568994269689e+00
3.590243418279844612e+00
3.616971267565419978e+00
3.643699116850994457e+00
3.670426966136569380e+00
3.697154815422144747e+00
3.723882664707720114e+00
3.750610513993295037e+00
3.777338363278869515e+00
3.804066212564444882e+00
3.830794061850019805e+00
3.857521911135595172e+00
3.884249760421170095e+00
3.910977609706744573e+00
3.937705458992319940e+00
3.964433308277894863e+00
3.991161157563470230e+00
4.017889006849045153e+00
4.044616856134619631e+00
4.071344705420194998e+00
4.098072554705770365e+00
4.124800403991345732e+00
4.151528253276920211e+00
4.178256102562494689e+00
4.204983951848070056e+00
4.231711801133645423e+00
4.258439650419220790e+00
4.285167499704795269e+00
4.311895348990369747e+00
4.338623198275945114e+00
4.365351047561520481e+00
4.392078896847095848e+00
4.418806746132671215e+00
4.445534595418245694e+00
4.472262444703820172e+00
4.498990293989395539e+00
