-2.955725718369381073e-05 -8.581932214336118042e-06 -1.890333386713188190e-08 5.296915621400286045e-02 9.998910296741401194e-01 1.240141497422822203e+00 1.240283722743683592e+00 1.338922735258097019e+00 1.339140234048319167e+00 1.341264114076675007e+00 1.341389646144464765e+00 1.342901383231739132e+00 1.403449308932088746e+00 1.556557781742636815e+00 1.556777467135203263e+00 1.827033717049825645e+00 1.827675056605356563e+00 1.987676874486112633e+00 1.987832638752085268e+00 2.032115511357194926e+00 2.032784670772770586e+00 2.172187716713190220e+00 2.226307282041959823e+00 2.361169102140924458e+00 2.361169255200757711e+00 2.942638619301249925e+00 2.977614039428718051e+00 3.430069952739679628e+00 3.430290417243266443e+00 3.804349079014351265e+00
-8.414668274842193596e-02 5.220767688509617838e-02 8.179210231662155384e-02 1.360309215449084508e-01 9.934687490089106898e-01 1.225497685422681560e+00 1.238629345828394346e+00 1.327964129649796821e+00 1.333089592621162112e+00 1.336426970225887079e+00 1.343226797421100738e+00 1.353240857596653024e+00 1.416038219378700447e+00 1.559752627623910426e+00 1.564542380910155295e+00 1.826236578344964778e+00 1.829868779265124035e+00 1.987287429236638481e+00 1.988015568088758789e+00 2.030806028008989017e+00 2.031808295226623873e+00 2.171910790821399484e+00 2.228497130648191771e+00 2.361267991733237981e+00 2.361950946196080370e+00 2.936744795737121549e+00 2.977223128722159551e+00 3.429014476178902981e+00 3.437568131619143763e+00 3.804533581169237344e+00
-5.995213262212665400e-02 1.054171667964921150e-01 1.408588247769808344e-01 2.189438269865220665e-01 9.753388205377127029e-01 1.188961684800021068e+00 1.229814604756554353e+00 1.310453069811334803e+00 1.322824407805117897e+00 1.333140610607565835e+00 1.346593846313272724e+00 1.365124923230910170e+00 1.440276780622536501e+00 1.570393406530859570e+00 1.582738061072168190e+00 1.825939369845256843e+00 1.833727767516605045e+00 1.985915780259986274e+00 1.987668916858320589e+00 2.027206550558040998e+00 2.029975320191888422e+00 2.171094739192117373e+00 2.234952047298250477e+00 2.361718227202665776e+00 2.363894763727355741e+00 2.919958322488153346e+00 2.976086708590145236e+00 3.430486432961402876e+00 3.453910802902960153e+00 3.805071977025547891e+00
9.439962780340299675e-02 1.603953443728243500e-01 2.031411837292075584e-01 3.014903622985539711e-01 9.480924306022695536e-01 1.142587420079552496e+00 1.206172378875921991e+00 1.295330219904994085e+00 1.310975229105157513e+00 1.333257806939269985e+00 1.351616350995511251e+00 1.379857519452369674e+00 1.463211518338632278e+00 1.586761221987701864e+00 1.604913442670306889e+00 1.826018901104607961e+00 1.837733025578616841e+00 1.982999650229319455e+00 1.984502900229149436e+00 2.022348173252134007e+00 2.030110971750125337e+00 2.169668576620428002e+00 2.245359952147349514e+00 2.362486951016464776e+00 2.366424740961998285e+00 2.894714763458174023e+00 2.974307107265727002e+00 3.433169154095768061e+00 3.478345772496963750e+00 3.805921456580004136e+00
1.613278172144559652e-01 2.156473413525387128e-01 2.686839151524858527e-01 3.877808338403903599e-01 9.144684113134446957e-01 1.093427995159059529e+00 1.168304098422468407e+00 1.284438233770401894e+00 1.297127634062726464e+00 1.335631963096692854e+00 1.358295371756816250e+00 1.398839766245816074e+00 1.481481892812257950e+00 1.605911515668308809e+00 1.625975605109171829e+00 1.825991128599221414e+00 1.840484783919946521e+00 1.974144835834095835e+00 1.981128769129547162e+00 2.016911184714523575e+00 2.034797553783502799e+00 2.167432005349469559e+00 2.259154335003840330e+00 2.363568921601036266e+00 2.368878771625402280e+00 2.864419028139583379e+00 2.972039464546449405e+00 3.436451461680882780e+00 3.508346738722682101e+00 3.807017643811887009e+00
2.104108076280387651e-01 2.678378780879921983e-01 3.369884447063070110e-01 4.775370372521934859e-01 8.767953512117133696e-01 1.045272585663925113e+00 1.121830342657703206e+00 1.275544269748307924e+00 1.281220892278632340e+00 1.338247207072020606e+00 1.366300189238992102e+00 1.421790224717379703e+00 1.495328563580148318e+00 1.624360278770716537e+00 1.642848144936769117e+00 1.824141246223028867e+00 1.842794245993256697e+00 1.960563935877469355e+00 1.977355459269909854e+00 2.011700617634187616e+00 2.043412152595216913e+00 2.164247039101075742e+00 2.275393958579294829e+00 2.364927141413319056e+00 2.370833953442369690e+00 2.832810584318889546e+00 2.969475224978475936e+00 3.439887400108864846e+00 3.540952256318115055e+00 3.808281425079295346e+00
2.487691472880071974e-01 3.174010632883966232e-01 4.044646330235998621e-01 5.673921092172804492e-01 8.371060794388920367e-01 1.000679587190590247e+00 1.070380169973335960e+00 1.261748362516099453e+00 1.269350131073553323e+00 1.340326296909220227e+00 1.375210540225719758e+00 1.447064972366560065e+00 1.505295600864411609e+00 1.639600084524871049e+00 1.653815833954418668e+00 1.818483432149690993e+00 1.847705790865316278e+00 1.943939388642916821e+00 1.972711420241591851e+00 2.007507441130147896e+00 2.054058879018258121e+00 2.160206003495743765e+00 2.292799404216853354e+00 2.366480727208891022e+00 2.372200511408433243e+00 2.803334902859259792e+00 2.966823770175464503e+00 3.443127814497704442e+00 3.573271393000344354e+00 3.809624329273501253e+00
2.782736772082498033e-01 3.659170737086182568e-01 4.679953718354064041e-01 6.520790015033810505e-01 7.977157018172319480e-01 9.620925957773277526e-01 1.015780206567537425e+00 1.241744243085863397e+00 1.263208622458545927e+00 1.341826385843026159e+00 1.384634875429996859e+00 1.472726662100770634e+00 1.511202035614278794e+00 1.650620253084063238e+00 1.658330122245006422e+00 1.810915591407269654e+00 1.856095873378803773e+00 1.924903005449417170e+00 1.967042297075394020e+00 2.004782544369713371e+00 2.064925413758836203e+00 2.155656168559149322e+00 2.309919018660266499e+00 2.368095320583458729e+00 2.373117181014231747e+00 2.778562951983477358e+00 2.964295367271073456e+00 3.445925514648778609e+00 3.602776503351589721e+00 3.810951521027684308e+00
2.998390061876973767e-01 4.138175062833068241e-01 5.238220031282359024e-01 7.247580052479190016e-01 7.628411589139980631e-01 9.327771707891482356e-01 9.592517488039058460e-01 1.220807680117441008e+00 1.258612993619941944e+00 1.342855507020325190e+00 1.394192261918768772e+00 1.496895980233357237e+00 1.512542149565862193e+00 1.657059050478758788e+00 1.657581472020724256e+00 1.805801230013217573e+00 1.866588653974132095e+00 1.904124075032828989e+00 1.960446796820434434e+00 2.003512518631339390e+00 2.074513193451872350e+00 2.151133379075452101e+00 2.325294491232225980e+00 2.369572634105521658e+00 2.373769084758555969e+00 2.759827656949759511e+00 2.962087018666968330e+00 3.448135354118634144e+00 3.627470799842900995e+00 3.812162002368923108e+00
3.142834672916911543e-01 4.606077327833221768e-01 5.627190511886414059e-01 7.412651182571742270e-01 7.777680024650467372e-01 9.020603501362270960e-01 9.176865486656123894e-01 1.201034610760838284e+00 1.255412749725251631e+00 1.343506621452030814e+00 1.403287506808268859e+00 1.509437512729521647e+00 1.517805084575507335e+00 1.652190853020207850e+00 1.661009011209217734e+00 1.806635775684895862e+00 1.875021036954943154e+00 1.884942327621310643e+00 1.953511721293167858e+00 2.003285412403665866e+00 2.081803805230942661e+00 2.147259361589000548e+00 2.337582261500354086e+00 2.370674118376866701e+00 2.374264612659812368e+00 2.747260349473575669e+00 2.960370655127294803e+00 3.449700173179564899e+00 3.645942040514081661e+00 3.813147765230640474e+00
3.224486160718199046e-01 5.048903108103809378e-01 5.689363103779253583e-01 7.504816306925531366e-01 8.029229088582235940e-01 8.467115820420603178e-01 9.184931091759835908e-01 1.185846601567775993e+00 1.253544814651903483e+00 1.343854475436609741e+00 1.410519398963797855e+00 1.504786319884659385e+00 1.532422842801582918e+00 1.646665842760212772e+00 1.662243112605861217e+00 1.813714979996443155e+00 1.860719743716438224e+00 1.887969705322757763e+00 1.947611031393391423e+00 2.003502073825779384e+00 2.086284676830149287e+00 2.144630984773412408e+00 2.345615188616226643e+00 2.371248970571260273e+00 2.374605867572954221e+00 2.740232434045795085e+00 2.959281933758245220e+00 3.450622180402314942e+00 3.657317325683933085e+00 3.813799472261009793e+00
3.250684800364509464e-01 5.395781856432553258e-01 5.484408518986992886e-01 7.775094987440116512e-01 8.036426238551871437e-01 8.118871471354511815e-01 9.223694039820630186e-01 1.179922279908413696e+00 1.252934063157621347e+00 1.343961542546790122e+00 1.413435763953515334e+00 1.502433797795666548e+00 1.537888228233375898e+00 1.644191143334749361e+00 1.662472939311218312e+00 1.820001465400751695e+00 1.850331496358118333e+00 1.891271735423930345e+00 1.945120065403129095e+00 2.003642891261438574e+00 2.087787428833314696e+00 2.143697781825104176e+00 2.348437901400148409e+00 2.371394072960378185e+00 2.374731255671411745e+00 2.737996443263175816e+00 2.958908817966785954e+00 3.450925357681050798e+00 3.661152796476212945e+00 3.814028430573210393e+00
3.306782358404031230e-01 5.399900880760081234e-01 5.513682520849710889e-01 7.756008320341928330e-01 7.894790699132685496e-01 8.098292510808859923e-01 9.368288337472092664e-01 1.178703209353801240e+00 1.241067119689014842e+00 1.346601165604115913e+00 1.420871371672415284e+00 1.499859594154179687e+00 1.536638420825903850e+00 1.642313699344352784e+00 1.665989336886282812e+00 1.821749067470164185e+00 1.850772865197613415e+00 1.891786538934288942e+00 1.944311278320642877e+00 2.005589994413434329e+00 2.085628966740113110e+00 2.142885723077334603e+00 2.350086375567808972e+00 2.372536423773334402e+00 2.374650945440672345e+00 2.734375004506210516e+00 2.958727760020313902e+00 3.456718482096775347e+00 3.657598721916340168e+00 3.814162260453754616e+00
3.485337338144726127e-01 5.432792017157609399e-01 5.566943185273148798e-01 7.576828980011773851e-01 7.708537146188028100e-01 8.068505252203704847e-01 9.672612050741713485e-01 1.175125296354233795e+00 1.212320269864170630e+00 1.354466741571335175e+00 1.436736598583830515e+00 1.492670730051615768e+00 1.534975146366484688e+00 1.636670973579447130e+00 1.675049634291218226e+00 1.825182884063843103e+00 1.850695331766315954e+00 1.894429570806197560e+00 1.942525425946936668e+00 2.010987002677486757e+00 2.079880393046476872e+00 2.140183567180098390e+00 2.354691490587972780e+00 2.374427180075435295e+00 2.375320846589870971e+00 2.724854467914188838e+00 2.958249931649806985e+00 3.472855355484673279e+00 3.647462204254165119e+00 3.814470608419944231e+00
3.807491023587279977e-01 5.495374196054869653e-01 5.607597531537049651e-01 7.251025287824592880e-01 7.632382587285373443e-01 8.029851551543701893e-01 1.000885113459627496e+00 1.168843654216614070e+00 1.178260236156601470e+00 1.367356110676012149e+00 1.450757520840209480e+00 1.482053074630426570e+00 1.537734868744692118e+00 1.627464312439912186e+00 1.686365569333603709e+00 1.827038729941390605e+00 1.846672640054101810e+00 1.901007435088273745e+00 1.941229877231740897e+00 2.018828821363947590e+00 2.072173386816662966e+00 2.135292798709531592e+00 2.361102191942357376e+00 2.374280121257341669e+00 2.378241975419309373e+00 2.712918924290865785e+00 2.957646431430029033e+00 3.496107928308942903e+00 3.632103847206073155e+00 3.814770473718449573e+00
4.271577566832414630e-01 5.544686503265453537e-01 5.618137765197137590e-01 6.989244329137015432e-01 7.564866364702906854e-01 7.968159384971591486e-01 1.032242358986688924e+00 1.145660691708926038e+00 1.162247400302970135e+00 1.384370727102857357e+00 1.456958984507003674e+00 1.469239232061309242e+00 1.548723293952391611e+00 1.615271286666289496e+00 1.696920697255290600e+00 1.825674318115465100e+00 1.837089591129672961e+00 1.911000069984625016e+00 1.940679966803355860e+00 2.028181615791281533e+00 2.064014134190113925e+00 2.128797505473311258e+00 2.367519731133752359e+00 2.374284340482244904e+00 2.380113458007772298e+00 2.702790970671253845e+00 2.957127331517083846e+00 3.522442896297392601e+00 3.613228517538145557e+00 3.814946884921680770e+00
4.821937207744846354e-01 5.511676803183847007e-01 5.561048949103623018e-01 6.851254628723129070e-01 7.567550492753278846e-01 7.854791637248291769e-01 1.054957624651879478e+00 1.128993776774785074e+00 1.151347422208482740e+00 1.402702025022313448e+00 1.454478841030086400e+00 1.458256926767689476e+00 1.566099463508594969e+00 1.600839238379591967e+00 1.704628782155724442e+00 1.821353082256476741e+00 1.825061654515598208e+00 1.921983486887349990e+00 1.938519408256264676e+00 2.038296271453555075e+00 2.056049281027999331e+00 2.122642230844187239e+00 2.372321427401521188e+00 2.374456517954457446e+00 2.380011857472372316e+00 2.697806063867662640e+00 2.956865540833641059e+00 3.548198515801633590e+00 3.592408041582680234e+00 3.814995452959646816e+00
5.361893621520731346e-01 5.373070712384663272e-01 5.376480561310992279e-01 6.838764395575446242e-01 7.689433582341987927e-01 7.692747825293725361e-01 1.062461765942609437e+00 1.136945762007892213e+00 1.137208552841874498e+00 1.412538755504587407e+00 1.452766025634656177e+00 1.452929927940132426e+00 1.584578549943042480e+00 1.584720224161882962e+00 1.707488880534873799e+00 1.816178502598827516e+00 1.816542902811442595e+00 1.931851333637687240e+00 1.931981276690720728e+00 2.047847297990379900e+00 2.048401901167433703e+00 2.119542566010630846e+00 2.374534782163776114e+00 2.374567178945484081e+00 2.377458094358746443e+00 2.699339180056830489e+00 2.956957824077132369e+00 3.570652335586983916e+00 3.570870503667127327e+00 3.814953553781334605e+00
5.045117389058615398e-01 5.139186858883683096e-01 5.816185397203916807e-01 6.786830040635998262e-01 7.591708928021980718e-01 7.859456850407356976e-01 1.063321763314876600e+00 1.120379343276470152e+00 1.156629289571418751e+00 1.405639542650589657e+00 1.445442621460064636e+00 1.468017534901361332e+00 1.567919287523412031e+00 1.598234067124777891e+00 1.705548366866516563e+00 1.814095344455546766e+00 1.822447501592192376e+00 1.922257341287529009e+00 1.940168168000542481e+00 2.040266970864047735e+00 2.055041675764505804e+00 2.121004113758122589e+00 2.371651426580517530e+00 2.374486986168715674e+00 2.378333564032817371e+00 2.701463604034275434e+00 2.957126316555061418e+00 3.551004396540307528e+00 3.588039819172202272e+00 3.814906532958927343e+00
4.641854234829156933e-01 4.836182094065993309e-01 6.239596047452854455e-01 6.540739129231165627e-01 7.691242247227970674e-01 7.979383142647674676e-01 1.070302400185165537e+00 1.104692121460306264e+00 1.178678613343697723e+00 1.393506556323622414e+00 1.437055821045258863e+00 1.491995514298373626e+00 1.549310718508405404e+00 1.605138328343299170e+00 1.702182009260176931e+00 1.812024488564356606e+00 1.835076363093901319e+00 1.910321003391071359e+00 1.948103841021558535e+00 2.032363258967068820e+00 2.059981484198966761e+00 2.125103186715498804e+00 2.364958126505461777e+00 2.374026162759056202e+00 2.378926355003573967e+00 2.708221881916832441e+00 2.957699782384510367e+00 3.531453228888076890e+00 3.599612837345681715e+00 3.814683798948866666e+00
4.193065694196356219e-01 4.482049926411364460e-01 6.128337338117229027e-01 6.650710409504497767e-01 7.857799413118949916e-01 8.056676748754318940e-01 1.085154925611961030e+00 1.095284350322365707e+00 1.200096877135231832e+00 1.381765940104975998e+00 1.428266232211888642e+00 1.518190888016511142e+00 1.529175773708457253e+00 1.603195811003606863e+00 1.700416327678756057e+00 1.810411374206343682e+00 1.852352047870411855e+00 1.896729898899857325e+00 1.955601457354692929e+00 2.025128882108473416e+00 2.062307670810345162e+00 2.131046260523961511e+00 2.354816316380031527e+00 2.373241812391527095e+00 2.378662115953936063e+00 2.719912767012386823e+00 2.958747553762544058e+00 3.512703274562907652e+00 3.604380318244932546e+00 3.814204897012825946e+00
3.716884919810479748e-01 4.094430985831072345e-01 5.634345037830994496e-01 6.998740251267285828e-01 7.721558610193108851e-01 8.379668878798159914e-01 1.096540661449265430e+00 1.106603603515557976e+00 1.220029713097861013e+00 1.371770933418996030e+00 1.419402051711326385e+00 1.506311166016445879e+00 1.544725351838859728e+00 1.593344037636626798e+00 1.699717431834799841e+00 1.809808767210255853e+00 1.871916089593056443e+00 1.882914487107533619e+00 1.962520261970014834e+00 2.018994715727187916e+00 2.061905100728647966e+00 2.137994377084939224e+00 2.341340588519781107e+00 2.372156964614882124e+00 2.377689715379458502e+00 2.736545078461793956e+00 2.960291482767413829e+00 3.495331311547877462e+00 3.601749000107528076e+00 3.813416210028552022e+00
3.224679650127334485e-01 3.684888116689085669e-01 5.086815113147379330e-01 6.970100947664387148e-01 7.714889564424599611e-01 8.810711506905249957e-01 1.108374109602791480e+00 1.132799843468845546e+00 1.238313055664643558e+00 1.363624102476884037e+00 1.410688767859427095e+00 1.482492822295400137e+00 1.567265477756498493e+00 1.578329748379216468e+00 1.697205893409378552e+00 1.810544043149534321e+00 1.867273220085997609e+00 1.895121061800391082e+00 1.968687232418874666e+00 2.014356036095358071e+00 2.058918150518961543e+00 2.145236058851328398e+00 2.325071813527116671e+00 2.370816178931763218e+00 2.376162941325976163e+00 2.757850714173453177e+00 2.962295852159139375e+00 3.479762474728549382e+00 3.591757092046788280e+00 3.812324565606644011e+00
2.720913114435959401e-01 3.260841691766883654e-01 4.503468696742716770e-01 6.433535114964229473e-01 8.046888916671123271e-01 9.296291026120727663e-01 1.127522278124905242e+00 1.162071656316446377e+00 1.255015133655877246e+00 1.356950280188067293e+00 1.402254230091162901e+00 1.457472045035540509e+00 1.559743205686853873e+00 1.584626065167318743e+00 1.690159959372858456e+00 1.812599536234110742e+00 1.854878397626499309e+00 1.917014587621205690e+00 1.973929969561651676e+00 2.011613167832291715e+00 2.053771401478469816e+00 2.152199621713213329e+00 2.306969185075609552e+00 2.369283557103381455e+00 2.374215578814221850e+00 2.783247146060989330e+00 2.964666340571124881e+00 3.466259809382619128e+00 3.575065715767499874e+00 3.811004971060531155e+00
2.201985768353522666e-01 2.826318064094939242e-01 3.895930385497557991e-01 5.718492142723033966e-01 8.434056558404013915e-01 9.818491344646195218e-01 1.150642146598439997e+00 1.193004115420618794e+00 1.270288043632200603e+00 1.351265291788519951e+00 1.394106403377271874e+00 1.431970688112973678e+00 1.539322563022746726e+00 1.594434305891767156e+00 1.676952525663040872e+00 1.815515026268342158e+00 1.845328243488171038e+00 1.937998920414089943e+00 1.978122573148550556e+00 2.011144749457026482e+00 2.047190311765494819e+00 2.158425192578578233e+00 2.288303307069041725e+00 2.367639344363492881e+00 2.371974727533834315e+00 2.811769569937922153e+00 2.967258674154384046e+00 3.454931431248494444e+00 3.552935775236199856e+00 3.809576216985882446e+00
1.653061339852215372e-01 2.382215556782856236e-01 3.273976088514722327e-01 4.915026483612211505e-01 8.817693797768622055e-01 1.036134356711734039e+00 1.175191911166687087e+00 1.224361110410302933e+00 1.284314542714747764e+00 1.346217861763687962e+00 1.386129988264281465e+00 1.407010220460691796e+00 1.517135065133018434e+00 1.596462891509667692e+00 1.657450862964672478e+00 1.818435295116124895e+00 1.839219745743439161e+00 1.956675997887805663e+00 1.981279192413238688e+00 2.013101230260442520e+00 2.040224209702195424e+00 2.163560741688513200e+00 2.270481538658820408e+00 2.365976571812952844e+00 2.369571284574624404e+00 2.842012028601702767e+00 2.969894917524161571e+00 3.445755672534256409e+00 3.527180435878473741e+00 3.808165285322390847e+00
1.029276434173882759e-01 1.926990079990339999e-01 2.646556852795589609e-01 4.061349436179172989e-01 9.178841776043262790e-01 1.090717184076697377e+00 1.198910472579747255e+00 1.254965096604611974e+00 1.297295772139509973e+00 1.341732541925080513e+00 1.378078327647599632e+00 1.384132479409072580e+00 1.493230798945057280e+00 1.591452225836870404e+00 1.633125278922116896e+00 1.820663094597632536e+00 1.835869441056857898e+00 1.971676575710370471e+00 1.983611810935363096e+00 2.017115871784605385e+00 2.034268736663870314e+00 2.167396829657068924e+00 2.254813801731472722e+00 2.364398390143523265e+00 2.367152474953428509e+00 2.872108600594267092e+00 2.972383706248719282e+00 3.438622606861556186e+00 3.500085704359158889e+00 3.806882290523285306e+00
-3.757210761083186468e-02 1.458411804177270343e-01 2.021311760660310930e-01 3.183251998663788052e-01 9.500636753329241291e-01 1.143352534699319634e+00 1.219112579363933246e+00 1.283555473556314830e+00 1.309464781628816521e+00 1.338155585122212443e+00 1.364903533509931766e+00 1.370194875156076408e+00 1.467576762810024915e+00 1.581407860677150223e+00 1.606760007958441205e+00 1.822277442364227840e+00 1.833771682982292539e+00 1.981665911082435727e+00 1.985381481561195871e+00 2.022258048359596661e+00 2.030876478030652077e+00 2.169922343376220031e+00 2.242268539049453224e+00 2.363015109419744686e+00 2.364897255023711065e+00 2.899769159031753141e+00 2.974540555453853319e+00 3.433390690973106452e+00 3.474297130873131412e+00 3.805811094595916266e+00
-8.959659680940453008e-02 9.760130520074276894e-02 1.405521522082719410e-01 2.298431609032296208e-01 9.762063576883471816e-01 1.190609775176793894e+00 1.232773516129826552e+00 1.308616730062444278e+00 1.321127147059004026e+00 1.336466340733524882e+00 1.351851527778882067e+00 1.361600125080593582e+00 1.440707968344444811e+00 1.569469014173862087e+00 1.582211167205298752e+00 1.823759221056571178e+00 1.831748729842737289e+00 1.986334989925216732e+00 1.986715082536015142e+00 2.027265358300645026e+00 2.030639038930794005e+00 2.171345282216854855e+00 2.233326531368126755e+00 2.361939453135917688e+00 2.363019550089435761e+00 2.922396961031759943e+00 2.976205328848046339e+00 3.429971572406564473e+00 3.452627455305395276e+00 3.805009960254805534e+00
-9.007250872323695201e-02 4.837814181081159098e-02 8.233786975421744647e-02 1.403061546333105869e-01 9.936799483265211785e-01 1.226265474673167821e+00 1.238860547774355503e+00 1.328226905156701276e+00 1.332511066987838610e+00 1.337427920049602426e+00 1.344485793695941567e+00 1.352453816693657274e+00 1.415710131972601094e+00 1.559725896941053458e+00 1.564156306721123268e+00 1.825402128224168807e+00 1.829548785063698668e+00 1.987528601530699213e+00 1.987583706621272484e+00 2.030857288598496790e+00 2.031999256529078757e+00 2.172003998420818593e+00 2.228045637857607453e+00 2.361283236470097080e+00 2.361734100060211006e+00 2.937376406131863682e+00 2.977255362897446744e+00 3.428535754932670265e+00 3.437588075631158535e+00 3.804515893736068133e+00
-2.955725718369381073e-05 -8.581932214336118042e-06 -1.890333386713188190e-08 5.296915621400286045e-02 9.998910296741401194e-01 1.240141497422822203e+00 1.240283722743683592e+00 1.338922735258097019e+00 1.339140234048319167e+00 1.341264114076675007e+00 1.341389646144464765e+00 1.342901383231739132e+00 1.403449308932088746e+00 1.556557781742636815e+00 1.556777467135203263e+00 1.827033717049825645e+00 1.827675056605356563e+00 1.987676874486112633e+00 1.987832638752085268e+00 2.032115511357194926e+00 2.032784670772770586e+00 2.172187716713190220e+00 2.226307282041959823e+00 2.361169102140924458e+00 2.361169255200757711e+00 2.942638619301249925e+00 2.977614039428718051e+00 3.430069952739679628e+00 3.430290417243266443e+00 3.804349079014351265e+00
3.992238797386714333e-02 4.821743320379103664e-02 5.913898030939793160e-02 1.170515112030254823e-01 1.000543171732413583e+00 1.237646320854300042e+00 1.237782867171963952e+00 1.318044595150529075e+00 1.318212183061717724e+00 1.342993902448699206e+00 1.361468778924106671e+00 1.361667288946064369e+00 1.402984304530041193e+00 1.557755218402953501e+00 1.558014180591117848e+00 1.827133330099166564e+00 1.827786045321920350e+00 1.989677672476160453e+00 1.989842474737604006e+00 2.029978815018881999e+00 2.030629722483574540e+00 2.154750338269873389e+00 2.240605572952225177e+00 2.363299237101735173e+00 2.363314008166763180e+00 2.909100985882320689e+00 3.017010427136849859e+00 3.428088508216211139e+00 3.428314088827079331e+00 3.803118075916557927e+00
8.119298983119507818e-02 8.430864733797283073e-02 9.172514362656859765e-02 2.295903534078239938e-01 1.002590668366539761e+00 1.228324054148316913e+00 1.228463014452349622e+00 1.299300366686839459e+00 1.299467880264402631e+00 1.343337174985763438e+00 1.380255782570821266e+00 1.380548701560516900e+00 1.401609681193895840e+00 1.561322896996593101e+00 1.561651678909996788e+00 1.827226299089821593e+00 1.827905038596679077e+00 1.995075858996905982e+00 1.995281837693825056e+00 2.024363076089041424e+00 2.024952008465225717e+00 2.121233030324729096e+00 2.264737359494223501e+00 2.369451613892789243e+00 2.369488994723274899e+00 2.868084692498312549e+00 3.075215082514112908e+00 3.422266383878748375e+00 3.422503105084089281e+00 3.799423557847966482e+00
1.071816702360142565e-01 1.279287302214292543e-01 1.340521374070493543e-01 3.383135666004251085e-01 1.006301731883153749e+00 1.209217091108494291e+00 1.209403963507521329e+00 1.288024341288149133e+00 1.288224390250673590e+00 1.343961414937951071e+00 1.396051298577308808e+00 1.396424556083734725e+00 1.399386676835554066e+00 1.567156828009930614e+00 1.567536090428219175e+00 1.826653757879650897e+00 1.827355369152971587e+00 2.000501452826499715e+00 2.000848724398763157e+00 2.019187748527709658e+00 2.019602562314429139e+00 2.082420239195057921e+00 2.288030705181167246e+00 2.378969819977518885e+00 2.379036396522978158e+00 2.831482880327487628e+00 3.139239966754646005e+00 3.412966915614032093e+00 3.413212659634036861e+00 3.793251605377614410e+00
1.339149437131445797e-01 1.702367890763043234e-01 1.747998036004916322e-01 4.404587788579773511e-01 1.012108565870463606e+00 1.181980747950048372e+00 1.182189564960290262e+00 1.283603423949894795e+00 1.283822982182047934e+00 1.344924317121949375e+00 1.396415827943824572e+00 1.409097046059242464e+00 1.409482917267229185e+00 1.575109705722763431e+00 1.575513010451883744e+00 1.824259815643783478e+00 1.824967952038499597e+00 1.997055673247871921e+00 1.997507197510954402e+00 2.024219451611467324e+00 2.024382134874528560e+00 2.040513097197483194e+00 2.308543768460214807e+00 2.390978137458446451e+00 2.391076060962959104e+00 2.799737988219422213e+00 3.207013642621904470e+00 3.400787178098894081e+00 3.401034903437699874e+00 3.784550115298224604e+00
1.597059510364907120e-01 2.105128248037886340e-01 2.134493828946071037e-01 5.336183050203550104e-01 1.020578747377432371e+00 1.150911000764096581e+00 1.151093207471905133e+00 1.282676336473340672e+00 1.282891370952282006e+00 1.346274064170554396e+00 1.392836630972032363e+00 1.419928196192874692e+00 1.420247413966654548e+00 1.585085582770368928e+00 1.585502476727611132e+00 1.818554014937157293e+00 1.819253592176796275e+00 1.988881861203190216e+00 1.989277016657502006e+00 1.996590429364733632e+00 2.036124984366192603e+00 2.036213067702752344e+00 2.325746117307669447e+00 2.404528538628984080e+00 2.404656456447932467e+00 2.772896053499378954e+00 3.276528452502691202e+00 3.386547530344056423e+00 3.386791619255147268e+00 3.773193188872352444e+00
1.834347105572890768e-01 2.478734336516438541e-01 2.493253527154438154e-01 6.153305069026522300e-01 1.032314007364644848e+00 1.119235393832184178e+00 1.119359102444622778e+00 1.283033978354969795e+00 1.283246503964646346e+00 1.348031978036705381e+00 1.388820969804210659e+00 1.429040699105697199e+00 1.429244122584789389e+00 1.597095115171714985e+00 1.597536532476510729e+00 1.808268817052199884e+00 1.808954918915703702e+00 1.951852860526490430e+00 1.982131792562888295e+00 1.982448960123422754e+00 2.049222556639820780e+00 2.049295455404733790e+00 2.339498178708436793e+00 2.418652853964786242e+00 2.418807322508589763e+00 2.750987039549340540e+00 3.345624339540640868e+00 3.371273314155993628e+00 3.371517249389482274e+00 3.758944879927488270e+00
2.041987951238646570e-01 2.812433129139387256e-01 2.815348353971580120e-01 6.831934610238219463e-01 1.047618461765934095e+00 1.089258351219638765e+00 1.089326072151669322e+00 1.283651440541659472e+00 1.283871634036656939e+00 1.350179148572363319e+00 1.384570167406770524e+00 1.436695288814070715e+00 1.436796918600765194e+00 1.611209685461098218e+00 1.611697554589760495e+00 1.793098305287856631e+00 1.793770416312902682e+00 1.908061229858392105e+00 1.978252061453741772e+00 1.978503698156593327e+00 2.061611534901909071e+00 2.061684890885751464e+00 2.349897294174950524e+00 2.432351358795463270e+00 2.432527666485387652e+00 2.733946555356971508e+00 3.356158756258137199e+00 3.356394190555827439e+00 3.412214064554745629e+00 3.741433264288626770e+00
2.212266207036714116e-01 3.089290882227576085e-01 3.093498965326179628e-01 7.353795012243425910e-01 1.062964898102095823e+00 1.063046637589029064e+00 1.065757996767012328e+00 1.284128459917785570e+00 1.284359531163116630e+00 1.352639272291775496e+00 1.380318388759199211e+00 1.442887599326671655e+00 1.442979379667674644e+00 1.627391334269005840e+00 1.627943534811616688e+00 1.773974287749982892e+00 1.774627070158830255e+00 1.867785399589946049e+00 1.976908355281486562e+00 1.977114061415768287e+00 2.072199221494690491e+00 2.072279512587848149e+00 2.357245113587693286e+00 2.444581419052237248e+00 2.444774177418499228e+00 2.721512762564672894e+00 3.342500478495537664e+00 3.342741362487132051e+00 3.474440901526972159e+00 3.720149390999599959e+00
2.338780639122257088e-01 3.301420629047548960e-01 3.307855841618040360e-01 7.713619395597750561e-01 1.042310799489061468e+00 1.042419611483952346e+00 1.084084466869904340e+00 1.284383344086499568e+00 1.284623170443201845e+00 1.355231458939320843e+00 1.376369529639817513e+00 1.447511466085267040e+00 1.447615387512358520e+00 1.645140014334159240e+00 1.645766816728386539e+00 1.752818411508479945e+00 1.753437849747008226e+00 1.834483312644698438e+00 1.977042245045606217e+00 1.977219673316639170e+00 2.080239646392596953e+00 2.080327819500525255e+00 2.361986508614651648e+00 2.454298889880667911e+00 2.454502730551554546e+00 2.713224224298534715e+00 3.331582515948134038e+00 3.331827541693243688e+00 3.530891810628899119e+00 3.694502907431192362e+00
2.416698882516116476e-01 3.437555974393973202e-01 3.442006560064309606e-01 7.920250052601183199e-01 1.029069332702349016e+00 1.029166634560507276e+00 1.098129309967564637e+00 1.284477300442003367e+00 1.284722544045435511e+00 1.357519343521009780e+00 1.373241225093093876e+00 1.450404091528770367e+00 1.450479802446841049e+00 1.662436378231853418e+00 1.663148409594349175e+00 1.732933926924358436e+00 1.733493762962782014e+00 1.812144916690590524e+00 1.977594627061262100e+00 1.977755908862633083e+00 2.085245354372820881e+00 2.085338300102073106e+00 2.364591734351791263e+00 2.460571963999917955e+00 2.460782060298595475e+00 2.708542013221901801e+00 3.324518020440412336e+00 3.324764505146248439e+00 3.580395760048123766e+00 3.664124499891879161e+00
2.443012027239926109e-01 3.486100858785875500e-01 3.486258782887984853e-01 7.987099375607330520e-01 1.024505043369412061e+00 1.024581635353467135e+00 1.103439124474304478e+00 1.284496262969776481e+00 1.284743353005785460e+00 1.358541610170761471e+00 1.371935222171681845e+00 1.451399628113666074e+00 1.451439582470356093e+00 1.671505821283920667e+00 1.672282316457681883e+00 1.722912358882709993e+00 1.723413201611808443e+00 1.804228167315166775e+00 1.977859470984232537e+00 1.978015129410797490e+00 2.086943143646973198e+00 2.087037439205148726e+00 2.365416198406352866e+00 2.462742629964418839e+00 2.462954733935109441e+00 2.707035825516157068e+00 3.322072009305567786e+00 3.322318560520971964e+00 3.614258382407800507e+00 3.636746085333476319e+00
2.492702660632794831e-01 3.408142151976529810e-01 3.672019689968475942e-01 7.891412214274808878e-01 1.023143497627259979e+00 1.027006138557475801e+00 1.107878105791615164e+00 1.264483936857568658e+00 1.280142501774569119e+00 1.354345782309421597e+00 1.388010131435484018e+00 1.449764340675312013e+00 1.452042364249429784e+00 1.672618401631958518e+00 1.677807572943840864e+00 1.723432591242265444e+00 1.724569609092146072e+00 1.808132675324177541e+00 1.977576122659858493e+00 1.979795771895662249e+00 2.085819379064056456e+00 2.086577305879301125e+00 2.364991640936283890e+00 2.462498322783421845e+00 2.463652534886917156e+00 2.705151342361794775e+00 3.320522842854358725e+00 3.326491055223929738e+00 3.613404354665370466e+00 3.636615635430659577e+00
2.633872638637870245e-01 3.464390943675246248e-01 3.941537402902369758e-01 7.631050404457105918e-01 1.018974113294848882e+00 1.032363683520703512e+00 1.120638354163133954e+00 1.224492112462566951e+00 1.266763420482575730e+00 1.344018748693524667e+00 1.412664493777851193e+00 1.448658710455468457e+00 1.452886238064883706e+00 1.677523598472397071e+00 1.690677655352684772e+00 1.725168107080665036e+00 1.728558701613358783e+00 1.819459914340174400e+00 1.976540526355200278e+00 1.984891273273258872e+00 2.082181891466936996e+00 2.085441120678408922e+00 2.363760905324284955e+00 2.461733944288921450e+00 2.465700148962761684e+00 2.699563236528649934e+00 3.321075082255904309e+00 3.333663096738057163e+00 3.611028164655643469e+00 3.636196852564734350e+00
2.842026441526043223e-01 3.665875404136901272e-01 4.284772781716338907e-01 7.259772427612863899e-01 1.012083346875843670e+00 1.037637826470321212e+00 1.139376188804481549e+00 1.180539726638190068e+00 1.244485032984759210e+00 1.331850631849721633e+00 1.417046265315554443e+00 1.453013681228580989e+00 1.462937848239171501e+00 1.684335101755083164e+00 1.706801068035464164e+00 1.729487927767983324e+00 1.736499938049317127e+00 1.837048643964706907e+00 1.974867273044286886e+00 1.992115509722040656e+00 2.076087734081238700e+00 2.083533035458441152e+00 2.361843665869073572e+00 2.460454888213845948e+00 2.468877208979585181e+00 2.690526395237166746e+00 3.323255059973867276e+00 3.343873657376469133e+00 3.607581849072694524e+00 3.635448003388222382e+00
3.077239826886670193e-01 3.997797642173732124e-01 4.705115184797856176e-01 6.827309899674122162e-01 1.002266108502363862e+00 1.041775685361235659e+00 1.137030894959468963e+00 1.160095631294835838e+00 1.215831742017630335e+00 1.320754520591961745e+00 1.404633172683426912e+00 1.452237584402435333e+00 1.486519892413706190e+00 1.690784926875975147e+00 1.720593123350402154e+00 1.737808148890385151e+00 1.750831462352122614e+00 1.858981975756057725e+00 1.972637075874939194e+00 2.000202849906183467e+00 2.067525526976152772e+00 2.080872933329088514e+00 2.359414046847845281e+00 2.458674680267244117e+00 2.472860974172481185e+00 2.678612316910851554e+00 3.326372948355354353e+00 3.357119727062406689e+00 3.603551253498605167e+00 3.634371671138200810e+00
3.299792500092937342e-01 4.415131635094023399e-01 5.208400095684765363e-01 6.378321885761538690e-01 9.887954177538678113e-01 1.044788370905325614e+00 1.098137563731381272e+00 1.162701173199332638e+00 1.198403077148433304e+00 1.312116767115101057e+00 1.386665315021117451e+00 1.450330127133003799e+00 1.508875749952914180e+00 1.695397531128964186e+00 1.731391309131562917e+00 1.749378253062237931e+00 1.770905535436248401e+00 1.882720338924709136e+00 1.969954518876195770e+00 2.008293182722606041e+00 2.056548967754150414e+00 2.077531454073483719e+00 2.356676375868874018e+00 2.456438835366749007e+00 2.477257692580700610e+00 2.664789544390967713e+00 3.329809542411143575e+00 3.373164058666758169e+00 3.599219884708010575e+00 3.633031459588702106e+00
3.483828292153802186e-01 4.838871651547541064e-01 5.784008827667275199e-01 5.979914946048574542e-01 9.705919789894726923e-01 1.046577336208481590e+00 1.065440171950606585e+00 1.127898981003037093e+00 1.211404760784364765e+00 1.307141592992338675e+00 1.365968472501547737e+00 1.447349120162622071e+00 1.528500095555925364e+00 1.698330865157294811e+00 1.741727481984779446e+00 1.762788407652106759e+00 1.792630618866394521e+00 1.905422029724279875e+00 1.966945801755720868e+00 2.016244840089105761e+00 2.043366624790910357e+00 2.073617050211606916e+00 2.353846806069096687e+00 2.453842042806045232e+00 2.481641981908153660e+00 2.650356108756153350e+00 3.333123040439602836e+00 3.391570430631855704e+00 3.594501114698605448e+00 3.631546202137459822e+00
3.609532162593491744e-01 5.061707204662253545e-01 5.837286338059390900e-01 6.406642885057513004e-01 9.476126554043087236e-01 1.038845323884846739e+00 1.047150175808406747e+00 1.085460198091506845e+00 1.224914327851928553e+00 1.307271504651030813e+00 1.344052780582610351e+00 1.443385442681760944e+00 1.545294751988923965e+00 1.700525721276657798e+00 1.752221050435189831e+00 1.776824656035116190e+00 1.813435750375911759e+00 1.924501099953974448e+00 1.963759533826567649e+00 2.023898861881578526e+00 2.029042885011092867e+00 2.069267278711736768e+00 2.351138700433729412e+00 2.451037289414047748e+00 2.485607920462991061e+00 2.636706540928706932e+00 3.336055610859653076e+00 3.411810531539303248e+00 3.588906158095984456e+00 3.630078866268484195e+00
3.651537783577216145e-01 4.917126367440066703e-01 6.160188347692826527e-01 7.019669662714624891e-01 9.223173512279847497e-01 1.019264294425537010e+00 1.027125734425429426e+00 1.058223105373677253e+00 1.232873550147433717e+00 1.312939514402129415e+00 1.322357938112428188e+00 1.438610148487845963e+00 1.559141666688315109e+00 1.702813970995702197e+00 1.762569262678852278e+00 1.790365990335915258e+00 1.831952500678460272e+00 1.938466689215087913e+00 1.960575672494290878e+00 2.011812005869876074e+00 2.034106166644448876e+00 2.064688346217506520e+00 2.348743864041346274e+00 2.448232579981679091e+00 2.488840330898066444e+00 2.625017086627495555e+00 3.338485737780501950e+00 3.433324379735919418e+00 3.581696432277627906e+00 3.628802209658675171e+00
3.590842333569550515e-01 4.750864230345903660e-01 6.636932236378040306e-01 7.578455309734239975e-01 8.987271296089288652e-01 9.797112436445072348e-01 1.002919909402227860e+00 1.055662146722352590e+00 1.236070857014535340e+00 1.302303080128278445e+00 1.322288354850129632e+00 1.433360379968663167e+00 1.569807184278722234e+00 1.705591522610210298e+00 1.772120529576719949e+00 1.802477054087860076e+00 1.847262433936542880e+00 1.947498448522773318e+00 1.957625110454412232e+00 1.995884252802261116e+00 2.043197719190197770e+00 2.060236397443798051e+00 2.346808367082280355e+00 2.445673190707743139e+00 2.491187848603910293e+00 2.615993977786880809e+00 3.340371781283368868e+00 3.455478677345349414e+00 3.572188688374223098e+00 3.627835186425577341e+00
3.461647376952061150e-01 4.672648957728794405e-01 7.147263908549913447e-01 8.029195889687683607e-01 8.813307613241465610e-01 9.282583676945419526e-01 9.879463166987142442e-01 1.055746287241529746e+00 1.236818144458200930e+00 1.285856320364459515e+00 1.331897147140489013e+00 1.428264479119876418e+00 1.577169413839491607e+00 1.708625868068401443e+00 1.780005310826951792e+00 1.812297197400914106e+00 1.858688680884279520e+00 1.952765235766117380e+00 1.955265092577972874e+00 1.981812536322970386e+00 2.050799263630764813e+00 2.056583175127022489e+00 2.345414749979421121e+00 2.443611722608713066e+00 2.492683945656260391e+00 2.609815066509005632e+00 3.341709278600017097e+00 3.477410111796700676e+00 3.560123015909228972e+00 3.627202155104398251e+00
3.343444023843100132e-01 4.649334590518311439e-01 7.667743160027845617e-01 8.288384536738938602e-01 8.731604464125233278e-01 8.789895147173888423e-01 9.752493218782282147e-01 1.056027192215179156e+00 1.236768062205219065e+00 1.274852625755657831e+00 1.339059645149815125e+00 1.424347527282647574e+00 1.581380263557700783e+00 1.711094580832780432e+00 1.785271691944799510e+00 1.818873318842988418e+00 1.865753226010016474e+00 1.953319584161955502e+00 1.955852659638694924e+00 1.971934979613778616e+00 2.052901408111044823e+00 2.056984542675209582e+00 2.344585860789103915e+00 2.442270965482002065e+00 2.493479176306849343e+00 2.606293949992751102e+00 3.342506164833341842e+00 3.497438155699692519e+00 3.546351341892330478e+00 3.626859041002652440e+00
3.297257738642194735e-01 4.645332995486624039e-01 8.146307300644011207e-01 8.206014824521166151e-01 8.418160990402546728e-01 8.791295773642308076e-01 9.695208243926070057e-01 1.056149386527719836e+00 1.236683234922067998e+00 1.270957086967809513e+00 1.341725960157356345e+00 1.422836978018043430e+00 1.582735006270331812e+00 1.712055503217498886e+00 1.787131659134448380e+00 1.821221557838923921e+00 1.868147442982977413e+00 1.952780603812869442e+00 1.956625826142493585e+00 1.968388129875594528e+00 2.052172851608832893e+00 2.058550061449882396e+00 2.344312279028064161e+00 2.441805520249375139e+00 2.493724159603930790e+00 2.605160045951103953e+00 3.342770703401875654e+00 3.508489855896883114e+00 3.537441750252422246e+00 3.626752056769423138e+00
3.322438261624807154e-01 4.622058666432841134e-01 8.024247631271483883e-01 8.110957120745660998e-01 8.422237608767786377e-01 8.947740975561301324e-01 9.743873788021305549e-01 1.056500442848742782e+00 1.234304859135126886e+00 1.270752130674226210e+00 1.336695810562348097e+00 1.419416028484294934e+00 1.589277956250892743e+00 1.714095607144454414e+00 1.785803578200209518e+00 1.821818601711218122e+00 1.867656970089156987e+00 1.952638120921367015e+00 1.956600064000590500e+00 1.971246672935625721e+00 2.051647052973515351e+00 2.058897028261885698e+00 2.344303078669585538e+00 2.442848431432951717e+00 2.493372986763447763e+00 2.603921690193143679e+00 3.346270712812707160e+00 3.507310141892269417e+00 3.534964229814574033e+00 3.626846672553190931e+00
3.399219386471080684e-01 4.552566708358145031e-01 7.733566296226737080e-01 8.004182487044707583e-01 8.393426048478310753e-01 9.243231489172646365e-01 9.873393628273104961e-01 1.057414989696573659e+00 1.225837626740255093e+00 1.270130650410660200e+00 1.325532308241053503e+00 1.409609910419098888e+00 1.606286968093286971e+00 1.719449540561825529e+00 1.781870528057621694e+00 1.823508028102928336e+00 1.866233161307835342e+00 1.952911904284956313e+00 1.957011259043079265e+00 1.977939175535091243e+00 2.050005075039274871e+00 2.059708324995666473e+00 2.344346696745951864e+00 2.445808444637184387e+00 2.492293228439999897e+00 2.600463942174063181e+00 3.356349420524586957e+00 3.504008081937354024e+00 3.527951821249573072e+00 3.627027173657250358e+00
3.526299284612652851e-01 4.447209290624914435e-01 7.446300402226169179e-01 7.896581944642813156e-01 8.344673501763145707e-01 9.563380581548137638e-01 1.005323756108023270e+00 1.058525884279202245e+00 1.208399137342657914e+00 1.269149672235942328e+00 1.316015509732137323e+00 1.394797605261399509e+00 1.628566989518715147e+00 1.726292775831816506e+00 1.775422272333000207e+00 1.826136687141596049e+00 1.863956330338597089e+00 1.953870724205940324e+00 1.958037416158460831e+00 1.986251755461342805e+00 2.047169015766246769e+00 2.060291527000758016e+00 2.344610863162850833e+00 2.450232693514234672e+00 2.490391038083224373e+00 2.595537740784559233e+00 3.371845102908468395e+00 3.499212265996904048e+00 3.517455073469898608e+00 3.627110344016775123e+00
3.690274911554522475e-01 4.335418260479272368e-01 7.203816447059576689e-01 7.829808050935000985e-01 8.290363268307278100e-01 9.884004083451086720e-01 1.025659744686567620e+00 1.059434465949677717e+00 1.181418966173099383e+00 1.267793529925542062e+00 1.312646813482193586e+00 1.377095073688379134e+00 1.651776899798901299e+00 1.732685606973347614e+00 1.766606078369363564e+00 1.829690214882719879e+00 1.860866342100340409e+00 1.954770527819093218e+00 1.959204854717456090e+00 1.995234208766542228e+00 2.043088147949943423e+00 2.059790028332380007e+00 2.345244804019898766e+00 2.455521537348695382e+00 2.487482894103218101e+00 2.590275679714069579e+00 3.391145841592237531e+00 3.493481796316095345e+00 3.504963661846498102e+00 3.627029673993412917e+00
3.863877787133928599e-01 4.248237457320848121e-01 7.027720658124492203e-01 7.834888732770440845e-01 8.232869390378713126e-01 1.019652688932549012e+00 1.045167165733444037e+00 1.060503515331580271e+00 1.148064689243322167e+00 1.265612563267605406e+00 1.315180615046875445e+00 1.359161031023091715e+00 1.673045808933503631e+00 1.737260016157753384e+00 1.755932543119969935e+00 1.834261915062958437e+00 1.856970356776517006e+00 1.955132206088456837e+00 1.959424111637548593e+00 2.004533153509254095e+00 2.037674968605335923e+00 2.057724484659286368e+00 2.346260130741306238e+00 2.461089465913229191e+00 2.483337041740645734e+00 2.585922569422310247e+00 3.412554343859811379e+00 3.484870151791141346e+00 3.494218866200401230e+00 3.626879596366376468e+00
4.019886129089746962e-01 4.191197368513736032e-01 6.928882131642660758e-01 7.926484188908456963e-01 8.164951397243634945e-01 1.048940735320127216e+00 1.055156875826918750e+00 1.068092432336720465e+00 1.112366823229374413e+00 1.262348611014390443e+00 1.322137216646077418e+00 1.343765052390748727e+00 1.689795861868694127e+00 1.739451474318493673e+00 1.745100372764216257e+00 1.839899307276146034e+00 1.852206116610881415e+00 1.954992842476493964e+00 1.957874333279758350e+00 2.013776786262250429e+00 2.030800427225064375e+00 2.054343562684237234e+00 2.347484823394237363e+00 2.466477167167997475e+00 2.477850502041223368e+00 2.583460532173213142e+00 3.434398147381424682e+00 3.470502133543810874e+00 3.489419554024857373e+00 3.626823088053578115e+00
4.142801118326674414e-01 4.153866405708241394e-01 6.905417663641250092e-01 8.077771292387000424e-01 8.083963949889459988e-01 1.053452197311799399e+00 1.076667783483187479e+00 1.079178857908003497e+00 1.079593083706530399e+00 1.259623219429901075e+00 1.332137265013413341e+00 1.332599528715828985e+00 1.696945396750378254e+00 1.739163123852308868e+00 1.739467729362483395e+00 1.846292999310763960e+00 1.846475727372212106e+00 1.954598297252914341e+00 1.954733674215916261e+00 2.022416734476641942e+00 2.022510456393240563e+00 2.050451520591299648e+00 2.348619797727571790e+00 2.471223397195009053e+00 2.471455356831195882e+00 2.583334863427337869e+00 3.453864569146303687e+00 3.454150047575448745e+00 3.488825047882617714e+00 3.626976817407507880e+00
4.099033687889788724e-01 4.188576943414165088e-01 6.917464338982695082e-01 7.956087782794410979e-01 8.190050061775797641e-01 1.048535500778245977e+00 1.053718366524636796e+00 1.084803890002816074e+00 1.100746938770834182e+00 1.262369480136462219e+00 1.323735277540505351e+00 1.342812487593200377e+00 1.691140030131318639e+00 1.738306981374918792e+00 1.742676895859216479e+00 1.839551207710928837e+00 1.853094715861744568e+00 1.953146192903866485e+00 1.956271157829037710e+00 2.014210522859657626e+00 2.030285498845611158e+00 2.050114239193254750e+00 2.348561688878495701e+00 2.466283552025309689e+00 2.476268520895781311e+00 2.584294040121321245e+00 3.438089701451335856e+00 3.463769372455526074e+00 3.494000410042469973e+00 3.626944763756680512e+00
4.092845327683489742e-01 4.186809002855158002e-01 6.902287618108515765e-01 7.883297534974774701e-01 8.228194343290555768e-01 1.025425760593716484e+00 1.052225007682374258e+00 1.087638308776267548e+00 1.122438832722398638e+00 1.271225504727125921e+00 1.316289252411364075e+00 1.354410291571628955e+00 1.678289280954176066e+00 1.736119158941366036e+00 1.747484640300102976e+00 1.831291209602242009e+00 1.860204396691111706e+00 1.951777448559883332e+00 1.957746435035811583e+00 2.006261109022047684e+00 2.037620843122167624e+00 2.048751547643317128e+00 2.348451091181441353e+00 2.461688733951101327e+00 2.480460574255731743e+00 2.587290207331997660e+00 3.422201974390243429e+00 3.461678006291958098e+00 3.508775713680436947e+00 3.626999722977934049e+00
4.066850964177187167e-01 4.233249252819974995e-01 6.770657228595149402e-01 7.899674054955021507e-01 8.197101633982440960e-01 1.009121331523118892e+00 1.051029244857479616e+00 1.091173637127249130e+00 1.143132495088900358e+00 1.285014942732589871e+00 1.309226904905219202e+00 1.366473718708879348e+00 1.662486476361076715e+00 1.732847383680561126e+00 1.750231146263538928e+00 1.821858756113059696e+00 1.865610391506559829e+00 1.950145991652676214e+00 1.959071454401112078e+00 2.000288930046062230e+00 2.043224020012012421e+00 2.047032974825433893e+00 2.348406531078402359e+00 2.457954615521810382e+00 2.483534934648798931e+00 2.592393161695027093e+00 3.406670306508249535e+00 3.454551439002011115e+00 3.525800804555231149e+00 3.627172721480010686e+00
3.976541891278100871e-01 4.391104852127444835e-01 6.506163620111279355e-01 7.816309363054270154e-01 8.280582603394033292e-01 1.000143598580969906e+00 1.050247881701208641e+00 1.098089921570954086e+00 1.163340878973259773e+00 1.294678928883498337e+00 1.308677174626137196e+00 1.378481279730648934e+00 1.645092658205175917e+00 1.728795143533957690e+00 1.750380777660114351e+00 1.811535894436134830e+00 1.866415017116095587e+00 1.947520629888793264e+00 1.960416720736938734e+00 1.998286629235451306e+00 2.040071169412426499e+00 2.051732367115219891e+00 2.348563416388799396e+00 2.455274395588652236e+00 2.485323523575770466e+00 2.599581172551721497e+00 3.391884508201266080e+00 3.445083371604544364e+00 3.541956714040640275e+00 3.627490883048978265e+00
3.857241959902634743e-01 4.632979067196488221e-01 6.152244102427543160e-01 7.526982908133994510e-01 8.551969988960096414e-01 9.977461915273982962e-01 1.049817622871442424e+00 1.109149703452112723e+00 1.183529813189502455e+00 1.286335570402024286e+00 1.326059391307470969e+00 1.389989087333701079e+00 1.626528273590740037e+00 1.724237924284922618e+00 1.748391065044144765e+00 1.800612513588484065e+00 1.860418864432010766e+00 1.942864761848847488e+00 1.962059774035071147e+00 2.001527604512862268e+00 2.033691307740017606e+00 2.057476969608541761e+00 2.349053933075208267e+00 2.453722478694064346e+00 2.485770569874228730e+00 2.608736328633383561e+00 3.378155626428658742e+00 3.433896388124616728e+00 3.556449287529888981e+00 3.627975596231395983e+00
3.724042884083512139e-01 4.941872034873962538e-01 5.746738956470902604e-01 7.133974172708508199e-01 8.896365188792684231e-01 1.001091713803742733e+00 1.049362043399001854e+00 1.123718663471214851e+00 1.204016108792672179e+00 1.273546986412378068e+00 1.346211681324175569e+00 1.400644241021618663e+00 1.606879834782235505e+00 1.719371819210509633e+00 1.744880320152890185e+00 1.789355510218235246e+00 1.847585204546820625e+00 1.935152469592707147e+00 1.963938128764611379e+00 2.009438511295969398e+00 2.026294366663553337e+00 2.062779378612755732e+00 2.349980934109399566e+00 2.453244759101212757e+00 2.484936098733312448e+00 2.619628482281505910e+00 3.365706524143336154e+00 3.421270837085329308e+00 3.569087234978526979e+00 3.628640006623470970e+00
3.584601574791368983e-01 5.261308671779427737e-01 5.355105645620213961e-01 6.682482874691280106e-01 9.261435248161096201e-01 1.010292480499833667e+00 1.048637518431944082e+00 1.140464116008258477e+00 1.224803043077857145e+00 1.258665511520838276e+00 1.366201957377745080e+00 1.410181653391502143e+00 1.586081157195153413e+00 1.714281796015341808e+00 1.740393075089466057e+00 1.778018798661740396e+00 1.829470883749533927e+00 1.923639919549444022e+00 1.965851972209937903e+00 2.015921122657525100e+00 2.023169195804314757e+00 2.067572144449731919e+00 2.351389709164541486e+00 2.453674872781471894e+00 2.482988439288228211e+00 2.631898349034896611e+00 3.354672746937252814e+00 3.407527148492633273e+00 3.579890225777615953e+00 3.629485285958938601e+00
3.442436573270298839e-01 4.864219140948419229e-01 5.705672860314925376e-01 6.202392378448475796e-01 9.592213482190191653e-01 1.027884874233310430e+00 1.047605364136461548e+00 1.157393028614100539e+00 1.239392590747147693e+00 1.249512106192508742e+00 1.385136507547604312e+00 1.418402811808581410e+00 1.563994000223152270e+00 1.708935572186436547e+00 1.735338246440356391e+00 1.766876474961342591e+00 1.807926260193377210e+00 1.908153239647108812e+00 1.967761496075877137e+00 2.009662911950617747e+00 2.034502853828278113e+00 2.071856227875565892e+00 2.353249324250515695e+00 2.454773486412760164e+00 2.480185745633499472e+00 2.645050860869116782e+00 3.345115540356484729e+00 3.393128226472933218e+00 3.588955133664454067e+00 3.630496268809973781e+00
3.297357540040924961e-01 4.434872794968717225e-01 5.694629999909377460e-01 6.138724524687527717e-01 9.828405329435839777e-01 1.045651155624908624e+00 1.058299301179010721e+00 1.170046821633466294e+00 1.228504321054780357e+00 1.269212831710240463e+00 1.402408991529511706e+00 1.425130183626607261e+00 1.540483791889709853e+00 1.703203311412812226e+00 1.729917478720049751e+00 1.756262240352385096e+00 1.784697776208570286e+00 1.889389740893190117e+00 1.969693549740480609e+00 2.002906954749636093e+00 2.046947806017002769e+00 2.075640006212984723e+00 2.355452408716045554e+00 2.456275833143859444e+00 2.476847716787105469e+00 2.658468112233862257e+00 3.337046969255799134e+00 3.378677796110118869e+00 3.596399538418119324e+00 3.631637358867271903e+00
3.144969304120305287e-01 4.041876928015091797e-01 5.211827413209457749e-01 6.560632104479074966e-01 9.976258589401955090e-01 1.043783920302057577e+00 1.097980178009051455e+00 1.168861141780810575e+00 1.228419736920469241e+00 1.290567464470709913e+00 1.417497817201550214e+00 1.430102481226264377e+00 1.515569278530512598e+00 1.696921578873781700e+00 1.723854543430393127e+00 1.746586066501827794e+00 1.761790751629208840e+00 1.868855912935514452e+00 1.971638334760331679e+00 1.996677094924379503e+00 2.058494055105688503e+00 2.078925782868355832e+00 2.357831515949729173e+00 2.457931937346668150e+00 2.473320701654469378e+00 2.671446886943083854e+00 3.330464299870167455e+00 3.364852396993235129e+00 3.602345247477918289e+00 3.632849274203135970e+00
2.976842052469137467e-01 3.719341857708072796e-01 4.749552702996204800e-01 6.975126979028597463e-01 1.007693713697098481e+00 1.040982423112714716e+00 1.141279439152631969e+00 1.154650013587401602e+00 1.241082135928411656e+00 1.311084188747320800e+00 1.429583926692509221e+00 1.432885075353531823e+00 1.489911956298519469e+00 1.690051238451631521e+00 1.715497788983294081e+00 1.738259029404125799e+00 1.742562408552718489e+00 1.848511952827265770e+00 1.973522658692143050e+00 1.990962821035170638e+00 2.068467849219988164e+00 2.081701588369332168e+00 2.360183629762757196e+00 2.459531656377158093e+00 2.469941462731865656e+00 2.683258415607580272e+00 3.325386767011657252e+00 3.352296829040578796e+00 3.606921730347698585e+00 3.634048360427626356e+00
2.791187988517624397e-01 3.499909124919703962e-01 4.328234638969434833e-01 7.358131212940910437e-01 1.015050775563266061e+00 1.037071154702663422e+00 1.134611487049470790e+00 1.187393970922137942e+00 1.257035796851300402e+00 1.329628856348636257e+00 1.428506393103090799e+00 1.439972399334161768e+00 1.466945593246499424e+00 1.682939828932088266e+00 1.702382689587714992e+00 1.730787187539374550e+00 1.732047018140616235e+00 1.830383390665926369e+00 1.975221046837660088e+00 1.985883545678855056e+00 2.076482847905821050e+00 2.083936911552866977e+00 2.362295955179258833e+00 2.460914526945026104e+00 2.467005997795957306e+00 2.693219131263161259e+00 3.321883186603457272e+00 3.341522486143182036e+00 3.610269848281377314e+00 3.635132658286103435e+00
2.614036278091116938e-01 3.392763881871841969e-01 3.966087889031784663e-01 7.681167733543691201e-01 1.020282401738695777e+00 1.031976319992377267e+00 1.118173335175836725e+00 1.230167522603183849e+00 1.271297499721482982e+00 1.344791078194860434e+00 1.411451699933605086e+00 1.446429146775728203e+00 1.455095206298336219e+00 1.676524586580222076e+00 1.687859129941424952e+00 1.725748242542859856e+00 1.727261983644893029e+00 1.816223953704723337e+00 1.976584175691794121e+00 1.981767717695896547e+00 2.082317180621353181e+00 2.085586302916478729e+00 2.363970336233746306e+00 2.461968097518457022e+00 2.464749208152601678e+00 2.700755107270425448e+00 3.320077436400600934e+00 3.332848922363348620e+00 3.612532639808439416e+00 3.635997284765680071e+00
2.488103110234674842e-01 3.389630902382930744e-01 3.680717500184015889e-01 7.905299251838511232e-01 1.023469384972792495e+00 1.026851726950122057e+00 1.107211604971807928e+00 1.266952761904606595e+00 1.281113788784344898e+00 1.354921982031418448e+00 1.386207884527140388e+00 1.450070989251285081e+00 1.452145134493699530e+00 1.672249712072473526e+00 1.677011767591759517e+00 1.723503866896250347e+00 1.724423822247723281e+00 1.807278605584826892e+00 1.977477350308092019e+00 1.979042998999448466e+00 2.085853014944939687e+00 2.086601075415928541e+00 2.365045559787570362e+00 2.462614444274072500e+00 2.463342689338022140e+00 2.705444807311135680e+00 3.320127179329921852e+00 3.326409156137200451e+00 3.613834277788133154e+00 3.636554048367351299e+00
2.443012027239926109e-01 3.486100858785875500e-01 3.486258782887984853e-01 7.987099375607330520e-01 1.024505043369412061e+00 1.024581635353467135e+00 1.103439124474304478e+00 1.284496262969776481e+00 1.284743353005785460e+00 1.358541610170761471e+00 1.371935222171681845e+00 1.451399628113666074e+00 1.451439582470356093e+00 1.671505821283920667e+00 1.672282316457681883e+00 1.722912358882709993e+00 1.723413201611808443e+00 1.804228167315166775e+00 1.977859470984232537e+00 1.978015129410797490e+00 2.086943143646973198e+00 2.087037439205148726e+00 2.365416198406352866e+00 2.462742629964418839e+00 2.462954733935109441e+00 2.707035825516157068e+00 3.322072009305567786e+00 3.322318560520971964e+00 3.614258382407800507e+00 3.636746085333476319e+00
3.297257738642194735e-01 4.645332995486624039e-01 8.146307300644011207e-01 8.206014824521166151e-01 8.418160990402546728e-01 8.791295773642308076e-01 9.695208243926070057e-01 1.056149386527719836e+00 1.236683234922067998e+00 1.270957086967809513e+00 1.341725960157356345e+00 1.422836978018043430e+00 1.582735006270331812e+00 1.712055503217498886e+00 1.787131659134448380e+00 1.821221557838923921e+00 1.868147442982977413e+00 1.952780603812869442e+00 1.956625826142493585e+00 1.968388129875594528e+00 2.052172851608832893e+00 2.058550061449882396e+00 2.344312279028064161e+00 2.441805520249375139e+00 2.493724159603930790e+00 2.605160045951103953e+00 3.342770703401875654e+00 3.508489855896883114e+00 3.537441750252422246e+00 3.626752056769423138e+00
3.343965482896123498e-01 4.629575461767402866e-01 8.120091733183635307e-01 8.195678791503945293e-01 8.410641036720404307e-01 8.800942380970896428e-01 9.737412494873136648e-01 1.044519859268441042e+00 1.237244330334369424e+00 1.277972068495888625e+00 1.342050025611548847e+00 1.423028655571764389e+00 1.582484924516244895e+00 1.711809895947470128e+00 1.781296276448793625e+00 1.826431073067665389e+00 1.867963281350530247e+00 1.948361803791486269e+00 1.956102745727088976e+00 1.972782182424914987e+00 2.050888915412917513e+00 2.060851946602085150e+00 2.344166070370937049e+00 2.440022809866590592e+00 2.491339897292332406e+00 2.606011066690784528e+00 3.345174211976485346e+00 3.488529627811796097e+00 3.540101546345355121e+00 3.641114137567744713e+00
3.478449456404801299e-01 4.582782295037228226e-01 8.037593734533102774e-01 8.171899944133406146e-01 8.398738970126203851e-01 8.828699936537843795e-01 9.779437269078933292e-01 1.021506769479149979e+00 1.238834291203937399e+00 1.294198125487306283e+00 1.343110040777099723e+00 1.423969533122576570e+00 1.581736540949172820e+00 1.710794233957012134e+00 1.769150636648748387e+00 1.836228197838064125e+00 1.867334859398315228e+00 1.940081076415910655e+00 1.954760476852287043e+00 1.981461407250544093e+00 2.046568648484954789e+00 2.068018832755086134e+00 2.343709811087931527e+00 2.434945880561764309e+00 2.484384119656521506e+00 2.608737266517853204e+00 3.352035276815163112e+00 3.443423478758975254e+00 3.548055138352606885e+00 3.669534774936570987e+00
3.685595498506093470e-01 4.506321713306223331e-01 7.906735138877172275e-01 8.142623681932182889e-01 8.388907108592800199e-01 8.869818332365522195e-01 9.496123429060624455e-01 1.025387402197345477e+00 1.241265161945465323e+00 1.311785850733288017e+00 1.345176150123962744e+00 1.426630088019492870e+00 1.580476247965537429e+00 1.708339950359657911e+00 1.755104848257281303e+00 1.844844473697272891e+00 1.866131770104204834e+00 1.930896154197925929e+00 1.953830450801168572e+00 1.992127778616032296e+00 2.039249188505611432e+00 2.079366077891428688e+00 2.342940854205378454e+00 2.427309007775333871e+00 2.473435666927992216e+00 2.613782310660663022e+00 3.361398041231374645e+00 3.388327938052274835e+00 3.560455522545565188e+00 3.698959314878226046e+00
3.944374735936289622e-01 4.402622804473879103e-01 7.733242847368352324e-01 8.111524768514738470e-01 8.372750550521683710e-01 8.892761865093672391e-01 9.051590873356970546e-01 1.047372679748681312e+00 1.244230530950563018e+00 1.326071902303356920e+00 1.348690925887226610e+00 1.432125338759360433e+00 1.578626541554675189e+00 1.703770020620017700e+00 1.740208910513019624e+00 1.849454417805739048e+00 1.864338930701056052e+00 1.921727682623906919e+00 1.954810667343784170e+00 2.004671242075443782e+00 2.029354724970668933e+00 2.093408078292191998e+00 2.341987018183997904e+00 2.418108891572303243e+00 2.459391765683809350e+00 2.621697063035374420e+00 3.322356733940052820e+00 3.378134587849717096e+00 3.576034434456105693e+00 3.725779545844889462e+00
4.209288364890976797e-01 4.296841238403873442e-01 7.486212396295527371e-01 8.081520627792134759e-01 8.325635161748901059e-01 8.559471296686974595e-01 9.003187869646520625e-01 1.073122464059070191e+00 1.247274499504227752e+00 1.335687746723106528e+00 1.354172082953647882e+00 1.440957265234940499e+00 1.575983154637955241e+00 1.696741678703681533e+00 1.724700436936091874e+00 1.849168946335137065e+00 1.861827168946161848e+00 1.913289466050434484e+00 1.958390486812314313e+00 2.017280928861879818e+00 2.019361922743357685e+00 2.108148607945460551e+00 2.341190476437879475e+00 2.408371651244342715e+00 2.443344691365633370e+00 2.632982767848535577e+00 3.256626557729203064e+00 3.392637003453173428e+00 3.593339555936985175e+00 3.749143803714670931e+00
4.103935237363841027e-01 4.544563363812766932e-01 7.106584711873348281e-01 8.055015045711727550e-01 8.145099124195891438e-01 8.371846351938405650e-01 9.058566472510357626e-01 1.099378654749799900e+00 1.249888642739440225e+00 1.341270216367107526e+00 1.362088600714452813e+00 1.452594273112549406e+00 1.572158278913513119e+00 1.687401514092986776e+00 1.708931028117868678e+00 1.845180159011877485e+00 1.858421999034863825e+00 1.906122664481468387e+00 1.963332944989636397e+00 2.005757462247065082e+00 2.034521061513400841e+00 2.121466595940825872e+00 2.341039821376186492e+00 2.398976081793852799e+00 2.426461068185679082e+00 2.647955468952853941e+00 3.189494828563542494e+00 3.407717500376735931e+00 3.610888988131767618e+00 3.768905360330528254e+00
3.921133051136448944e-01 4.831990562584418392e-01 6.619041462954344812e-01 7.970533832570336763e-01 8.036287823534032926e-01 8.308042591917611519e-01 9.112868080836630247e-01 1.124379653275700885e+00 1.251707335969201917e+00 1.344001006384171637e+00 1.372658173459054609e+00 1.465821953315087800e+00 1.566608103731500057e+00 1.676401509045540195e+00 1.693763278752119739e+00 1.839016540862782767e+00 1.854935969857594236e+00 1.900458969283754129e+00 1.965797015569894945e+00 1.997243758860442364e+00 2.050216527135655387e+00 2.131743507231683044e+00 2.341903594259775012e+00 2.390576068024627521e+00 2.409929093445553505e+00 2.666582017694598683e+00 3.123930132095637191e+00 3.421841898279647687e+00 3.627297971428643297e+00 3.785083051008941712e+00
3.712958091180258435e-01 5.088719869365033732e-01 6.132476967990957428e-01 7.871207620946450989e-01 8.024186123090594203e-01 8.248545540459770731e-01 9.159319503302162380e-01 1.146562952444619032e+00 1.252663871846413812e+00 1.344895363828628065e+00 1.385347989581052541e+00 1.479179666356203127e+00 1.558944261193689007e+00 1.664889029133900911e+00 1.680526148122878372e+00 1.832066515885768299e+00 1.852371661680111803e+00 1.896273179651953855e+00 1.961482226036803223e+00 1.996140223241901657e+00 2.064841275461080983e+00 2.138391879118966443e+00 2.343719389360487071e+00 2.383604279839646622e+00 2.394984063814773467e+00 2.688187939030106666e+00 3.063024525023631206e+00 3.433937876808541567e+00 3.641364332767223821e+00 3.797701481638354970e+00
3.497075442780334109e-01 5.292635831338938779e-01 5.739426617916285611e-01 7.814514587980417870e-01 8.022191809595335954e-01 8.189850532762105173e-01 9.194486532320168548e-01 1.164289209560104288e+00 1.252972994026155584e+00 1.344736864638511609e+00 1.398517333911335259e+00 1.491003957549433601e+00 1.549729014135878380e+00 1.654451591910139019e+00 1.670518943377720555e+00 1.825814713982168991e+00 1.850974613872023555e+00 1.893434152128178782e+00 1.953669264543452577e+00 1.999388145731560318e+00 2.076915847042088092e+00 2.141901183395749086e+00 2.345929385305200565e+00 2.378258966999968749e+00 2.383008099220198517e+00 2.710821056924072270e+00 3.010758846811460998e+00 3.443175377973075157e+00 3.652119818382190797e+00 3.806753049761169461e+00
3.320717853877859782e-01 5.416574186407717706e-01 5.500671558927321403e-01 7.784572674825196437e-01 8.029449339410370534e-01 8.140828540668030300e-01 9.216307960120867504e-01 1.175873633983919087e+00 1.252970197664044605e+00 1.344221711843702094e+00 1.409180628253614342e+00 1.499370713645027386e+00 1.541399617558008472e+00 1.646957468510478417e+00 1.664468137586888163e+00 1.821523781355190552e+00 1.850440961503655890e+00 1.891802177009727082e+00 1.947430158379034548e+00 2.002473130150606462e+00 2.084955315336860515e+00 2.143344329671394544e+00 2.347736064865447503e+00 2.373820513092241846e+00 2.376218216828317242e+00 2.729979898161321028e+00 2.973176125309704876e+00 3.448957801628636410e+00 3.658858695050305254e+00 3.812206222942584599e+00
3.250684800364509464e-01 5.395781856432553258e-01 5.484408518986992886e-01 7.775094987440116512e-01 8.036426238551871437e-01 8.118871471354511815e-01 9.223694039820630186e-01 1.179922279908413696e+00 1.252934063157621347e+00 1.343961542546790122e+00 1.413435763953515334e+00 1.502433797795666548e+00 1.537888228233375898e+00 1.644191143334749361e+00 1.662472939311218312e+00 1.820001465400751695e+00 1.850331496358118333e+00 1.891271735423930345e+00 1.945120065403129095e+00 2.003642891261438574e+00 2.087787428833314696e+00 2.143697781825104176e+00 2.348437901400148409e+00 2.371394072960378185e+00 2.374731255671411745e+00 2.737996443263175816e+00 2.958908817966785954e+00 3.450925357681050798e+00 3.661152796476212945e+00 3.814028430573210393e+00
5.361893621520731346e-01 5.373070712384663272e-01 5.376480561310992279e-01 6.838764395575446242e-01 7.689433582341987927e-01 7.692747825293725361e-01 1.062461765942609437e+00 1.136945762007892213e+00 1.137208552841874498e+00 1.412538755504587407e+00 1.452766025634656177e+00 1.452929927940132426e+00 1.584578549943042480e+00 1.584720224161882962e+00 1.707488880534873799e+00 1.816178502598827516e+00 1.816542902811442595e+00 1.931851333637687240e+00 1.931981276690720728e+00 2.047847297990379900e+00 2.048401901167433703e+00 2.119542566010630846e+00 2.374534782163776114e+00 2.374567178945484081e+00 2.377458094358746443e+00 2.699339180056830489e+00 2.956957824077132369e+00 3.570652335586983916e+00 3.570870503667127327e+00 3.814953553781334605e+00
5.511214139448400440e-01 5.554801034767432588e-01 5.561814428587862347e-01 6.903884650032861003e-01 7.505032395700153014e-01 7.509645010746595073e-01 1.057575028505242321e+00 1.141021446340518830e+00 1.141287223131560280e+00 1.414534644606689096e+00 1.424589484899273062e+00 1.424799684473796235e+00 1.614156891289854068e+00 1.614283835184628035e+00 1.708398802415546314e+00 1.810167010577522273e+00 1.810549782305811206e+00 1.937283356856945860e+00 1.937416304455176652e+00 2.052999543938193394e+00 2.053544150388721512e+00 2.102372086199153944e+00 2.371047784002291436e+00 2.371067863184094460e+00 2.387168211410755525e+00 2.691726792154157888e+00 2.973033932143158253e+00 3.566374575989911921e+00 3.566593602894917669e+00 3.811306282974695758e+00
5.684446841338874901e-01 5.696758820129581569e-01 5.873117745249089028e-01 6.969400196487036681e-01 7.341821796546483814e-01 7.347795918095778589e-01 1.053517553945658491e+00 1.142410034144762054e+00 1.142703707354537634e+00 1.398476869210766083e+00 1.398846220231399595e+00 1.412286538153499915e+00 1.642787000497936800e+00 1.642927763840956512e+00 1.708839220687811800e+00 1.806488689753414256e+00 1.806902816499446063e+00 1.944093953780719364e+00 1.944230064407210357e+00 2.055192065642182708e+00 2.055707438932182107e+00 2.086588610110561959e+00 2.371484725649366077e+00 2.371496403271751152e+00 2.393501926804256552e+00 2.675393562768991540e+00 3.010071871562265855e+00 3.558049478444182956e+00 3.558272066550851598e+00 3.803954347704377348e+00
5.742207988409638864e-01 5.757513774597845524e-01 6.392982870649982496e-01 7.030178006289009573e-01 7.223400221316903513e-01 7.229086033546825441e-01 1.050648483813772849e+00 1.141285755300500249e+00 1.141603827277483107e+00 1.375201211403682011e+00 1.375733688661685328e+00 1.405935263542639424e+00 1.670047342084102437e+00 1.670185128419559684e+00 1.708737330085705830e+00 1.804710975239654402e+00 1.805165366912719005e+00 1.951325738348994365e+00 1.951464224208390830e+00 2.054691795124457876e+00 2.055157400232212161e+00 2.071920973112608255e+00 2.376140343799144183e+00 2.376188518741629618e+00 2.396801910895080656e+00 2.656086839760435137e+00 3.061321587048672299e+00 3.546209724677253927e+00 3.546439728810675707e+00 3.792989992197925986e+00
5.708671042063244716e-01 5.723218988788743022e-01 6.974667271003575086e-01 7.115348020873921708e-01 7.173122771362122618e-01 7.177114710865397651e-01 1.049261731329536040e+00 1.137896934487377054e+00 1.138212631948982034e+00 1.355405325593719956e+00 1.356027913181750755e+00 1.395862791801665059e+00 1.695751683349957739e+00 1.695850762381352794e+00 1.708074144271853667e+00 1.803926631443055539e+00 1.804401318136859000e+00 1.958019429226522279e+00 1.958155053473222384e+00 2.052155731423687790e+00 2.052552054090499567e+00 2.058064939592889164e+00 2.384915115454115497e+00 2.385007499098260819e+00 2.397455678461274164e+00 2.637526145654223608e+00 3.121454272874230718e+00 3.531644762969491591e+00 3.531883318780379089e+00 3.778497450292325865e+00
5.582462061594066771e-01 5.593651559019268138e-01 7.088023569698209680e-01 7.195296935258203019e-01 7.199278081581999000e-01 7.697829534554472275e-01 1.049540570077931223e+00 1.132505391712714138e+00 1.132811738722723005e+00 1.339601163916259940e+00 1.340187961109345238e+00 1.382378973669955657e+00 1.706886630472303823e+00 1.719912116500952548e+00 1.719952030398296916e+00 1.802905756948981253e+00 1.803345055035364464e+00 1.963347699537485003e+00 1.963469230933392762e+00 2.045087602965137474e+00 2.048480494826407483e+00 2.048792294073692233e+00 2.395821495247764332e+00 2.397205540553649428e+00 2.397342015352968758e+00 2.621460744938893139e+00 3.186583259716110561e+00 3.515380955380760675e+00 3.515623945013050644e+00 3.760533906325824294e+00
5.384515046452738041e-01 5.391892872560016814e-01 7.099341077183988213e-01 7.276569180786331970e-01 7.280822404713535034e-01 8.366180656336276167e-01 1.051513325252831477e+00 1.125403557968759349e+00 1.125718501705356367e+00 1.328109525592869655e+00 1.328534228967318320e+00 1.365492780014680330e+00 1.705277852510487246e+00 1.742608532582249570e+00 1.742632019466272553e+00 1.800389109675450294e+00 1.800721785847996914e+00 1.966780025830552336e+00 1.966875595052953507e+00 2.033755777489088867e+00 2.044479129262624539e+00 2.044697135340303618e+00 2.392166700272364999e+00 2.411951829196412600e+00 2.412125958151537741e+00 2.608492605836099987e+00 3.253572127380976120e+00 3.498643848157960701e+00 3.498885035725941339e+00 3.739136998760218322e+00
5.141786559543801705e-01 5.146752831658613081e-01 7.087883910104803009e-01 7.398619736839123773e-01 7.402531844208077860e-01 9.009127240473280285e-01 1.055029330284078970e+00 1.116955595078132690e+00 1.117288486193374952e+00 1.320992022164558577e+00 1.321238808800728748e+00 1.344958230328936910e+00 1.703396374051639572e+00 1.763625786447432731e+00 1.763736117165892292e+00 1.795722327902849802e+00 1.795872509694012464e+00 1.968146535659934804e+00 1.968218244091285207e+00 2.025474126547388565e+00 2.040598274050656968e+00 2.040724547765760288e+00 2.386647810795555547e+00 2.427745854458851493e+00 2.427949124945779857e+00 2.598620750842731475e+00 3.319624529712066341e+00 3.482795582609456098e+00 3.483034063249809797e+00 3.714401835899662441e+00
4.876701472515095892e-01 4.882607241159210298e-01 7.058078844950881336e-01 7.547803725794453023e-01 7.551889544740876259e-01 9.596295960463855357e-01 1.059771532067168121e+00 1.107594840799642988e+00 1.107943582190101361e+00 1.318028971098893720e+00 1.318341775203818456e+00 1.320808498487074711e+00 1.701434302325986359e+00 1.777785576326755379e+00 1.778254405036724162e+00 1.793470770800904557e+00 1.793734129738113303e+00 1.967504301507408737e+00 1.967568999203526792e+00 2.021944573349021113e+00 2.036817771131163024e+00 2.036869393581822507e+00 2.379367573767833921e+00 2.442994058088053588e+00 2.443216744192947765e+00 2.591549097707584348e+00 3.381966506711239440e+00 3.469238807215124787e+00 3.469483480762561634e+00 3.686739213439174101e+00
4.609401664926295328e-01 4.617914794892248320e-01 7.014433882642487905e-01 7.715506444766158101e-01 7.720545753765110097e-01 1.009222970267364961e+00 1.065309873144102637e+00 1.097806251610604189e+00 1.098170643811950731e+00 1.294503191414607457e+00 1.319070642558177742e+00 1.319533888275375100e+00 1.699595185378135920e+00 1.770584894890993910e+00 1.770988312001255061e+00 1.808885437953770658e+00 1.809081478691742406e+00 1.964938930698399977e+00 1.964999998945728743e+00 2.024592597562944629e+00 2.032803071694714081e+00 2.032841369617389038e+00 2.370455523511060036e+00 2.456125946643335389e+00 2.456359000894438260e+00 2.586874907066525342e+00 3.437075224931360307e+00 3.459280775208315006e+00 3.459544421848978146e+00 3.657705506448270416e+00
4.358769325390478566e-01 4.369307019106988266e-01 6.961936233916662387e-01 7.894943729483175909e-01 7.900828514973837757e-01 1.043636079567467512e+00 1.071177799131530994e+00 1.088126894859744898e+00 1.088504833675861594e+00 1.270987017551237663e+00 1.323879932558994721e+00 1.324394096281710675e+00 1.698056925836871178e+00 1.756227275626141893e+00 1.756572640295937182e+00 1.827872815006722718e+00 1.828038280378186053e+00 1.960524811019733971e+00 1.960606686620505412e+00 2.028136728814720513e+00 2.028208155194038298e+00 2.034136423506408331e+00 2.360116868887611297e+00 2.465823334929464483e+00 2.466059082850252437e+00 2.584221050294873923e+00 3.453959080318863784e+00 3.454236744740355913e+00 3.477918485469672749e+00 3.632866711983083086e+00
4.142801118326674414e-01 4.153866405708241394e-01 6.905417663641250092e-01 8.077771292387000424e-01 8.083963949889459988e-01 1.053452197311799399e+00 1.076667783483187479e+00 1.079178857908003497e+00 1.079593083706530399e+00 1.259623219429901075e+00 1.332137265013413341e+00 1.332599528715828985e+00 1.696945396750378254e+00 1.739163123852308868e+00 1.739467729362483395e+00 1.846292999310763960e+00 1.846475727372212106e+00 1.954598297252914341e+00 1.954733674215916261e+00 2.022416734476641942e+00 2.022510456393240563e+00 2.050451520591299648e+00 2.348619797727571790e+00 2.471223397195009053e+00 2.471455356831195882e+00 2.583334863427337869e+00 3.453864569146303687e+00 3.454150047575448745e+00 3.488825047882617714e+00 3.626976817407507880e+00
