-1.945172547186988510e-01
-1.740024955133561146e-01
-1.534877363080133783e-01
-1.329729771026706142e-01
-1.124582178973278779e-01
-9.194345869198514154e-02
-7.142869948664239133e-02
-5.091394028129966193e-02
-3.039918107595690824e-02
-9.884421870614151090e-03
1.063033733472858004e-02
3.114509654007131118e-02
5.165985574541406833e-02
7.217461495075681854e-02
9.268937415609952712e-02
1.132041333614422773e-01
1.337188925667850414e-01
1.542336517721278055e-01
1.747484109774705419e-01
1.952631701828132504e-01
2.157779293881560145e-01
2.362926885934987509e-01
2.568074477988414595e-01
2.773222070041842513e-01
2.978369662095269876e-01
3.183517254148696685e-01
3.388664846202124603e-01
3.593812438255551966e-01
3.798960030308978775e-01
4.004107622362406693e-01
4.209255214415834057e-01
4.414402806469261975e-01
4.619550398522689338e-01
4.824697990576116147e-01
5.029845582629544065e-01
5.234993174682971429e-01
5.440140766736399902e-01
5.645288358789826155e-01
5.850435950843253519e-01
6.055583542896681992e-01
6.260731134950108245e-01
6.465878727003535609e-01
6.671026319056964082e-01
6.876173911110390335e-01
7.081321503163817699e-01
7.286469095217246172e-01
7.491616687270672426e-01
7.696764279324099789e-01
7.901911871377528263e-01
8.107059463430955626e-01
8.312207055484381879e-01
8.517354647537810353e-01
8.722502239591238826e-01
8.927649831644663969e-01
9.132797423698092443e-01
9.337945015751520916e-01
9.543092607804947169e-01
9.748240199858375643e-01
9.953387791911804117e-01
1.015853538396523259e+00
1.036368297601865773e+00
1.056883056807208510e+00
1.077397816012551468e+00
1.097912575217893982e+00
1.118427334423236719e+00
1.138942093628579677e+00
1.159456852833922191e+00
1.179971612039264928e+00
1.200486371244607886e+00
1.221001130449950400e+00
1.241515889655293137e+00
1.262030648860636095e+00
1.282545408065978831e+00
1.303060167271321346e+00
1.323574926476664304e+00
1.344089685682007040e+00
1.364604444887349777e+00
1.385119204092692513e+00
1.405633963298035249e+00
1.426148722503377986e+00
1.446663481708720722e+00
1.467178240914063458e+00
1.487693000119406195e+00
1.508207759324748931e+00
1.528722518530091667e+00
1.549237277735434404e+00
1.569752036940777140e+00
1.590266796146119876e+00
1.610781555351462613e+00
1.631296314556805349e+00
1.651811073762148085e+00
1.672325832967491044e+00
1.692840592172833558e+00
1.713355351378176294e+00
1.733870110583519031e+00
1.754384869788861989e+00
1.774899628994204503e+00
1.795414388199547240e+00
1.815929147404890198e+00
1.836443906610232712e+00
1.856958665815575449e+00
1.877473425020918407e+00
1.897988184226260922e+00
1.918502943431603436e+00
1.939017702636946394e+00
1.959532461842289131e+00
1.980047221047631645e+00
2.000561980252974603e+00
2.021076739458317117e+00
2.041591498663659632e+00
2.062106257869003034e+00
2.082621017074345549e+00
2.103135776279688063e+00
2.123650535485031021e+00
2.144165294690373536e+00
2.164680053895716494e+00
2.185194813101059452e+00
2.205709572306401967e+00
2.226224331511744925e+00
2.246739090717087439e+00
2.267253849922429954e+00
2.287768609127773356e+00
2.308283368333115870e+00
2.328798127538458385e+00
2.349312886743801343e+00
2.369827645949143857e+00
2.390342405154486372e+00
2.410857164359829774e+00
2.431371923565172288e+00
2.451886682770514803e+00
2.472401441975857761e+00
2.492916201181200275e+00
2.513430960386542790e+00
2.533945719591886192e+00
2.554460478797228706e+00
2.574975238002571221e+00
2.595489997207914179e+00
2.616004756413256693e+00
2.636519515618599208e+00
2.657034274823942610e+00
2.677549034029285124e+00
2.698063793234627639e+00
2.718578552439970597e+00
2.739093311645313111e+00
2.759608070850656070e+00
2.780122830055999028e+00
2.800637589261341542e+00
2.821152348466684501e+00
2.841667107672027015e+00
2.862181866877369529e+00
2.882696626082712932e+00
2.903211385288055446e+00
2.923726144493397960e+00
2.944240903698740919e+00
2.964755662904083433e+00
2.985270422109425947e+00
3.005785181314769350e+00
3.026299940520111864e+00
3.046814699725454378e+00
3.067329458930797337e+00
3.087844218136139851e+00
3.108358977341482365e+00
3.128873736546825768e+00
3.149388495752168282e+00
3.169903254957510796e+00
3.190418014162853755e+00
3.210932773368196269e+00
3.231447532573538783e+00
3.251962291778882186e+00
3.272477050984224700e+00
3.292991810189567214e+00
3.313506569394910173e+00
3.334021328600252687e+00
3.354536087805595646e+00
3.375050847010938604e+00
3.395565606216281118e+00
3.416080365421623632e+00
3.436595124626966591e+00
3.457109883832309105e+00
3.477624643037652064e+00
3.498139402242995022e+00
3.518654161448337536e+00
3.539168920653680495e+00
3.559683679859023009e+00
3.580198439064365523e+00
3.600713198269708482e+00
3.621227957475051440e+00
3.641742716680394398e+00
3.662257475885736469e+00
3.682772235091079427e+00
3.703286994296422385e+00
3.723801753501764900e+00
3.744316512707107858e+00
3.764831271912450816e+00
3.785346031117792887e+00
3.805860790323135845e+00
3.826375549528478803e+00
3.846890308733821318e+00
3.867405067939164276e+00
3.887919827144507234e+00
