0.000000000000000000e+00
3.546434810378141372e-02
7.092869620756282745e-02
1.063930443113442481e-01
1.418573924151256549e-01
1.773217405189070617e-01
2.127860886226884962e-01
2.482504367264699030e-01
2.837147848302513098e-01
3.191791329340327166e-01
3.546434810378141234e-01
3.901078291415955301e-01
4.276459725029089776e-01
4.651841158642224250e-01
5.027222592255359279e-01
5.402604025868493753e-01
5.777985459481628228e-01
6.153366893094762702e-01
6.499872831814579310e-01
6.846378770534395919e-01
7.192884709254212527e-01
7.539390647974029136e-01
7.885896586693845745e-01
8.232402525413661243e-01
8.578908464133477851e-01
8.925414402853294460e-01
9.271920341573111068e-01
9.618426280292927677e-01
9.964932219012743175e-01
1.031143815773255978e+00
1.065794409645237639e+00
1.098143307394014334e+00
1.130492205142791029e+00
1.162841102891567502e+00
1.195190000640344197e+00
1.227538898389120892e+00
1.259887796137897364e+00
1.292236693886674059e+00
1.324585591635450754e+00
1.356934489384227449e+00
1.389283387133004144e+00
1.421632284881780617e+00
1.454141270643580341e+00
1.486650256405379844e+00
1.519159242167179569e+00
1.551668227928979071e+00
1.584177213690778796e+00
1.616686199452578299e+00
1.649195185214378023e+00
1.681704170976177526e+00
1.714213156737977251e+00
1.746722142499776975e+00
1.779231128261576478e+00
1.811740114023376202e+00
1.843915665475930554e+00
1.876091216928484906e+00
1.908266768381039480e+00
1.940442319833593832e+00
1.972617871286148183e+00
2.004793422738702535e+00
2.036968974191256887e+00
2.066999488880307823e+00
2.097030003569358314e+00
2.127060518258409250e+00
2.157091032947459741e+00
2.187121547636510677e+00
2.217152062325561612e+00
2.247182577014612104e+00
2.277213091703663039e+00
2.307243606392713531e+00
2.337274121081764466e+00
2.367304635770815402e+00
2.397335150459865893e+00
2.427365665148916829e+00
2.457396179837967765e+00
2.487426694527018256e+00
2.487426694527018256e+00
2.519775592275794729e+00
2.552124490024571646e+00
2.584473387773348119e+00
2.616822285522125036e+00
2.649171183270901508e+00
2.681520081019677981e+00
2.713868978768454898e+00
2.746217876517231371e+00
2.778566774266007844e+00
2.810915672014784761e+00
2.843264569763561234e+00
2.843264569763561234e+00
2.875613467512337706e+00
2.907962365261114623e+00
2.940311263009891096e+00
2.972660160758668013e+00
3.005009058507444486e+00
3.037357956256220959e+00
3.069706854004997876e+00
3.102055751753774349e+00
3.134404649502550821e+00
3.166753547251327738e+00
3.199102445000104211e+00
