-2.294328982718142063e-01
-2.118346329719558441e-01
-1.942363676720974541e-01
-1.766381023722390919e-01
-1.590398370723807020e-01
-1.414415717725223398e-01
-1.238433064726639776e-01
-1.062450411728055877e-01
-8.864677587294722549e-02
-7.104851057308886331e-02
-5.345024527323047336e-02
-3.585197997337211118e-02
-1.825371467351375246e-02
-6.554493736553632750e-04
1.694281592620302396e-02
3.454108122606138614e-02
5.213934652591974833e-02
6.973761182577810358e-02
8.733587712563646577e-02
1.049341424254948835e-01
1.225324077253532457e-01
1.401306730252116217e-01
1.577289383250699839e-01
1.753272036249283461e-01
1.929254689247867083e-01
2.105237342246450982e-01
2.281219995245034604e-01
2.457202648243618781e-01
2.633185301242202403e-01
2.809167954240786025e-01
2.985150607239369647e-01
3.161133260237953269e-01
3.337115913236536890e-01
3.513098566235120512e-01
3.689081219233704134e-01
3.865063872232287756e-01
4.041046525230871378e-01
4.217029178229455000e-01
4.393011831228039732e-01
4.568994484226623354e-01
4.744977137225206976e-01
4.920959790223790598e-01
5.096942443222374219e-01
5.272925096220957286e-01
5.448907749219541463e-01
5.624890402218124530e-01
5.800873055216708707e-01
5.976855708215291774e-01
6.152838361213875951e-01
6.328821014212460128e-01
6.504803667211044305e-01
6.680786320209627371e-01
6.856768973208211548e-01
7.032751626206794615e-01
7.208734279205379902e-01
7.384716932203961859e-01
7.560699585202547146e-01
7.736682238201129103e-01
7.912664891199714390e-01
8.088647544198296346e-01
8.264630197196881634e-01
8.440612850195463590e-01
8.616595503194048877e-01
8.792578156192630834e-01
8.968560809191216121e-01
9.144543462189800298e-01
9.320526115188383365e-01
9.496508768186968652e-01
9.672491421185551719e-01
9.848474074184133675e-01
1.002445672718271563e+00
1.020043938018130314e+00
1.037642203317988621e+00
1.055240468617846927e+00
1.072838733917705012e+00
1.090436999217563763e+00
1.108035264517422069e+00
1.125633529817280376e+00
1.143231795117138905e+00
1.160830060416997211e+00
1.178428325716855518e+00
1.196026591016713825e+00
1.213624856316572354e+00
1.231223121616430660e+00
1.248821386916288967e+00
1.266419652216147274e+00
1.284017917516005802e+00
1.301616182815864109e+00
1.319214448115722416e+00
1.336812713415580944e+00
1.354410978715439251e+00
1.372009244015297558e+00
1.389607509315155864e+00
1.407205774615014393e+00
1.424804039914872700e+00
1.442402305214731006e+00
1.460000570514589313e+00
1.477598835814447842e+00
1.495197101114306149e+00
1.512795366414164455e+00
1.530393631714023206e+00
1.547991897013881291e+00
1.565590162313739597e+00
1.583188427613597904e+00
1.600786692913456655e+00
1.618384958213314739e+00
1.635983223513173046e+00
1.653581488813031797e+00
1.671179754112890103e+00
1.688778019412748188e+00
1.706376284712606495e+00
1.723974550012464801e+00
1.741572815312323552e+00
1.759171080612181637e+00
1.776769345912039944e+00
1.794367611211898250e+00
1.811965876511757001e+00
1.829564141811615086e+00
1.847162407111473392e+00
1.864760672411332143e+00
1.882358937711190450e+00
1.899957203011048534e+00
1.917555468310906841e+00
1.935153733610765592e+00
1.952751998910623898e+00
1.970350264210481983e+00
1.987948529510340290e+00
2.005546794810198818e+00
2.023145060110057347e+00
2.040743325409915432e+00
2.058341590709774405e+00
2.075939856009632489e+00
2.093538121309490574e+00
2.111136386609349103e+00
2.128734651909207631e+00
2.146332917209065716e+00
2.163931182508924245e+00
2.181529447808782329e+00
2.199127713108641302e+00
2.216725978408499387e+00
2.234324243708357471e+00
2.251922509008216444e+00
2.269520774308074529e+00
2.287119039607932613e+00
2.304717304907791142e+00
2.322315570207649671e+00
2.339913835507508200e+00
2.357512100807366284e+00
2.375110366107224369e+00
2.392708631407083342e+00
2.410306896706941426e+00
2.427905162006799511e+00
2.445503427306658484e+00
2.463101692606516568e+00
2.480699957906374653e+00
2.498298223206233182e+00
2.515896488506091710e+00
2.533494753805950239e+00
2.551093019105808324e+00
2.568691284405666408e+00
2.586289549705525381e+00
2.603887815005383466e+00
2.621486080305241551e+00
2.639084345605100523e+00
2.656682610904958608e+00
2.674280876204817137e+00
2.691879141504675221e+00
2.709477406804533750e+00
2.727075672104392279e+00
2.744673937404250363e+00
2.762272202704108448e+00
2.779870468003967421e+00
2.797468733303825505e+00
2.815066998603684034e+00
2.832665263903542563e+00
2.850263529203400648e+00
2.867861794503259176e+00
2.885460059803117261e+00
2.903058325102975790e+00
2.920656590402834318e+00
2.938254855702692403e+00
2.955853121002550932e+00
2.973451386302409460e+00
2.991049651602267545e+00
3.008647916902126074e+00
3.026246182201984603e+00
3.043844447501842687e+00
3.061442712801701216e+00
3.079040978101559300e+00
3.096639243401418273e+00
3.114237508701276358e+00
3.131835774001134443e+00
3.149434039300992971e+00
3.167032304600851500e+00
3.184630569900709585e+00
3.202228835200568113e+00
3.219827100500426642e+00
3.237425365800285171e+00
3.255023631100143255e+00
3.272621896400001340e+00
