0.000000000000000000e+00
4.029761793435993056e-02
8.059523586871986112e-02
1.208928538030797917e-01
1.611904717374397222e-01
2.014880896717996528e-01
2.417857076061595833e-01
2.820833255405195139e-01
3.223809434748794445e-01
3.626785614092393750e-01
4.055747270896191137e-01
4.484708927699988523e-01
4.913670584503786465e-01
5.342632241307583296e-01
5.771593898111381238e-01
6.200555554915179179e-01
6.629517211718976011e-01
7.058478868522772842e-01
7.461455047866372148e-01
7.864431227209971453e-01
8.267407406553570759e-01
8.670383585897170065e-01
9.073359765240769370e-01
9.476335944584368676e-01
9.879312123927967981e-01
1.028228830327156729e+00
1.068526448261516659e+00
1.111422613941896342e+00
1.154318779622276248e+00
1.197214945302655931e+00
1.240111110983035614e+00
1.283007276663415297e+00
1.325903442343795202e+00
1.368799608024174885e+00
1.411695773704554568e+00
1.453122082571339124e+00
1.494548391438123458e+00
1.535974700304908014e+00
1.577401009171692348e+00
1.618827318038476903e+00
1.660253626905261459e+00
1.700551244839621390e+00
1.740848862773981320e+00
1.781146480708341251e+00
1.821444098642701181e+00
1.861741716577061112e+00
1.902039334511421043e+00
1.942336952445780973e+00
1.982634570380140904e+00
2.022932188314500834e+00
2.061062113363727466e+00
2.099192038412953654e+00
2.137321963462180285e+00
2.175451888511406473e+00
2.213581813560633105e+00
2.251711738609859292e+00
2.289841663659085924e+00
2.327971588708312112e+00
2.366101513757538743e+00
2.406399131691898674e+00
2.446696749626258605e+00
2.486994367560618535e+00
2.527291985494978466e+00
2.567589603429338396e+00
2.607887221363698327e+00
2.648184839298058257e+00
2.688482457232418188e+00
2.728780075166778119e+00
2.766910000216004750e+00
2.805039925265230938e+00
2.843169850314457570e+00
2.881299775363683757e+00
2.919429700412910389e+00
2.957559625462136577e+00
2.995689550511363208e+00
3.033819475560589396e+00
3.071949400609816028e+00
3.071949400609816028e+00
3.107457665352774345e+00
3.142965930095732219e+00
3.178474194838690536e+00
3.213982459581648410e+00
3.249490724324606727e+00
3.284998989067564601e+00
3.320507253810522919e+00
3.320507253810522919e+00
3.361933562677307474e+00
3.403359871544092030e+00
3.444786180410876142e+00
3.486212489277660698e+00
3.527638798144445254e+00
3.569065107011229809e+00
3.569065107011229809e+00
3.604573371754188127e+00
3.640081636497146000e+00
3.675589901240104318e+00
3.711098165983062191e+00
3.746606430726020509e+00
3.782114695468978383e+00
3.817622960211936700e+00
