-2.622775725607767949e+00
-2.524757171289640389e+00
-2.426738616971512386e+00
-2.328720062653384826e+00
-2.230701508335257266e+00
-2.132682954017129706e+00
-2.034664399699001702e+00
-1.936645845380874142e+00
-1.838627291062746361e+00
-1.740608736744618801e+00
-1.642590182426490797e+00
-1.544571628108363237e+00
-1.446553073790235455e+00
-1.348534519472107895e+00
-1.250515965153980114e+00
-1.152497410835852332e+00
-1.054478856517724772e+00
-9.564603021995971011e-01
-8.584417478814693192e-01
-7.604231935633416484e-01
-6.624046392452137555e-01
-5.643860849270860847e-01
-4.663675306089584138e-01
-3.683489762908307430e-01
-2.703304219727030167e-01
-1.723118676545753458e-01
-7.429331333644766111e-02
2.372524098168002360e-02
1.217437952998077083e-01
2.197623496179353930e-01
3.177809039360630639e-01
4.157994582541907902e-01
5.138180125723184055e-01
6.118365668904461874e-01
7.098551212085738582e-01
8.078736755267015290e-01
9.058922298448291999e-01
1.003910784162956871e+00
1.101929338481084653e+00
1.199947892799212656e+00
1.297966447117340438e+00
1.395985001435467998e+00
1.494003555753595780e+00
1.592022110071723340e+00
1.690040664389851122e+00
1.788059218707978903e+00
1.886077773026106463e+00
1.984096327344234245e+00
2.082114881662362027e+00
2.180133435980489587e+00
2.278151990298617147e+00
2.376170544616745151e+00
2.474189098934872710e+00
2.572207653253000270e+00
2.670226207571127830e+00
2.768244761889255834e+00
2.866263316207383394e+00
2.964281870525510953e+00
3.062300424843638957e+00
3.160318979161766517e+00
3.258337533479894077e+00
3.356356087798021637e+00
3.454374642116149641e+00
3.552393196434277201e+00
3.650411750752404760e+00
3.748430305070532764e+00
3.846448859388660324e+00
3.944467413706787884e+00
4.042485968024915444e+00
4.140504522343043448e+00
4.238523076661170563e+00
4.336541630979298567e+00
4.434560185297426571e+00
4.532578739615553687e+00
4.630597293933681691e+00
4.728615848251809695e+00
4.826634402569936810e+00
4.924652956888064814e+00
5.022671511206193706e+00
5.120690065524320822e+00
5.218708619842448826e+00
5.316727174160576830e+00
5.414745728478703946e+00
5.512764282796831949e+00
5.610782837114959065e+00
5.708801391433087069e+00
5.806819945751215073e+00
5.904838500069342189e+00
6.002857054387470193e+00
6.100875608705598196e+00
6.198894163023725312e+00
6.296912717341853316e+00
6.394931271659981320e+00
6.492949825978108436e+00
6.590968380296236440e+00
6.688986934614364444e+00
6.787005488932491559e+00
6.885024043250619563e+00
6.983042597568746679e+00
7.081061151886874683e+00
7.179079706205002687e+00
7.277098260523129802e+00
7.375116814841257806e+00
7.473135369159385810e+00
7.571153923477512926e+00
7.669172477795640930e+00
7.767191032113768934e+00
7.865209586431896049e+00
7.963228140750024053e+00
8.061246695068151169e+00
8.159265249386280061e+00
8.257283803704407177e+00
8.355302358022534293e+00
8.453320912340663185e+00
8.551339466658790300e+00
8.649358020976917416e+00
8.747376575295046308e+00
8.845395129613173424e+00
8.943413683931300540e+00
9.041432238249427655e+00
9.139450792567556547e+00
9.237469346885683663e+00
9.335487901203810779e+00
9.433506455521939671e+00
9.531525009840066787e+00
9.629543564158193902e+00
9.727562118476322794e+00
9.825580672794449910e+00
9.923599227112577026e+00
1.002161778143070592e+01
1.011963633574883303e+01
1.021765489006696015e+01
1.031567344438508904e+01
1.041369199870321616e+01
1.051171055302134327e+01
1.060972910733947216e+01
1.070774766165759928e+01
1.080576621597572640e+01
1.090378477029385529e+01
1.100180332461198240e+01
1.109982187893010952e+01
1.119784043324823841e+01
1.129585898756636553e+01
1.139387754188449264e+01
1.149189609620262154e+01
1.158991465052074865e+01
1.168793320483887577e+01
1.178595175915700288e+01
1.188397031347513177e+01
1.198198886779325889e+01
1.208000742211138601e+01
1.217802597642951490e+01
1.227604453074764201e+01
1.237406308506576913e+01
1.247208163938389802e+01
1.257010019370202514e+01
1.266811874802015403e+01
1.276613730233828115e+01
1.286415585665641004e+01
1.296217441097453538e+01
1.306019296529266605e+01
1.315821151961079138e+01
1.325623007392892028e+01
1.335424862824704739e+01
1.345226718256517628e+01
1.355028573688330162e+01
1.364830429120143229e+01
1.374632284551955763e+01
1.384434139983768652e+01
1.394235995415581364e+01
1.404037850847394253e+01
1.413839706279206787e+01
1.423641561711019676e+01
1.433443417142832388e+01
1.443245272574645277e+01
1.453047128006457989e+01
1.462848983438270878e+01
1.472650838870083412e+01
1.482452694301896301e+01
1.492254549733709013e+01
1.502056405165521902e+01
1.511858260597334258e+01
1.521660116029147680e+01
1.531461971460960214e+01
1.541263826892772748e+01
1.551065682324585460e+01
1.560867537756398704e+01
1.570669393188211238e+01
1.580471248620023950e+01
1.590273104051836484e+01
1.600074959483649906e+01
1.609876814915462262e+01
1.619678670347274974e+01
1.629480525779087685e+01
1.639282381210900752e+01
1.649084236642713464e+01
1.658886092074526175e+01
1.668687947506338531e+01
1.678489802938151954e+01
1.688291658369964310e+01
