-2.864937195323933328e-05 -8.446195535549535623e-06 4.828459131677932795e-08 6.976483735193325653e-02 1.000309920527168828e+00 1.240515420752690057e+00 1.240725603887151474e+00 1.340346578160623636e+00 1.340665492865500186e+00 1.342644191168490542e+00 1.342868437988686603e+00 1.344971285885805834e+00 1.406080397189368503e+00 1.557540291596194004e+00 1.557923005011587758e+00 1.827639492244489849e+00 1.828868100192870161e+00 1.987703152050285693e+00 1.987885498194261968e+00 2.033142716166157271e+00 2.034401483157894042e+00 2.172705360152847209e+00 2.227840976791584549e+00 2.360681236940937566e+00 2.360681348944856595e+00 2.942821705591401216e+00 2.976030470770580916e+00 3.429494509767382571e+00 3.429715793963860726e+00 3.802951747440478591e+00
-8.301612598765809037e-02 5.231373369211454044e-02 9.113322939820281410e-02 1.373529418830169990e-01 9.939192221062347343e-01 1.225923683993189073e+00 1.239159153670388758e+00 1.329637731980928494e+00 1.334461774848563209e+00 1.338085812600026792e+00 1.344789264241054383e+00 1.354858413813685214e+00 1.418502212979218191e+00 1.560983691624326708e+00 1.565448069466039760e+00 1.827036733947557945e+00 1.830841303734164205e+00 1.987437665506309292e+00 1.988031257519205619e+00 2.031797715066505639e+00 2.033355894773495542e+00 2.172441604966261153e+00 2.230014817995217946e+00 2.360785177177358918e+00 2.361469091194752679e+00 2.936919444313213834e+00 2.975639334768011235e+00 3.428427680262405186e+00 3.437010968921467402e+00 3.803139700395386402e+00
-5.761659468694640268e-02 1.056485289903150715e-01 1.471294259808634819e-01 2.198346945954412213e-01 9.758722643818129594e-01 1.189588359692057784e+00 1.230440001972014086e+00 1.312104730059828084e+00 1.324207863792326023e+00 1.334697451288543446e+00 1.348170881525712961e+00 1.366705654498003408e+00 1.442537356183418273e+00 1.571585930099042239e+00 1.583698912214144494e+00 1.826797007034844045e+00 1.834570240504651784e+00 1.986095514450964883e+00 1.987920060870475458e+00 2.028442577419073078e+00 2.030960034362574440e+00 2.171655496616088588e+00 2.236429238947703624e+00 2.361248323031725160e+00 2.363430491684996415e+00 2.920109864205935768e+00 2.974502139238434761e+00 3.429899505437909113e+00 3.453370449449430168e+00 3.803688014040222498e+00
9.603086587228627791e-02 1.609460613452519395e-01 2.078239718810046821e-01 3.026003559837354695e-01 9.487362821616364128e-01 1.143341165519172753e+00 1.206990368071829911e+00 1.296829670465767359e+00 1.312391472336463361e+00 1.334699781301705190e+00 1.353253821062511131e+00 1.381408916724552682e+00 1.465288887508743532e+00 1.587921013614033594e+00 1.605953580898060062e+00 1.826961598416750654e+00 1.838381117140611254e+00 1.983442943500548505e+00 1.984870807714587126e+00 2.023807283344603025e+00 2.030406298262220410e+00 2.170258125144359784e+00 2.246785356696372471e+00 2.362037341987836214e+00 2.365983464900726307e+00 2.894833488935276034e+00 2.972721189061780844e+00 3.432588150235272195e+00 3.477823174758485347e+00 3.804552586249741797e+00
1.624981129462058360e-01 2.167776128723854223e-01 2.720528267758212104e-01 3.892719780962903275e-01 9.152289892952539807e-01 1.094240724329536230e+00 1.169249898428332823e+00 1.285837290939536581e+00 1.298616902706387632e+00 1.336967552274757054e+00 1.360020143756444977e+00 1.400358822762968192e+00 1.483341935634512776e+00 1.607115258957977577e+00 1.627083343036786811e+00 1.827017599349699095e+00 1.840905032249327666e+00 1.975014511895438307e+00 1.981398545952242296e+00 2.018233617714352945e+00 2.034792361731628585e+00 2.168035417750526328e+00 2.260525550413087892e+00 2.363144986455212315e+00 2.368461106510000302e+00 2.864500449683216488e+00 2.970451824463877344e+00 3.435878968968974156e+00 3.507843129717516106e+00 3.805666933218248449e+00
2.117797530521681459e-01 2.694495222191489736e-01 3.392785098686893486e-01 4.794166102992524214e-01 8.776642478125745717e-01 1.046104970790542987e+00 1.122797706685248809e+00 1.276951442925922775e+00 1.282763493288729517e+00 1.339519074117269115e+00 1.368094269320354384e+00 1.423302612339728546e+00 1.496952456924389718e+00 1.625675054906592809e+00 1.644011916164514364e+00 1.825081659093974906e+00 1.843122100547905928e+00 1.961592836883359947e+00 1.977707863213374884e+00 2.012745101218710531e+00 2.043322488239362578e+00 2.164841293852212356e+00 2.276713091949995604e+00 2.364531234316310293e+00 2.370438802101972886e+00 2.832854686752247719e+00 2.967885778089436322e+00 3.439324191153888322e+00 3.540468926875094624e+00 3.806949135157489561e+00
2.506125179708555972e-01 3.191822971053117630e-01 4.060736918230731796e-01 5.696022415434791597e-01 8.380646189650524658e-01 1.001517703501041634e+00 1.071301420563413487e+00 1.263495125277203535e+00 1.270642421960379798e+00 1.341573454512203556e+00 1.377025394094186339e+00 1.448616041938934451e+00 1.506717301874441972e+00 1.641036301291270538e+00 1.655026191414257664e+00 1.819120977314823806e+00 1.848145489389141138e+00 1.945047652749709810e+00 1.973171807442067882e+00 2.008245307049385975e+00 2.053962615454215435e+00 2.160765031364308975e+00 2.294070265812286014e+00 2.366112158732943893e+00 2.371827305528074969e+00 2.803345287210260661e+00 2.965232716765680898e+00 3.442573479089321875e+00 3.572810246338742335e+00 3.808307534101685654e+00
2.806623376305442674e-01 3.676977499525505011e-01 4.692299431162979539e-01 6.545429994509354144e-01 7.987352667596544498e-01 9.629539847183743451e-01 1.016618256632223716e+00 1.243575775665791028e+00 1.264491174434948295e+00 1.343071968506176272e+00 1.386414357172049305e+00 1.474363684786888395e+00 1.512510666066413378e+00 1.652107134181768577e+00 1.659565255307966503e+00 1.811294974100863930e+00 1.856647372624448122e+00 1.926033699937766963e+00 1.967611177184969806e+00 2.005241543285667394e+00 2.064850488202027989e+00 2.156156679194046966e+00 2.311145643738646172e+00 2.367752024253328536e+00 2.372765175018063388e+00 2.778545837606262836e+00 2.962703133640311570e+00 3.445378845372274679e+00 3.602340010076324539e+00 3.809644427866189620e+00
3.027109162789541341e-01 4.155587856846447714e-01 5.249104430026257928e-01 7.273162610651715543e-01 7.639026244447425507e-01 9.337502443422650567e-01 9.599921502032500165e-01 1.222684727713679198e+00 1.259879725666451344e+00 1.344109579242359187e+00 1.395884978141370913e+00 1.498664163103032632e+00 1.513856892339898286e+00 1.658313440664537008e+00 1.658933371283098257e+00 1.806091114859809998e+00 1.867197441949599135e+00 1.905237684712792312e+00 1.961104855608428954e+00 2.003752663581295224e+00 2.074468076589194077e+00 2.151561741631118352e+00 2.326481896941497318e+00 2.369254206638698790e+00 2.373433410005842514e+00 2.759790553094401133e+00 2.960494133190332278e+00 3.447594683571319152e+00 3.627060811412976982e+00 3.810857421639449516e+00
3.175181092974727615e-01 4.623103340945695638e-01 5.638985631580040181e-01 7.420753971382687553e-01 7.803039600242547280e-01 9.027259484461727101e-01 9.190172906879650050e-01 1.202898517983318927e+00 1.256659090425859882e+00 1.344771105776793485e+00 1.404856331913470591e+00 1.510911752375147632e+00 1.519688807222859150e+00 1.653322073573447515e+00 1.662172741618892724e+00 1.807014097803128605e+00 1.875648496527232867e+00 1.886008544746175186e+00 1.954233500123091494e+00 2.003375574676041992e+00 2.081785527519705248e+00 2.147617757449566511e+00 2.338739744902285977e+00 2.370382941809183741e+00 2.373932496377904489e+00 2.747210578283943327e+00 2.958777576331149017e+00 3.449163677630788349e+00 3.645557472057038950e+00 3.811839767263045520e+00
3.259048324275208297e-01 5.065496594612667325e-01 5.703620899888639517e-01 7.510600189400187254e-01 8.049771115355340845e-01 8.473535899227466750e-01 9.204708573712577779e-01 1.187649907902573077e+00 1.254773559147492223e+00 1.345126723846944650e+00 1.411961489950209314e+00 1.506392910440014887e+00 1.534480169551993178e+00 1.647677124440239949e+00 1.663176184545950065e+00 1.814280638919324007e+00 1.861543972963214166e+00 1.888752566419572565e+00 1.948372449931508488e+00 2.003506563882927249e+00 2.086283487788358482e+00 2.144939038831537914e+00 2.346758580028774244e+00 2.370982067165524398e+00 2.374263564653996905e+00 2.740176046477311722e+00 2.957688903789426504e+00 3.450088096602611287e+00 3.656951810334220454e+00 3.812486146868303560e+00
3.285989137998767129e-01 5.411851872762262206e-01 5.500015238815705310e-01 7.779447112549831012e-01 8.043297833585004719e-01 8.136991290880156713e-01 9.246655306481423864e-01 1.181686944355829327e+00 1.254155797684759932e+00 1.345236611927062231e+00 1.414818712087367425e+00 1.504111635089603771e+00 1.540018862391754562e+00 1.645140304524407293e+00 1.663310742443307122e+00 1.820703024921881852e+00 1.851081695626271451e+00 1.892038554898532787e+00 1.945895698723918432e+00 2.003619686372310582e+00 2.087791824254079831e+00 2.143987645771626038e+00 2.349579776441304002e+00 2.371136081602696066e+00 2.374381420563637324e+00 2.737938056183943480e+00 2.957315839145731928e+00 3.450392056219830028e+00 3.660794436667027973e+00 3.812712613582303511e+00
3.372605417413397921e-01 5.404627156427816992e-01 5.515789132013712015e-01 7.743373244461572158e-01 7.915902813029788154e-01 8.170618939516413048e-01 9.392217434115582853e-01 1.181097329206850288e+00 1.243758354678564659e+00 1.348458647097507068e+00 1.422520553703086055e+00 1.501963034201312164e+00 1.538853543186293749e+00 1.642771292796103788e+00 1.666043818305890101e+00 1.821376891483387217e+00 1.850085892135280741e+00 1.890893001409613028e+00 1.945294449240705825e+00 2.005701486100427644e+00 2.086535544302380973e+00 2.143116802994702752e+00 2.349887508853895746e+00 2.371591918642792063e+00 2.374259516058469632e+00 2.736419712027790663e+00 2.957277658462498682e+00 3.456117698282166195e+00 3.656702281150348011e+00 3.812800748117917138e+00
3.620704018026765780e-01 5.392092312255911679e-01 5.574883680281371712e-01 7.599665870351081098e-01 7.701542447146078052e-01 8.227452747231590591e-01 9.707139433227155445e-01 1.178984430333704259e+00 1.217983667272369619e+00 1.357718374368685810e+00 1.439547347283638867e+00 1.495544770337048135e+00 1.537347052328147390e+00 1.636299486212812626e+00 1.673603152294367735e+00 1.821094959942956004e+00 1.846464365973992550e+00 1.890887412009112811e+00 1.943914407972642699e+00 2.011413665635647607e+00 2.082481958533456190e+00 2.140138542844530090e+00 2.351760480120008268e+00 2.372594309819499703e+00 2.374060550025578475e+00 2.731984953152526874e+00 2.957134567313944196e+00 3.472038401223378479e+00 3.645281685094269974e+00 3.813019119668288770e+00
3.994591136339981086e-01 5.414285742333779794e-01 5.661097878240848313e-01 7.309777931184280320e-01 7.597644217821717394e-01 8.224260976960138247e-01 1.005961750826537049e+00 1.174470996184524552e+00 1.185549244248096601e+00 1.371692534414141740e+00 1.455226442973893697e+00 1.485198589983126816e+00 1.540303992905877273e+00 1.627123859267927131e+00 1.684235276285086069e+00 1.817939793076862376e+00 1.838156183553830703e+00 1.897411464242360069e+00 1.942710908483601395e+00 2.019632825262911435e+00 2.075644504769534215e+00 2.134586788212273323e+00 2.356448604100167099e+00 2.373370303126299596e+00 2.374445915569008747e+00 2.724947734688088374e+00 2.956831290684690750e+00 3.494938108074467475e+00 3.628764004253758113e+00 3.813268126127306257e+00
4.440750907347119081e-01 5.472451179522670461e-01 5.721314919750387640e-01 7.047631834961008979e-01 7.536262039895228471e-01 8.116576307064796714e-01 1.038575499690668424e+00 1.153376389563884219e+00 1.167140504421686931e+00 1.388096416395464328e+00 1.462440439291361471e+00 1.472074849003106145e+00 1.551293020972850156e+00 1.615815549539036944e+00 1.695927937438137745e+00 1.814595967876068583e+00 1.826565976467528607e+00 1.909178706548124493e+00 1.941703140806134043e+00 2.029301267745900805e+00 2.066971937762743572e+00 2.127453381452091286e+00 2.363523294028194055e+00 2.373716556561390689e+00 2.375576263527871657e+00 2.715942164607835885e+00 2.956355833525032395e+00 3.520938602230893277e+00 3.609808326131224376e+00 3.813469438236110953e+00
4.910194817198458850e-01 5.489021255392884102e-01 5.657826335342687196e-01 6.888517080141968174e-01 7.565424189558609402e-01 7.919319052976273587e-01 1.060900650342189833e+00 1.133394896802109253e+00 1.155145409352702268e+00 1.404298583897310548e+00 1.458665669354201722e+00 1.461276025679123070e+00 1.568117786685497173e+00 1.602101182225310838e+00 1.705658551379090060e+00 1.813863814345481940e+00 1.817822649512294886e+00 1.921823437102198717e+00 1.938985687877746278e+00 2.039370261973705301e+00 2.057545274686929382e+00 2.121617832995677411e+00 2.370797329161008271e+00 2.374088507637615031e+00 2.376641205504602894e+00 2.706476223333765141e+00 2.955800046030714778e+00 3.546751955610083051e+00 3.590255744235743229e+00 3.813609971961772871e+00
5.366510012880084668e-01 5.389175123314811078e-01 5.392502412153074021e-01 6.853796861942804686e-01 7.700252264763163268e-01 7.704634031775182690e-01 1.064192672706153475e+00 1.138472255181188775e+00 1.138801817968173369e+00 1.413280146112394053e+00 1.454178670908844229e+00 1.454372547972639484e+00 1.585848802520175793e+00 1.586046819080979109e+00 1.709335786735620477e+00 1.817003602358321368e+00 1.817472630731573835e+00 1.932343257775560375e+00 1.932546885780783041e+00 2.047908670580173673e+00 2.048589254039336005e+00 2.119943572736892712e+00 2.374214574963617874e+00 2.374245014823582967e+00 2.378663299216991156e+00 2.699387453685867744e+00 2.955368126549354102e+00 3.570158960649813640e+00 3.570409680130752772e+00 3.813707020235578060e+00
5.060984175700835586e-01 5.147738508045927031e-01 5.828706522803411838e-01 6.799770065016292886e-01 7.602426823811232470e-01 7.874339999417250269e-01 1.065218732755861097e+00 1.121798074055996075e+00 1.158170188970156778e+00 1.406476041973656166e+00 1.446833655284370357e+00 1.469385169172486627e+00 1.569295491173530399e+00 1.599464251637527701e+00 1.707418754213315015e+00 1.814819628416459940e+00 1.823434017741790480e+00 1.922796139860086795e+00 1.940713242911312308e+00 2.040423755573764097e+00 2.055143822931061237e+00 2.121381090882187515e+00 2.371852450402023749e+00 2.374187775335568684e+00 2.378984976479975089e+00 2.701497264534510112e+00 2.955536365900138129e+00 3.550506275674339740e+00 3.587584888565471974e+00 3.813656693287724497e+00
4.658062417057937665e-01 4.844175606504515508e-01 6.251912107197308277e-01 6.551925798238035226e-01 7.703561213836050969e-01 7.996400039629888434e-01 1.072292586618817545e+00 1.105917341222357297e+00 1.180193159797681579e+00 1.394447162088268133e+00 1.438415795039069245e+00 1.493318597828269034e+00 1.550738299846164514e+00 1.606374913892198997e+00 1.704019849891712290e+00 1.812630424387337680e+00 1.836109221421400539e+00 1.910883889633281152e+00 1.948679114043865290e+00 2.032511161638431041e+00 2.060120426488463163e+00 2.125472883011807923e+00 2.365596244333624032e+00 2.373719008013640330e+00 2.379141057173948859e+00 2.708246217068887685e+00 2.956109265525243224e+00 3.530947754750310086e+00 3.599161239286011948e+00 3.813428817895254674e+00
4.208976984968605395e-01 4.489352639895086705e-01 6.139708312343246099e-01 6.663280709716506989e-01 7.874766683453092719e-01 8.071041488579098200e-01 1.087185477986399640e+00 1.096288103954685456e+00 1.201599413916668357e+00 1.382792540723354779e+00 1.429600171701199463e+00 1.519407540650232757e+00 1.530743897543026089e+00 1.604503703917536273e+00 1.702162380327868929e+00 1.810904613298115251e+00 1.853397549652725074e+00 1.897338126141118408e+00 1.956209552203019397e+00 2.025286474277493198e+00 2.062485424734023187e+00 2.131424892482314259e+00 2.355697394493929675e+00 2.372922997622701757e+00 2.378640960041757957e+00 2.719932555210670344e+00 2.957156471559672539e+00 3.512189696754967727e+00 3.603928047399930001e+00 3.812941860715368669e+00
3.732031470723289335e-01 4.100938411864868960e-01 5.647087925702369837e-01 7.013963702191445826e-01 7.738223814012931134e-01 8.392237345062553144e-01 1.097391457571744944e+00 1.108641252738115979e+00 1.221526384036919932e+00 1.372876483200000886e+00 1.420716517156298320e+00 1.507703877404083403e+00 1.546144890819038720e+00 1.594759085103813367e+00 1.701337403110740887e+00 1.810218432470425576e+00 1.872817074204261356e+00 1.883715639792457708e+00 1.963150375246691892e+00 2.019184462202388008e+00 2.062126487804712749e+00 2.138393517167818114e+00 2.342371543562981273e+00 2.371823582261229468e+00 2.377531907413640955e+00 2.736564920040653437e+00 2.958700137351088166e+00 3.494809117890780747e+00 3.601292707423353612e+00 3.812141363001748218e+00
3.238698465589789910e-01 3.690532099568806235e-01 5.101926676726417087e-01 6.991918938745246281e-01 7.723792370956965581e-01 8.823183498914243250e-01 1.109155320828784763e+00 1.134835834062749793e+00 1.239806324094167911e+00 1.364801549605206166e+00 1.411992269204729755e+00 1.483904978013961262e+00 1.568690554861888353e+00 1.579825983452065596e+00 1.698697032827082731e+00 1.810915695925006785e+00 1.867896088800153231e+00 1.896245631633913797e+00 1.969314801702793272e+00 2.014607342328696316e+00 2.059191249733854701e+00 2.145662147951642229e+00 2.326206366835120942e+00 2.370465380009374901e+00 2.375920339096159850e+00 2.757875566500049835e+00 2.960704738105072842e+00 3.479231520231044428e+00 3.591293865506866023e+00 3.811034143117308925e+00
2.733566940282346480e-01 3.265567452810007598e-01 4.521883707628358007e-01 6.453941781396306254e-01 8.054851583299648121e-01 9.308602110165196120e-01 1.128277619889849870e+00 1.164099151107161667e+00 1.256505921319684527e+00 1.358189511272992034e+00 1.403557708071291543e+00 1.458879166571420916e+00 1.561407260228995675e+00 1.585946636757873396e+00 1.691533274548816745e+00 1.812985926357882249e+00 1.855599093673780509e+00 1.918081514227893525e+00 1.974516579644688408e+00 2.011964797768414304e+00 2.054108811673116985e+00 2.152654864487970610e+00 2.308184547022172683e+00 2.368912871488431993e+00 2.373915274125510511e+00 2.783282580439450538e+00 2.963075986478665769e+00 3.465720400198966100e+00 3.574592618156847923e+00 3.809696208746386148e+00
2.213240366756685229e-01 2.830077514896108259e-01 3.918712046157161732e-01 5.736271785128141953e-01 8.441658022370562842e-01 9.830506259991068641e-01 1.151371756401036617e+00 1.195018824781744815e+00 1.271776656652923165e+00 1.352554123842162559e+00 1.395423361140798235e+00 1.433370838914568735e+00 1.541079490771303906e+00 1.595691030362452523e+00 1.678226839831205464e+00 1.815965821368220379e+00 1.846129259958893432e+00 1.939001310692384239e+00 1.978623106758376160e+00 2.011639335406364637e+00 2.047613915353554859e+00 2.158908061074955587e+00 2.289588223122614785e+00 2.367247072580853651e+00 2.371630498045159907e+00 2.811821528948325710e+00 2.965669495739314154e+00 3.454384322013505315e+00 3.552449633959494868e+00 3.808247971678241584e+00
1.663298617195467788e-01 2.385012221171478319e-01 3.302450812706574923e-01 4.930014397430478867e-01 8.824745460009999487e-01 1.037288623437521817e+00 1.175873411922638390e+00 1.226359661053778360e+00 1.285801099340913689e+00 1.347544834960633597e+00 1.387476887648348089e+00 1.408411956105133589e+00 1.518992227418727747e+00 1.597635419798991929e+00 1.658651935791075394e+00 1.818985455346290081e+00 1.840079031006880861e+00 1.957575516704814778e+00 1.981663010457353824e+00 2.013764377001075800e+00 2.040775626009355026e+00 2.164066128387510446e+00 2.271829712898807863e+00 2.365562108878945136e+00 2.369189938899126435e+00 2.842086147517050687e+00 2.968307128284894514e+00 3.445201961302408744e+00 3.526678045399755490e+00 3.806818094815267894e+00
1.040283991592018953e-01 1.929013251139528318e-01 2.682482067434037720e-01 4.073536446259062860e-01 9.185216230757385913e-01 1.091798596012926170e+00 1.199513423356877162e+00 1.256945570522973066e+00 1.298780792638414505e+00 1.343090685609838575e+00 1.379486650364045719e+00 1.385536487374030123e+00 1.495197335457549626e+00 1.592550282384604055e+00 1.634279015009213909e+00 1.821320958365608256e+00 1.836762552936371362e+00 1.972402090823932586e+00 1.983878359510238498e+00 2.017938731515525497e+00 2.035022845759595800e+00 2.167916739163980644e+00 2.256219941103693394e+00 2.363962454477125164e+00 2.366737775500494134e+00 2.872209269042583557e+00 2.970797300373753114e+00 3.438063539075203234e+00 3.499564344117712889e+00 3.805518083593955492e+00
-3.530466375213656832e-02 1.460254433093365611e-01 2.067388702018993774e-01 3.192913858388327641e-01 9.506277880825828586e-01 1.144320055411900849e+00 1.219615029667347583e+00 1.285517792411709381e+00 1.310950692132660356e+00 1.339545222909602984e+00 1.366397570811024087e+00 1.371602764603230939e+00 1.469671665450574372e+00 1.582459547231458430e+00 1.607884215580157816e+00 1.823021223649209155e+00 1.834689341228656012e+00 1.982135182341741908e+00 1.985549989775858615e+00 2.023204115066555175e+00 2.031923731628403118e+00 2.170447816263464169e+00 2.243725678701738335e+00 2.362559855916709139e+00 2.364452752316684947e+00 2.899898385168948156e+00 2.972955348157372057e+00 3.432827391224002156e+00 3.473755436223623150e+00 3.804432811353330113e+00
-8.881030059983503755e-02 9.788658805691517750e-02 1.467524369480317781e-01 2.306676496640883978e-01 9.767001810107093229e-01 1.191399437555302754e+00 1.233192748796411164e+00 1.310555517445265883e+00 1.322622345370857877e+00 1.337885475858836104e+00 1.353345555518124632e+00 1.363100555644322087e+00 1.442966355289606151e+00 1.570506170562102177e+00 1.583314020027702940e+00 1.824555269108939282e+00 1.832691146454644704e+00 1.986550783026876266e+00 1.986815424737566893e+00 2.028279995871376862e+00 2.031988429876213864e+00 2.171869260793426459e+00 2.234824361219991395e+00 2.361468389586858230e+00 2.362550803768813434e+00 2.922552952032215323e+00 2.974621022898505274e+00 3.429404678801127648e+00 3.452066909937776096e+00 3.803621217587281222e+00
-8.942763730462786886e-02 4.889315929236381919e-02 9.174423617051390145e-02 1.414861763009078455e-01 9.941197622081964225e-01 1.226818081448889819e+00 1.239256440402616954e+00 1.330057669367181505e+00 1.334062123623410701e+00 1.338857206043988501e+00 1.345960918078797475e+00 1.354067911456633855e+00 1.418183120192696212e+00 1.560768510026522726e+00 1.565243005840814439e+00 1.826209608660016137e+00 1.830525120470783751e+00 1.987569393287389019e+00 1.987675797943077693e+00 2.031878647851304454e+00 2.033557053432758721e+00 2.172523770304980673e+00 2.229570038854269853e+00 2.360800877642525109e+00 2.361250052377806607e+00 2.937552124221664673e+00 2.975671608951541813e+00 3.427964925074275637e+00 3.437015000489423766e+00 3.803120726923642447e+00
-2.864937195323933328e-05 -8.446195535549535623e-06 4.828459131677932795e-08 6.976483735193325653e-02 1.000309920527168828e+00 1.240515420752690057e+00 1.240725603887151474e+00 1.340346578160623636e+00 1.340665492865500186e+00 1.342644191168490542e+00 1.342868437988686603e+00 1.344971285885805834e+00 1.406080397189368503e+00 1.557540291596194004e+00 1.557923005011587758e+00 1.827639492244489849e+00 1.828868100192870161e+00 1.987703152050285693e+00 1.987885498194261968e+00 2.033142716166157271e+00 2.034401483157894042e+00 2.172705360152847209e+00 2.227840976791584549e+00 2.360681236940937566e+00 2.360681348944856595e+00 2.942821705591401216e+00 2.976030470770580916e+00 3.429494509767382571e+00 3.429715793963860726e+00 3.802951747440478591e+00
3.999797133052657161e-02 4.826775297425305727e-02 7.425477236879550469e-02 1.174277393530185482e-01 1.000963710826743069e+00 1.238108075922958795e+00 1.238307159509278721e+00 1.319386507254510121e+00 1.319662514529246433e+00 1.345061338282850016e+00 1.362833191949244016e+00 1.363123053921920125e+00 1.405611573693175798e+00 1.558738052161956711e+00 1.559154391097046899e+00 1.827744820233520917e+00 1.828978702053416505e+00 1.989703328517744119e+00 1.989898827005902593e+00 2.031021225355738480e+00 2.032241106591416990e+00 2.155483385394381113e+00 2.241917251828476676e+00 2.362814524829224272e+00 2.362834240087620774e+00 2.908759123685803694e+00 3.015951582897626437e+00 3.427513927479997502e+00 3.427740317094843725e+00 3.801722523872629989e+00
8.444122781826932100e-02 9.183558999824548152e-02 9.320690033161897758e-02 2.298894740231662015e-01 1.003016242243034428e+00 1.229073286385822028e+00 1.229253969567111415e+00 1.300408088799589246e+00 1.300704445398893627e+00 1.345408970127233372e+00 1.381538616670232145e+00 1.381901208065930753e+00 1.404225718576530557e+00 1.562294467826281785e+00 1.562784246694851609e+00 1.827849965397566168e+00 1.829097574497371204e+00 1.995084102450425556e+00 1.995343080678508851e+00 2.025470785293029596e+00 2.026554245784567332e+00 2.122127418823615219e+00 2.265867789314455649e+00 2.368971162198365121e+00 2.369032640264924439e+00 2.867688813761119615e+00 3.074209396992489296e+00 3.421694336338659603e+00 3.421931861139974274e+00 3.798033208218495105e+00
1.166878983856914076e-01 1.281167466339152017e-01 1.342219570698711117e-01 3.387736794680338281e-01 1.006736249681627005e+00 1.210344437049171384e+00 1.210548837689765067e+00 1.288823952695953956e+00 1.289164907602974974e+00 1.346040982150715992e+00 1.397224717502205671e+00 1.397653080806836590e+00 1.401985222912306206e+00 1.568093982548992349e+00 1.568661221389118454e+00 1.827283175644955016e+00 1.828547914341886349e+00 2.000507170970201809e+00 2.001033825265447152e+00 2.020385218652092973e+00 2.021082904230519173e+00 2.083389965561134538e+00 2.289052349339912418e+00 2.378490262084454798e+00 2.378609044160733266e+00 2.831110781524182496e+00 3.138208564891539876e+00 3.412398927327743525e+00 3.412645520821893541e+00 3.791869503718457324e+00
1.417716404156006416e-01 1.704752637716843711e-01 1.750248581719428820e-01 4.410819676941578060e-01 1.012557665705838605e+00 1.183359475965574115e+00 1.183578251468508924e+00 1.284218373183095174e+00 1.284589962045001865e+00 1.347015993936558020e+00 1.398988586320524252e+00 1.410154975701782165e+00 1.410588568465075854e+00 1.575985855801998570e+00 1.576626676142640848e+00 1.824872874327281957e+00 1.826153904739451495e+00 1.997430011859503640e+00 1.998254356932227083e+00 2.025141393345147645e+00 2.025359370766578682e+00 2.041513477623651429e+00 2.309487504862927310e+00 2.390492462380303440e+00 2.390673470305296089e+00 2.799403365565176216e+00 3.205941290362247287e+00 3.400224555690155359e+00 3.400473250529031599e+00 3.783178779776374512e+00
1.664811373726940991e-01 2.107960434311006437e-01 2.137240706680696156e-01 5.343957568349300136e-01 1.021052261245181114e+00 1.152417575743951872e+00 1.152608112409709173e+00 1.283224016164413950e+00 1.283608960410550281e+00 1.348382876324307533e+00 1.395380075370015183e+00 1.420879416949412555e+00 1.421244750454978778e+00 1.585877646757237303e+00 1.586597118367374604e+00 1.819118215587195886e+00 1.820412900912462772e+00 1.989500716157704296e+00 1.990248318680325923e+00 1.997590283601926142e+00 2.036943774709094157e+00 2.037049019103550851e+00 2.326629822666934633e+00 2.404028490071381086e+00 2.404268537796549587e+00 2.772598405478293948e+00 3.275413823450321171e+00 3.385991289628654588e+00 3.386236519311512705e+00 3.771834602348721255e+00
1.894895649662047543e-01 2.481945641121544588e-01 2.496423850852622084e-01 6.162440697819134838e-01 1.032829602840823480e+00 1.120807661858712390e+00 1.120940968875925536e+00 1.283571083197307727e+00 1.283970939980266124e+00 1.350163183555110669e+00 1.391330748656797178e+00 1.429905669247344635e+00 1.430158998137526893e+00 1.597791006870006525e+00 1.598603462848528167e+00 1.808755483769082018e+00 1.810056303848282200e+00 1.952818719317809926e+00 1.982905737125865153e+00 1.983507143978583631e+00 2.050069691154480456e+00 2.050152692247357855e+00 2.340335055661280972e+00 2.418131611785160118e+00 2.418422709438636353e+00 2.750721752703116696e+00 3.344470144127474232e+00 3.370724191156845073e+00 3.370969159761207035e+00 3.757600661025521038e+00
2.097704823820082665e-01 2.815944541010197422e-01 2.818858464983293177e-01 6.842120890969846103e-01 1.048204025645947945e+00 1.090866874322166336e+00 1.090948508541310868e+00 1.284199953248197801e+00 1.284620291448775209e+00 1.352337595681949223e+00 1.387043056087461590e+00 1.437499750921642061e+00 1.437657643957449105e+00 1.611811274543199612e+00 1.612732557783382203e+00 1.793495681314174250e+00 1.794784673019783172e+00 1.908972826794498090e+00 1.979148286230072884e+00 1.979627325960699569e+00 2.062520788528355187e+00 2.062602295302594868e+00 2.350698245457224278e+00 2.431805318358411849e+00 2.432137227343955210e+00 2.733708032409460476e+00 3.355616478619924070e+00 3.355853673865569764e+00 3.411023567384725119e+00 3.740105053855786732e+00
2.264781117764298746e-01 3.093038621978527192e-01 3.097240592585326358e-01 7.364614380799446858e-01 1.064599702227319700e+00 1.064692016222654081e+00 1.066446262669798584e+00 1.284692592984563619e+00 1.285133650336796274e+00 1.354828716374149922e+00 1.382752268064026513e+00 1.443668511126452003e+00 1.443798132146054902e+00 1.627913054871817700e+00 1.628954990785056234e+00 1.774287067657981609e+00 1.775537269784320804e+00 1.868625162929543837e+00 1.977903174510120099e+00 1.978294565276045303e+00 2.073172632835913465e+00 2.073260619626522860e+00 2.358019515971195634e+00 2.444010878316967172e+00 2.444372875955076907e+00 2.721295333603027000e+00 3.341964879904678831e+00 3.342207610821065433e+00 3.473216476525516239e+00 3.718839588357144343e+00
2.389271592639853892e-01 3.305324094488797937e-01 3.311745196890091836e-01 7.724677084028507279e-01 1.043964302538318512e+00 1.044080128560527232e+00 1.084892481161396693e+00 1.284959850379361335e+00 1.285417473780958497e+00 1.357453777111724325e+00 1.378764024612226580e+00 1.448286310531572862e+00 1.448410260567714936e+00 1.645609312752836839e+00 1.646783223533894169e+00 1.753056561925667278e+00 1.754234044928588032e+00 1.835246944681110604e+00 1.978107990447825815e+00 1.978444089388289084e+00 2.081265439645854975e+00 2.081361540562220114e+00 2.362742641282949307e+00 2.453707868016285598e+00 2.454089937041903813e+00 2.713022174398898922e+00 3.331052369485833164e+00 3.331299331747928694e+00 3.529633045172944961e+00 3.693216525151378438e+00
2.466072467342599606e-01 3.441536709239385594e-01 3.445981504182681343e-01 7.931322442940249573e-01 1.030732974476939345e+00 1.030837590142414939e+00 1.099037635710596206e+00 1.285061125262116688e+00 1.285529279635552191e+00 1.359772157616695232e+00 1.375600597119055468e+00 1.451175768302659819e+00 1.451267791513339844e+00 1.662899037118918510e+00 1.664227717188084821e+00 1.733098723792324325e+00 1.734155590379519607e+00 1.812848136498637075e+00 1.978702265713398356e+00 1.979007821997192051e+00 2.086304750751433179e+00 2.086406112013026615e+00 2.365337159404118150e+00 2.459967425836526722e+00 2.460360800506694368e+00 2.708349390898805886e+00 3.323991464625443371e+00 3.324239959025936386e+00 3.579090372534111886e+00 3.662878224081561385e+00
2.492028596260663365e-01 3.490032312412126858e-01 3.490333096957924930e-01 7.998151319193808062e-01 1.026171372695821482e+00 1.026256975213514444e+00 1.104386870863674819e+00 1.285082461049212643e+00 1.285554231174248718e+00 1.360809253328204349e+00 1.374278021749799406e+00 1.452167560722282813e+00 1.452229391689545679e+00 1.671996864279611028e+00 1.673447647767689617e+00 1.723020820738940362e+00 1.723964963599348810e+00 1.804908012514310878e+00 1.978980821375998289e+00 1.979276428595229786e+00 2.088014057066389206e+00 2.088117015855853520e+00 2.366158093568909049e+00 2.462133380148301853e+00 2.462530383507909981e+00 2.706846388589686292e+00 3.321546708037708573e+00 3.321795299308013760e+00 3.612804155872108236e+00 3.635646479463393366e+00
2.540481510035216273e-01 3.412730925468245302e-01 3.676510887997951338e-01 7.902463149560200462e-01 1.024797315907097772e+00 1.028743138107546251e+00 1.108817108502228033e+00 1.265087293658124112e+00 1.281148394819787484e+00 1.356568122564839829e+00 1.390154022670185840e+00 1.450579785752330375e+00 1.452783779920879592e+00 1.673991631750204823e+00 1.678080416558267007e+00 1.723394902609378221e+00 1.725260279520121065e+00 1.808826503887152271e+00 1.978597927174322590e+00 1.981153672141105604e+00 2.086856100969794792e+00 2.087699300575454497e+00 2.365727211236943184e+00 2.462206363846218604e+00 2.462908340979082400e+00 2.704962079277842601e+00 3.320004313226914583e+00 3.325950603986894905e+00 3.611958244850681510e+00 3.635515798777547047e+00
2.678319939042527742e-01 3.470503609009311097e-01 3.947531081148421550e-01 7.642232536818523991e-01 1.020659134976519056e+00 1.034167222694396759e+00 1.121583447026586633e+00 1.225235591252627820e+00 1.267785017632284461e+00 1.346131064634582097e+00 1.414536104597819088e+00 1.449624871748619537e+00 1.453623713840913156e+00 1.678958126639078952e+00 1.690838910876485190e+00 1.725101540933537958e+00 1.729266070345032213e+00 1.820191177504897118e+00 1.977576914424812315e+00 1.986225397100972678e+00 2.083239647557524776e+00 2.086564887006216118e+00 2.364479697204410868e+00 2.461442451335009274e+00 2.464947104060829730e+00 2.699373611402405615e+00 3.320557683230771939e+00 3.333091180536889908e+00 3.609602857067382153e+00 3.635099800906429479e+00
2.882031693518364857e-01 3.674046877267947986e-01 4.293111543727219925e-01 7.271416556973501200e-01 1.013805048017944355e+00 1.039475100603174385e+00 1.140392212431108998e+00 1.181316488002068121e+00 1.245524179830122202e+00 1.333817780869249736e+00 1.418312848688578764e+00 1.453729876806592491e+00 1.464519611750974226e+00 1.685480528072556661e+00 1.707141371013539022e+00 1.729508709912751296e+00 1.737119569489139703e+00 1.837829847144501372e+00 1.975933821735515350e+00 1.993403353750555329e+00 2.077173064383645684e+00 2.084661372936194468e+00 2.362540871530428355e+00 2.460138143863195292e+00 2.468133548148483403e+00 2.690333536737417486e+00 3.322737914652375668e+00 3.343253877233059335e+00 3.606183617183342349e+00 3.634362753545753666e+00
3.113020703359551389e-01 4.007910471849132072e-01 4.716382088133835304e-01 6.839803682791859574e-01 1.003995918385489849e+00 1.043606838322507890e+00 1.137953484788095881e+00 1.161134860513193257e+00 1.216845885975671671e+00 1.322584063075407990e+00 1.405689479109871076e+00 1.452972823677902259e+00 1.488309124866923350e+00 1.691523160879639276e+00 1.721130512143258073e+00 1.738042440176543746e+00 1.751317931546755524e+00 1.859814173187595898e+00 1.973740999513371452e+00 2.001430292368788777e+00 2.068638799167538789e+00 2.082007104126534003e+00 2.360091724563516014e+00 2.458318950604073017e+00 2.472131546978827199e+00 2.678410435102767106e+00 3.325856319613612389e+00 3.356438520187081664e+00 3.602182888390311977e+00 3.633309517729125915e+00
3.332855201216522456e-01 4.426515263339506068e-01 5.222835007275992147e-01 6.391898707069433305e-01 9.904432210988463048e-01 1.046591801296985480e+00 1.099175166825210326e+00 1.163843377792384892e+00 1.199402919422315250e+00 1.313841319408981745e+00 1.387658575031741393e+00 1.451095362046195270e+00 1.510686576940965198e+00 1.695799770746653223e+00 1.731964256093539101e+00 1.749819301738615884e+00 1.771380684309721953e+00 1.883598033561139085e+00 1.971097426182888190e+00 2.009453292136096358e+00 2.057682201418890688e+00 2.078672031453315583e+00 2.357342323343455170e+00 2.456031387130912069e+00 2.476546219618305233e+00 2.664570502517655815e+00 3.329293558992573843e+00 3.372412627593595502e+00 3.597885276156607581e+00 3.632000291557125227e+00
3.516077187513272362e-01 4.851745942445263582e-01 5.801510522824270266e-01 5.993882564252116518e-01 9.720101883035546786e-01 1.048349244139822556e+00 1.066782963531255346e+00 1.128887515118794926e+00 1.212549980231696134e+00 1.308801582890150250e+00 1.366936572044911813e+00 1.448146111813674475e+00 1.530233694979764136e+00 1.698556852811037743e+00 1.742238222187449503e+00 1.763364196364475722e+00 1.793164231993892521e+00 1.906339930105733993e+00 1.968124359712672300e+00 2.017337521744261064e+00 2.044505287787088399e+00 2.074763211620548109e+00 2.354511784507974603e+00 2.453371756342460408e+00 2.480952154014718580e+00 2.650111026181706908e+00 3.332607885951157201e+00 3.390744184976654640e+00 3.593209543284687335e+00 3.630545432373991854e+00
3.642392211623270426e-01 5.080204880992240657e-01 5.847956541954633103e-01 6.426518663603126846e-01 9.487044261356832875e-01 1.040581171028272189e+00 1.048921631681094979e+00 1.086285508243647779e+00 1.226122868708960922e+00 1.308917118999771922e+00 1.345010878329230497e+00 1.444205824479422695e+00 1.546873047530539669e+00 1.700705845559236096e+00 1.752648971446767678e+00 1.777500557599736020e+00 1.814028483653547630e+00 1.925458944572325137e+00 1.964966940854951272e+00 2.024907804116898635e+00 2.030189806822858323e+00 2.070416214615031780e+00 2.351813041607381027e+00 2.450496396183782011e+00 2.484943197983125351e+00 2.636427972210307669e+00 3.335541842217898179e+00 3.410906988300686837e+00 3.587675096632676919e+00 3.629097095027838282e+00
3.685666899183381862e-01 4.940976740604575701e-01 6.168189837191795366e-01 7.041751394230575389e-01 9.231269561237656074e-01 1.021271526135485219e+00 1.028441402821697048e+00 1.059406772212611036e+00 1.234085415213594272e+00 1.314627032689041908e+00 1.323311147087456341e+00 1.439437032386346793e+00 1.560509920216384572e+00 1.703028285998093860e+00 1.762929260691402877e+00 1.791136173491019834e+00 1.832587876628865242e+00 1.939469280888447278e+00 1.961804148762467559e+00 2.012860603934791826e+00 2.035125532109718804e+00 2.065835544834712767e+00 2.349434597512856104e+00 2.447618647428594585e+00 2.488202879166455439e+00 2.624701185245926993e+00 3.337974118206585405e+00 3.432339652542812480e+00 3.580550509307829365e+00 3.627820902946334858e+00
3.626390312843984498e-01 4.778608212234473629e-01 6.644190316435182320e-01 7.602319883658663624e-01 8.993820360475091036e-01 9.805699467986109807e-01 1.005220771018746850e+00 1.057060304987821775e+00 1.237250169222013474e+00 1.303256919724214979e+00 1.324051017456588042e+00 1.434170992858821547e+00 1.570946510061618229e+00 1.705876895764508072e+00 1.772434663943404098e+00 1.803349808653336606e+00 1.847924754407140879e+00 1.948548820425527461e+00 1.958870033976199299e+00 1.996867539856943319e+00 2.044186537377005841e+00 2.061374223713637654e+00 2.347517792094808264e+00 2.444990759551569415e+00 2.490577103889245247e+00 2.615641974947656490e+00 3.339862835499160187e+00 3.454401064197745619e+00 3.571156603061680368e+00 3.626838057413701133e+00
3.498855751884636933e-01 4.703556893569808550e-01 7.154084762677156428e-01 8.053436903085540166e-01 8.820623183470210904e-01 9.289857931112424083e-01 9.902945898175071759e-01 1.057163414404594715e+00 1.237956602513060833e+00 1.286798426256346772e+00 1.333758559199719196e+00 1.429035849639119338e+00 1.578105631628302197e+00 1.708982045872899036e+00 1.780291214009274148e+00 1.813279186509954011e+00 1.859369231256156940e+00 1.953840299030074279e+00 1.956543198667321404e+00 1.982709059766158743e+00 2.051809503612799457e+00 2.057673495068065073e+00 2.346140665049539109e+00 2.442872998004471885e+00 2.492095710227938632e+00 2.609433421136177156e+00 3.341202945322063744e+00 3.476204800854797661e+00 3.559245296876078157e+00 3.626182946789501926e+00
3.382244305353808711e-01 4.682147958015204225e-01 7.674422491887101794e-01 8.307349152231027212e-01 8.741847371405218059e-01 8.800462545600047370e-01 9.775242888007190656e-01 1.057441935969985591e+00 1.237875144731931165e+00 1.275783719980125186e+00 1.341006912159803166e+00 1.425070708277644371e+00 1.582179081902048479e+00 1.711497295509064820e+00 1.785541453277298851e+00 1.819948615623244281e+00 1.866448250662536834e+00 1.954504147787403223e+00 1.957061194642892410e+00 1.972751985962350352e+00 2.054102633216393858e+00 2.057868202869540308e+00 2.345322836987515647e+00 2.441495152804067370e+00 2.492905890083579656e+00 2.605893100253447781e+00 3.342001724808242535e+00 3.495998428968908556e+00 3.545728834621344028e+00 3.625822169602453737e+00
3.336729323679273884e-01 4.678765491783941077e-01 8.154328104419324985e-01 8.213954019949272212e-01 8.429328203197591352e-01 8.811429662524088435e-01 9.717191312934632119e-01 1.057562219037279316e+00 1.237778566085620868e+00 1.271883414875684126e+00 1.343709629354983948e+00 1.423536590370460653e+00 1.583485689243225858e+00 1.712473612056004013e+00 1.787395871582562412e+00 1.822335226811457431e+00 1.868849040352295487e+00 1.953985924469959334e+00 1.957824482507180885e+00 1.969174538931593110e+00 2.053365303748817094e+00 2.059437201722851718e+00 2.345053122358125464e+00 2.441016752111531574e+00 2.493156095293574293e+00 2.604752585943701515e+00 3.342266952744458841e+00 3.506710911672402453e+00 3.537166156614503176e+00 3.625708598324227872e+00
3.370081278794039292e-01 4.674297182020870634e-01 8.036423986059323399e-01 8.099759095405614229e-01 8.492445440819108571e-01 8.965996418686247305e-01 9.768259589660397424e-01 1.057272002673194100e+00 1.236361542062920815e+00 1.271280635497028522e+00 1.338807193351963409e+00 1.420267802762468001e+00 1.589233397405793946e+00 1.715522727610797382e+00 1.785639597339100160e+00 1.823554831478147120e+00 1.867292140256148869e+00 1.952909611112895405e+00 1.957800474959123349e+00 1.971084457698742298e+00 2.052632661211545084e+00 2.058140844199748631e+00 2.345443730185925890e+00 2.441388672103784518e+00 2.492611958584748155e+00 2.603751954436111848e+00 3.345836179231288732e+00 3.506494859594450286e+00 3.534611826083891906e+00 3.625932565506329475e+00
3.466592304323891649e-01 4.658524208287629920e-01 7.755317415019538085e-01 7.982949390070138707e-01 8.558253288787615043e-01 9.269257026651470666e-01 9.903347691747881321e-01 1.056621488935427511e+00 1.230347093390167901e+00 1.269512231156948889e+00 1.327730012675516047e+00 1.411096518407985778e+00 1.604559968194156250e+00 1.723055308115081452e+00 1.780955266318043240e+00 1.826431295528907262e+00 1.863381778011506729e+00 1.950374707991546552e+00 1.957713043814324871e+00 1.976457346035195739e+00 2.050324597537590332e+00 2.054879511765891120e+00 2.346508681838682886e+00 2.442695946864330558e+00 2.490950225849367872e+00 2.601004170329577203e+00 3.356057804060007754e+00 3.505674809605125564e+00 3.527333489751583784e+00 3.626451142556489149e+00
3.613900239504383993e-01 4.622804919572894300e-01 7.482807585201660672e-01 7.879713029109366440e-01 8.586164055583850319e-01 9.601905235629304425e-01 1.008597565597990409e+00 1.056186844612109210e+00 1.215218560912804557e+00 1.266957082299635662e+00 1.318469663493786692e+00 1.397440141162943128e+00 1.625605652410074820e+00 1.731245770125597438e+00 1.774057021385305299e+00 1.829769163213586181e+00 1.859185381500023215e+00 1.947873927814984141e+00 1.957497139414746901e+00 1.984439588654718589e+00 2.046419494662230054e+00 2.051149759267329564e+00 2.347937299204146289e+00 2.445389958483478843e+00 2.488161158437926623e+00 2.597126300235258256e+00 3.371641518357259226e+00 3.503678700194093221e+00 3.516465666228084430e+00 3.626931493789689931e+00
3.789601883824565420e-01 4.552569714768553433e-01 7.248231820849199147e-01 7.840246211644936736e-01 8.551370619077716118e-01 9.932312637212452611e-01 1.028144894686858768e+00 1.056817322754408650e+00 1.188628977301725564e+00 1.264425961536681298e+00 1.315929829685022590e+00 1.380847288842256049e+00 1.648961302317024202e+00 1.736680953717744558e+00 1.765064600818935903e+00 1.833158728719539221e+00 1.856603254655878832e+00 1.946822656878600455e+00 1.957072323447781148e+00 1.993987112426413910e+00 2.041810983125381451e+00 2.048022898692556826e+00 2.349279241298618981e+00 2.449864862658526210e+00 2.484388984325958560e+00 2.592803034007593155e+00 3.390894841232711343e+00 3.498270714447194507e+00 3.505033819330245937e+00 3.627098520178560825e+00
3.963362200987488593e-01 4.439340322981816245e-01 7.068720200870696191e-01 7.883875128327915149e-01 8.443073106858288712e-01 1.024526763047319600e+00 1.044748890923715923e+00 1.060522389030093215e+00 1.153960568301866108e+00 1.262178188545669544e+00 1.318974972275186897e+00 1.363118551140279466e+00 1.671836895381283217e+00 1.738828690738785543e+00 1.754459460747546773e+00 1.836850128738350962e+00 1.855094049468599016e+00 1.948130957110670636e+00 1.956455111054314244e+00 2.004096998495112469e+00 2.036921659765472903e+00 2.046574476338208992e+00 2.350098843440261209e+00 2.456090479112590153e+00 2.479953230370093298e+00 2.588621681702354849e+00 3.412127074725122000e+00 3.485255699825321685e+00 3.498194279392762507e+00 3.626886568941334765e+00
4.100245224913454667e-01 4.297923292065176648e-01 6.957927114849402628e-01 7.986993590362949647e-01 8.278044461418676558e-01 1.050906778280939813e+00 1.054810316308203211e+00 1.070542849581297640e+00 1.116197441107302346e+00 1.260232567247700386e+00 1.325259170835367817e+00 1.346611759322765778e+00 1.690662756788028798e+00 1.739483200529156282e+00 1.744436040395196397e+00 1.841285885805018951e+00 1.852356508396623580e+00 1.951626253765927244e+00 1.955894787805363189e+00 2.014022684338963476e+00 2.030902375606817412e+00 2.047849531488813657e+00 2.350155677886393235e+00 2.463414523698183256e+00 2.475230479925875304e+00 2.585156525288974105e+00 3.433777796474094757e+00 3.469780041309778795e+00 3.492006900474410092e+00 3.626451641694342864e+00
4.162813686489759135e-01 4.174635585911021796e-01 6.919474163246516207e-01 8.093838350617558186e-01 8.100525774255600275e-01 1.054914990957943388e+00 1.078438976224874279e+00 1.079992665794478501e+00 1.080621858395311774e+00 1.259844866052099555e+00 1.333259630673160778e+00 1.333796232816065297e+00 1.698697996010449573e+00 1.740102352241480466e+00 1.740496498798289160e+00 1.846888256249828553e+00 1.847096879725104834e+00 1.955716907885847400e+00 1.955870790310043850e+00 2.023291910099121793e+00 2.023377283227976609e+00 2.051233629403367953e+00 2.349496422405031204e+00 2.470463162251035349e+00 2.470773398649800612e+00 2.583129750220821474e+00 3.453420195874021825e+00 3.453734249715981530e+00 3.486996306360924169e+00 3.626059593358237798e+00
4.120067668071139000e-01 4.208823640518151721e-01 6.930673173220339711e-01 7.972369987358297605e-01 8.206843228033707804e-01 1.049951818373474621e+00 1.055476142881254908e+00 1.085488479953983010e+00 1.101995111716046027e+00 1.262578659542936022e+00 1.324991403293504622e+00 1.343874449949275185e+00 1.692879365136516379e+00 1.739205169648138760e+00 1.743709435558431053e+00 1.840110846824199564e+00 1.853786550954741097e+00 1.954256346459838589e+00 1.957404819011010488e+00 2.015033918592001427e+00 2.031207902493177730e+00 2.050884191271524326e+00 2.349353121357724561e+00 2.465581029024853876e+00 2.475538978684857394e+00 2.584078165986459119e+00 3.437660644362039442e+00 3.463114701097556924e+00 3.492319192699194108e+00 3.626177303208632186e+00
4.114973622825297550e-01 4.206218148549865643e-01 6.914733106497530368e-01 7.898136350508773162e-01 8.246380797686132524e-01 1.027164647432201372e+00 1.053822104124049863e+00 1.088161911669463855e+00 1.123740510074851429e+00 1.271462504381771552e+00 1.317568152156602501e+00 1.355436785931133370e+00 1.680020547086179761e+00 1.736950881807214353e+00 1.748466669147261232e+00 1.831806215427529194e+00 1.861028447234915451e+00 1.952837330220194234e+00 1.958913911920700857e+00 2.007048417265880236e+00 2.038584316132399099e+00 2.049525656461227641e+00 2.349164766132715521e+00 2.460972573463375834e+00 2.479759440926770697e+00 2.587068370190050093e+00 3.421774877454351049e+00 3.460670551069164436e+00 3.507377596821237731e+00 3.626362544015958811e+00
4.088182481734884410e-01 4.253143875654026296e-01 6.782667688957326746e-01 7.914122541919786924e-01 8.214898720868732962e-01 1.010985248893038868e+00 1.052651787824361751e+00 1.091611878281421699e+00 1.144495528155918596e+00 1.285222857744920733e+00 1.310571789593493186e+00 1.367469906028053961e+00 1.664230224523948865e+00 1.733598131689555677e+00 1.751119165643974185e+00 1.822337273449682993e+00 1.866570298576673448e+00 1.951155998847024842e+00 1.960268625102187690e+00 2.001050985901545509e+00 2.044163858028401837e+00 2.047891242656571631e+00 2.349053977669439686e+00 2.457231852156759988e+00 2.482861328145208102e+00 2.592170069400955068e+00 3.406242443559630129e+00 3.453428899688935072e+00 3.524452589667902203e+00 3.626648036306014955e+00
3.997052389347765522e-01 4.410835249966427729e-01 6.517966875356256962e-01 7.834116822514873846e-01 8.293737802314959939e-01 1.002078395716713644e+00 1.051924453818723348e+00 1.098540473611742341e+00 1.164780214056092111e+00 1.295013455064441876e+00 1.309895755191945899e+00 1.379453622802451651e+00 1.646855751865351269e+00 1.729461975738468382e+00 1.751167460182036617e+00 1.811985544291040640e+00 1.867471941287810466e+00 1.948486031508219529e+00 1.961637623739109548e+00 1.999046533657055091e+00 2.040925874025689701e+00 2.052750068671139072e+00 2.349159542302230008e+00 2.454553638133470272e+00 2.484676046816055361e+00 2.599360940973462153e+00 3.391453048789742741e+00 3.443958162032167536e+00 3.540543907725660411e+00 3.627064673100023118e+00
3.877331582227386275e-01 4.651583834850184229e-01 6.164171883636831994e-01 7.545284065671151730e-01 8.563083294736359985e-01 9.997012355368848358e-01 1.051581031001788347e+00 1.109668187967130626e+00 1.185064206573487988e+00 1.287031172434145665e+00 1.326875864603638489e+00 1.390945137308460255e+00 1.628309563761491940e+00 1.724829048019805633e+00 1.749086974074262502e+00 1.801040709492209402e+00 1.861513112101082612e+00 1.943787379218535394e+00 1.963302821225503925e+00 2.002312679578592824e+00 2.034589117342541442e+00 2.058537550837682417e+00 2.349616016267226382e+00 2.453012717659679431e+00 2.485147491470037551e+00 2.608522125574816108e+00 3.377717522398232308e+00 3.432819740859983426e+00 3.554915871003335059e+00 3.627636209513045884e+00
3.743871497222548972e-01 4.958824250284513124e-01 5.759316913166437901e-01 7.151359308801950032e-01 8.906840143613975469e-01 1.003021045885893248e+00 1.051239060739709075e+00 1.124309577316087383e+00 1.205671333226414399e+00 1.274217410582359156e+00 1.346972101443598469e+00 1.401592259637298277e+00 1.608673790150251692e+00 1.719904845094020640e+00 1.745500982268598955e+00 1.789768549945613296e+00 1.848672428990257854e+00 1.936029604580485675e+00 1.965196433988796176e+00 2.010261032153358940e+00 2.027261976180434022e+00 2.063869247695548914e+00 2.350527235314546992e+00 2.452553881221125831e+00 2.484335490083448672e+00 2.619422297226476459e+00 3.365258627907231403e+00 3.420267330061854238e+00 3.567408586041273200e+00 3.628372962186491968e+00
3.604384595526881063e-01 5.272726453127933866e-01 5.372515172397360761e-01 6.698399991656748265e-01 9.272169556760470055e-01 1.012143609824077028e+00 1.050636462006247385e+00 1.141094699841096016e+00 1.226639640638762740e+00 1.259207606375822186e+00 1.366949054834561084e+00 1.411130752278459299e+00 1.587879168588137491e+00 1.714780992230771517e+00 1.740953796194450343e+00 1.778420902431806505e+00 1.830531860000413236e+00 1.924471240409642903e+00 1.967113553823507166e+00 2.016816804927564100e+00 2.024181045037123372e+00 2.068681306318722601e+00 2.351937709261519238e+00 2.453008380442882164e+00 2.482408276939750191e+00 2.631700859849603003e+00 3.354212096259633569e+00 3.406606529720642484e+00 3.578070395299075557e+00 3.629265855957814590e+00
3.462602511052553789e-01 4.877932222462614265e-01 5.720749237346991478e-01 6.216166503613372862e-01 9.604511845537270220e-01 1.029601799682448027e+00 1.049675030206098869e+00 1.158000206798905252e+00 1.240857936808655637e+00 1.250502426385378341e+00 1.385874193435670643e+00 1.419364275157090516e+00 1.565784322109833759e+00 1.709428495418521710e+00 1.735853883243379636e+00 1.767269774952902051e+00 1.808952791884693045e+00 1.908944576641945279e+00 1.969017471669995523e+00 2.010688869729812644e+00 2.035489901542209434e+00 2.072974893322085066e+00 2.353813907022866303e+00 2.454133837728135425e+00 2.479623995262788760e+00 2.644861395898858714e+00 3.344639795708503005e+00 3.392291312870336473e+00 3.587027859515805606e+00 3.630283369859806708e+00
3.318759776629849334e-01 4.449591156399814174e-01 5.708229287978665578e-01 6.150608991124806302e-01 9.843060326881359900e-01 1.048160560943039332e+00 1.059437465861914118e+00 1.170521852222791148e+00 1.229352950810982614e+00 1.270982664104509885e+00 1.403134453290603822e+00 1.426121324223893039e+00 1.542249529646885442e+00 1.703716738282775145e+00 1.730407958706429161e+00 1.756647830320147152e+00 1.785676904467940806e+00 1.890150663825527655e+00 1.970939106695454690e+00 2.003988400786136825e+00 2.047963240675215957e+00 2.076759325905080278e+00 2.356044470053037188e+00 2.455662489364974110e+00 2.476302405274127594e+00 2.658284763850442545e+00 3.336554987752458512e+00 3.377920114749658254e+00 3.594424656568763421e+00 3.631373270352570959e+00
3.169228490082998118e-01 4.056526605424494725e-01 5.222876474997419916e-01 6.571987205196507809e-01 9.992344425197261515e-01 1.046212322878527390e+00 1.099135280433269690e+00 1.169155480756211896e+00 1.229301618684071284e+00 1.292506020364017072e+00 1.418207200760787767e+00 1.431158158598438090e+00 1.517280529611537698e+00 1.697476659489347339e+00 1.724365598302218583e+00 1.746964503536912794e+00 1.762682848130598945e+00 1.869594690678178184e+00 1.972871278688208108e+00 1.997796555260528573e+00 2.059533935832853491e+00 2.080038947495505663e+00 2.358457275808140796e+00 2.457341925405704508e+00 2.472789973148345144e+00 2.671266864704267441e+00 3.329956772623239303e+00 3.364166137434137394e+00 3.600396516588463491e+00 3.632468678517211558e+00
3.006452641068368958e-01 3.731975795352011627e-01 4.758502800777593134e-01 6.985867176758796537e-01 1.009360065529630868e+00 1.043390003408104283e+00 1.142490256550995564e+00 1.154832615337006985e+00 1.241930187803647501e+00 1.313137716349186856e+00 1.430296417248625884e+00 1.434069899964673045e+00 1.491494330889545195e+00 1.690659293598229418e+00 1.716148492607142195e+00 1.738621300242293888e+00 1.743265156732911381e+00 1.849233178879115647e+00 1.974742549204058450e+00 1.992110081447568515e+00 2.069524858933471378e+00 2.082804579664542022e+00 2.360844596236177040e+00 2.458960322204428728e+00 2.469423647815450984e+00 2.683078677344020058e+00 3.324866689459476277e+00 3.351671417915188300e+00 3.605066706165664492e+00 3.633496172420308312e+00
2.827984607510862225e-01 3.509020272132468699e-01 4.335271881544991435e-01 7.368597217104512209e-01 1.016735697009689687e+00 1.039366654515709421e+00 1.135053548097706200e+00 1.188419397305243708e+00 1.257824180208111153e+00 1.331770318350298909e+00 1.429995904240051852e+00 1.440752468303534206e+00 1.468181078082608115e+00 1.683601068360653930e+00 1.703231134272869429e+00 1.731110396691571962e+00 1.732534985834313757e+00 1.831089087775258584e+00 1.976428743401710708e+00 1.987051379660837336e+00 2.077550607138978211e+00 2.085028646404880615e+00 2.362989329940901495e+00 2.460356019519042814e+00 2.466499901078735402e+00 2.693037193773037519e+00 3.321355689438392655e+00 3.340944613796781759e+00 3.608548668620056965e+00 3.634383770536214531e+00
2.657302447612004959e-01 3.398922527153581119e-01 3.971530745033136633e-01 7.691725309399322086e-01 1.021966569418952808e+00 1.034042071967693932e+00 1.118789126220270269e+00 1.231174443681477992e+00 1.272030337463639471e+00 1.346997530979946456e+00 1.413417137590069705e+00 1.447192928234955822e+00 1.455939788881575714e+00 1.677227590304186000e+00 1.688773135598235609e+00 1.725995334943375425e+00 1.727717965889922880e+00 1.816916276215454040e+00 1.977781072357071457e+00 1.982950818233591539e+00 2.083390940821346238e+00 2.086668235545699801e+00 2.364689684607867992e+00 2.461414271651930719e+00 2.464255768451846684e+00 2.700569780462172886e+00 3.319548427861537920e+00 3.332303225735854024e+00 3.610945834700205914e+00 3.635067910163078952e+00
2.535623007247557736e-01 3.394168393535130224e-01 3.685079557330870892e-01 7.916168933488414439e-01 1.025145171401767419e+00 1.028647380440897763e+00 1.108054184088053118e+00 1.267834056396744957e+00 1.281807634565253373e+00 1.357170927595856336e+00 1.388384228110150609e+00 1.450843075945369209e+00 1.452925873286329495e+00 1.672958382700283408e+00 1.677952345467325301e+00 1.723681468249593118e+00 1.724914975117580740e+00 1.807961714762017946e+00 1.978661274443118678e+00 1.980241140868172822e+00 2.086929437533242560e+00 2.087676627397955453e+00 2.365781667449247117e+00 2.462042020881719306e+00 2.462878117197528471e+00 2.705256529357506601e+00 3.319600758693373788e+00 3.325880324007922439e+00 3.612344784853652069e+00 3.635499188122258918e+00
2.492028596260663365e-01 3.490032312412126858e-01 3.490333096957924930e-01 7.998151319193808062e-01 1.026171372695821482e+00 1.026256975213514444e+00 1.104386870863674819e+00 1.285082461049212643e+00 1.285554231174248718e+00 1.360809253328204349e+00 1.374278021749799406e+00 1.452167560722282813e+00 1.452229391689545679e+00 1.671996864279611028e+00 1.673447647767689617e+00 1.723020820738940362e+00 1.723964963599348810e+00 1.804908012514310878e+00 1.978980821375998289e+00 1.979276428595229786e+00 2.088014057066389206e+00 2.088117015855853520e+00 2.366158093568909049e+00 2.462133380148301853e+00 2.462530383507909981e+00 2.706846388589686292e+00 3.321546708037708573e+00 3.321795299308013760e+00 3.612804155872108236e+00 3.635646479463393366e+00
3.336729323679273884e-01 4.678765491783941077e-01 8.154328104419324985e-01 8.213954019949272212e-01 8.429328203197591352e-01 8.811429662524088435e-01 9.717191312934632119e-01 1.057562219037279316e+00 1.237778566085620868e+00 1.271883414875684126e+00 1.343709629354983948e+00 1.423536590370460653e+00 1.583485689243225858e+00 1.712473612056004013e+00 1.787395871582562412e+00 1.822335226811457431e+00 1.868849040352295487e+00 1.953985924469959334e+00 1.957824482507180885e+00 1.969174538931593110e+00 2.053365303748817094e+00 2.059437201722851718e+00 2.345053122358125464e+00 2.441016752111531574e+00 2.493156095293574293e+00 2.604752585943701515e+00 3.342266952744458841e+00 3.506710911672402453e+00 3.537166156614503176e+00 3.625708598324227872e+00
3.382723356337581921e-01 4.663238281108011973e-01 8.127731945165082017e-01 8.203511248808801337e-01 8.422636406382220109e-01 8.821094305484126208e-01 9.758077480044291541e-01 1.045981583712318530e+00 1.238352867189556950e+00 1.278917186349740165e+00 1.344025344226140284e+00 1.423741067513341951e+00 1.583238946668806824e+00 1.712253613393504903e+00 1.781730066415022851e+00 1.827396373688541020e+00 1.868683622764057528e+00 1.949502272494070931e+00 1.957273967205853227e+00 1.973589576801387135e+00 2.052058947335225536e+00 2.061748844180942175e+00 2.344910843455656035e+00 2.439241933586143496e+00 2.490773908752045962e+00 2.605607820003202679e+00 3.344668687479482205e+00 3.486845693659754719e+00 3.539806317751015730e+00 3.639996614110203588e+00
3.515245383253657319e-01 4.617100984152014975e-01 8.044720195555383757e-01 8.179531409789105867e-01 8.412124641493916588e-01 8.848906498023493272e-01 9.793614534732374421e-01 1.023437738682386300e+00 1.239964998431372534e+00 1.295186233256939712e+00 1.345058643879272209e+00 1.424722778517210520e+00 1.582503094814548650e+00 1.711309993063680590e+00 1.769809644631106682e+00 1.837024231283523656e+00 1.868116652268494660e+00 1.941152978156908571e+00 1.955846139595606825e+00 1.982216290904958100e+00 2.047694062568190088e+00 2.068917937800442086e+00 2.344466662428474457e+00 2.434188868659298066e+00 2.483825806755179055e+00 2.608345207437077207e+00 3.351522253048225153e+00 3.441844459682171120e+00 3.547742956691283478e+00 3.668335642419914056e+00
3.719615488734209219e-01 4.541615905428507127e-01 7.913839453162314630e-01 8.150041382732879924e-01 8.403143129202977901e-01 8.890017838651204096e-01 9.504814669038781361e-01 1.027685175314916988e+00 1.242417600918213072e+00 1.312817785574143636e+00 1.347074924215093006e+00 1.427457426501687054e+00 1.581271404166713967e+00 1.708961219074772497e+00 1.755944239101167037e+00 1.845522262844887296e+00 1.867032318076981445e+00 1.931897233233822675e+00 1.954781403631950409e+00 1.992772155711787452e+00 2.040316188056559898e+00 2.080240784954279221e+00 2.343718860449468089e+00 2.426591979005891186e+00 2.472893611946864745e+00 2.613405364552286336e+00 3.360797467948639206e+00 3.386889958344331930e+00 3.560133319011747233e+00 3.697715454086582199e+00
3.975332306751760969e-01 4.438994763541022071e-01 7.740787996181813790e-01 8.118815682389548538e-01 8.387217449354181786e-01 8.908833106201776708e-01 9.063721246952675115e-01 1.049573537333723827e+00 1.245406038754980349e+00 1.327142532058873226e+00 1.350514510415167235e+00 1.433060508266376765e+00 1.579476301527902526e+00 1.704512826538508552e+00 1.741191207963505683e+00 1.850022479721224133e+00 1.865407861536346523e+00 1.922653864754620523e+00 1.955605584126392626e+00 2.005177432025622597e+00 2.030337952229722465e+00 2.094232266902151363e+00 2.342796786653976060e+00 2.417447007984542484e+00 2.458876539771029712e+00 2.621336874343494827e+00 3.320874780369071466e+00 3.377610203910113906e+00 3.575704061658996569e+00 3.724510714988980009e+00
4.241086184362025668e-01 4.330360586514036547e-01 7.494687007015025104e-01 8.088814322603585794e-01 8.338379368361592547e-01 8.567149089153973662e-01 9.024649724530436901e-01 1.075225873985297342e+00 1.248474085310967929e+00 1.336784466121855308e+00 1.355917391680278250e+00 1.442021846571183596e+00 1.576925531189120600e+00 1.697604411332434893e+00 1.725780797625158236e+00 1.849682139390192104e+00 1.863000818852188045e+00 1.914149941840988856e+00 1.959067883954110023e+00 2.017852954687713751e+00 2.020009233905358581e+00 2.108896740103624712e+00 2.342043981158302035e+00 2.407776897146407080e+00 2.442866411531372073e+00 2.632640718471610519e+00 3.255159800035097639e+00 3.392119251185383266e+00 3.593001842318169547e+00 3.747859611583878259e+00
4.142810101674107570e-01 4.568933638933521113e-01 7.116012080453621991e-01 8.062443506944151350e-01 8.150436704033805491e-01 8.385925696532001705e-01 9.080464757310275914e-01 1.101397941944240344e+00 1.251109435134939218e+00 1.342371109248984284e+00 1.363784057830359053e+00 1.453792248882230576e+00 1.573244184404040125e+00 1.688366688438390772e+00 1.710049181269396978e+00 1.845740167843385793e+00 1.859545764523474976e+00 1.906937650031942821e+00 1.964008476062313768e+00 2.006355642898770331e+00 2.034801668857916912e+00 2.122117188200189464e+00 2.341948240186490615e+00 2.398454643615383297e+00 2.426026868565063666e+00 2.647634765899954168e+00 3.188045990346000114e+00 3.407196088850853233e+00 3.610544832506600077e+00 3.767610724140777467e+00
3.960417296332560122e-01 4.853621291091819168e-01 6.629154991687350451e-01 7.974719781432187959e-01 8.043855008857777600e-01 8.323308154686029914e-01 9.135111552335594132e-01 1.126323820030135980e+00 1.252941317410722011e+00 1.345115420722878152e+00 1.374311176845409266e+00 1.467147958423020038e+00 1.567897521738923272e+00 1.677435173558588843e+00 1.694852148786012203e+00 1.839663689334936292e+00 1.855922569247032028e+00 1.901247922549408997e+00 1.966638090617283341e+00 1.997499289155917346e+00 2.050394918466367233e+00 2.132285909022753501e+00 2.342873180090899954e+00 2.390126561305599306e+00 2.409540995740073299e+00 2.666289765550835078e+00 3.122489543522736000e+00 3.421316527694183485e+00 3.626948506626054058e+00 3.783780740418313915e+00
3.751769169007780347e-01 5.107990631483616539e-01 6.143769131406219275e-01 7.875260183937170533e-01 8.032070664739775490e-01 8.264305822900049892e-01 9.181857725743045595e-01 1.148439736540874279e+00 1.253900634506222911e+00 1.346050418039962615e+00 1.386941341437333053e+00 1.480626559996250036e+00 1.560490050675608531e+00 1.665940053719677572e+00 1.681537919437972706e+00 1.832767638237859265e+00 1.853236739803133082e+00 1.897048631466010660e+00 1.962420837995406453e+00 1.996155154706746870e+00 2.064943768235564470e+00 2.138831669749702513e+00 2.344748723860799799e+00 2.383218330575275434e+00 2.394636597354661944e+00 2.687937700989330825e+00 3.061574476706737435e+00 3.433409142982653872e+00 3.641010831852870222e+00 3.796393361912566267e+00
3.534536054085703483e-01 5.310023451051050225e-01 5.752645797541566797e-01 7.818674392959341635e-01 8.030214126666598284e-01 8.206148438920357613e-01 9.217252730513054715e-01 1.166108879194625247e+00 1.254204718652935036e+00 1.345946740446665402e+00 1.400029827368915569e+00 1.492561273005978517e+00 1.551547064303909984e+00 1.655470629893024848e+00 1.671444125440491257e+00 1.826527095093621877e+00 1.851767819633852064e+00 1.894203349054711882e+00 1.954540154335526747e+00 1.999362826572534502e+00 2.076964467782965951e+00 2.142259377807267384e+00 2.347011290431082919e+00 2.377929701057588829e+00 2.382680365607941830e+00 2.710634548068326044e+00 3.009271130783808257e+00 3.442644135408655437e+00 3.651763554890704810e+00 3.805440714677575720e+00
3.356670382776124617e-01 5.432700159688585995e-01 5.515846224402886078e-01 7.788865478803135289e-01 8.037068823277254692e-01 8.158019623949944732e-01 9.239219278142252190e-01 1.177653093390777395e+00 1.254195010698863522e+00 1.345478347157884391e+00 1.410606077977148320e+00 1.501014033490326360e+00 1.543440205474316151e+00 1.647928846997199992e+00 1.665329205541592916e+00 1.822229699490450994e+00 1.851200587171632606e+00 1.892569300206377703e+00 1.948231508604390205e+00 2.002448283602562995e+00 2.084970963242765762e+00 2.143651404682124006e+00 2.348859612880202619e+00 2.373560749077845422e+00 2.375860754490074722e+00 2.729875245583651022e+00 2.971623516460347947e+00 3.448425018830815425e+00 3.658500847838415559e+00 3.810891288559315360e+00
3.285989137998767129e-01 5.411851872762262206e-01 5.500015238815705310e-01 7.779447112549831012e-01 8.043297833585004719e-01 8.136991290880156713e-01 9.246655306481423864e-01 1.181686944355829327e+00 1.254155797684759932e+00 1.345236611927062231e+00 1.414818712087367425e+00 1.504111635089603771e+00 1.540018862391754562e+00 1.645140304524407293e+00 1.663310742443307122e+00 1.820703024921881852e+00 1.851081695626271451e+00 1.892038554898532787e+00 1.945895698723918432e+00 2.003619686372310582e+00 2.087791824254079831e+00 2.143987645771626038e+00 2.349579776441304002e+00 2.371136081602696066e+00 2.374381420563637324e+00 2.737938056183943480e+00 2.957315839145731928e+00 3.450392056219830028e+00 3.660794436667027973e+00 3.812712613582303511e+00
5.366510012880084668e-01 5.389175123314811078e-01 5.392502412153074021e-01 6.853796861942804686e-01 7.700252264763163268e-01 7.704634031775182690e-01 1.064192672706153475e+00 1.138472255181188775e+00 1.138801817968173369e+00 1.413280146112394053e+00 1.454178670908844229e+00 1.454372547972639484e+00 1.585848802520175793e+00 1.586046819080979109e+00 1.709335786735620477e+00 1.817003602358321368e+00 1.817472630731573835e+00 1.932343257775560375e+00 1.932546885780783041e+00 2.047908670580173673e+00 2.048589254039336005e+00 2.119943572736892712e+00 2.374214574963617874e+00 2.374245014823582967e+00 2.378663299216991156e+00 2.699387453685867744e+00 2.955368126549354102e+00 3.570158960649813640e+00 3.570409680130752772e+00 3.813707020235578060e+00
5.169689243495904085e-01 5.175633655738134387e-01 5.454008725429375648e-01 6.794642549567099232e-01 7.888351749558571990e-01 7.893684400836565862e-01 1.069565326460785615e+00 1.131743044423316746e+00 1.132075289360731318e+00 1.407283546795230489e+00 1.483487915347210917e+00 1.483739290684169987e+00 1.556137429475445977e+00 1.556391084933312685e+00 1.708057383252304717e+00 1.825232426022055154e+00 1.825680760405789194e+00 1.929149067491407354e+00 1.929348248743036232e+00 2.039921157742231816e+00 2.040587761664802713e+00 2.138433439505403211e+00 2.365341056798243802e+00 2.381035461957538679e+00 2.381077948036118830e+00 2.694285138933780743e+00 2.964604084664067774e+00 3.570121117578243464e+00 3.570372342789401632e+00 3.813579804860254718e+00
4.929599540621791842e-01 4.937491901700583607e-01 5.758675341003898218e-01 6.747286730651795850e-01 8.071278825696389658e-01 8.078753118030780334e-01 1.074982701228208271e+00 1.122507585551824283e+00 1.122850890897839626e+00 1.397951187092459024e+00 1.509919765054014817e+00 1.510207277977379414e+00 1.530174030414716890e+00 1.530513956830022337e+00 1.706537825235164840e+00 1.835115531801196020e+00 1.835536748220747194e+00 1.929027405090675718e+00 1.929225370624400693e+00 2.029479455075295036e+00 2.030123512010790776e+00 2.157526174491331883e+00 2.348497421165021137e+00 2.390411733023883212e+00 2.390469028037436772e+00 2.679004501994072918e+00 2.996358868127789954e+00 3.565769445481052458e+00 3.566023193986317175e+00 3.809624284507606706e+00
4.682687061874116208e-01 4.690539958615562166e-01 6.227105635986150967e-01 6.718263243085487169e-01 8.241104046674938566e-01 8.250153288097112902e-01 1.080053004410616468e+00 1.111264399932240465e+00 1.111648272624756739e+00 1.386143461152167689e+00 1.494232160465869264e+00 1.494457897661762402e+00 1.547198451737315184e+00 1.547471633452500939e+00 1.704897849754333894e+00 1.845751611345548326e+00 1.846137651950430447e+00 1.932486995221899928e+00 1.932690609383741709e+00 2.017159654707522343e+00 2.017777961576739276e+00 2.175716452153747316e+00 2.328885520895601857e+00 2.401599840793031237e+00 2.401682487185408110e+00 2.659492344546446230e+00 3.043820438382072613e+00 3.557372211809402440e+00 3.557631568321785842e+00 3.801822131320162779e+00
4.442948351055899248e-01 4.449705225112046691e-01 6.658753609829972664e-01 6.850706665173204035e-01 8.388836701028471454e-01 8.398106206790292294e-01 1.084400956580802156e+00 1.098893092131703275e+00 1.099332602415006521e+00 1.372643478787352711e+00 1.467053236084367995e+00 1.467346587049643603e+00 1.576189502734640646e+00 1.576485904099673041e+00 1.703245354057416616e+00 1.856298194930227519e+00 1.856643564268430024e+00 1.939373393419442593e+00 1.939591484726247206e+00 2.003781473339576014e+00 2.004374402603288807e+00 2.190043916307162775e+00 2.308888032448249472e+00 2.413910248835179129e+00 2.414026278079256294e+00 2.640138677066979689e+00 3.101153418733671785e+00 3.545464046892670584e+00 3.545730439480839991e+00 3.790170629615540410e+00
4.225729309554405733e-01 4.231975030181167607e-01 6.681385309257887872e-01 7.465618626717143158e-01 8.503361490350584972e-01 8.511362943522225999e-01 1.086472358464677157e+00 1.086827409315707760e+00 1.088222690603355414e+00 1.357895519211944402e+00 1.441073730197073077e+00 1.441406107093036404e+00 1.604434227273272340e+00 1.604749440608274513e+00 1.701675492588791361e+00 1.866242492044508650e+00 1.866546185172509142e+00 1.948154999763039408e+00 1.948392336853888240e+00 1.990897970868746203e+00 1.991456655758012451e+00 2.194735277708615762e+00 2.294175848804751894e+00 2.426690540759697701e+00 2.426843681008458375e+00 2.623150192512724743e+00 3.164184430592694053e+00 3.530837228657698112e+00 3.531108174038837255e+00 3.774663893929164793e+00
4.048051798240057675e-01 4.054831493594135416e-01 6.697460994981266902e-01 8.120790550221016479e-01 8.571684825746977987e-01 8.577493818687343952e-01 1.076165372883449711e+00 1.076530974765606885e+00 1.089864756442206595e+00 1.341876586884798828e+00 1.417027235288313758e+00 1.417384875260064403e+00 1.631121506230277296e+00 1.631454690166461052e+00 1.700276051117630471e+00 1.875151000984535132e+00 1.875411395627479827e+00 1.953935382028880063e+00 1.954127681367110236e+00 1.983151984141693802e+00 1.983559189233057962e+00 2.183621840440892026e+00 2.291465124366915074e+00 2.439271330161586704e+00 2.439461887265809814e+00 2.609366783961680536e+00 3.229699056302662630e+00 3.514522519307184290e+00 3.514793569315183497e+00 3.755286122041428865e+00
3.926953516220600959e-01 3.934332746201255615e-01 6.724932256785709495e-01 8.581694697079190748e-01 8.585929141512222973e-01 8.768014557721304225e-01 1.068976279485426950e+00 1.069330882639058844e+00 1.090442278524217823e+00 1.324213968704184508e+00 1.395199736324687745e+00 1.395576528725090748e+00 1.656040956747390824e+00 1.656387123667928618e+00 1.699133427088239223e+00 1.881812879132992222e+00 1.882013940061779245e+00 1.950156948706015303e+00 1.950341227275248501e+00 1.987283755060804902e+00 1.987396477383121862e+00 2.159572586744292089e+00 2.299071284054134523e+00 2.450906434392034594e+00 2.451132028851872313e+00 2.598890433398955313e+00 3.294959050379789645e+00 3.497754100221744267e+00 3.498024372216873346e+00 3.732047677970540267e+00
3.875519753585701110e-01 3.883457176556584511e-01 6.762960398302936271e-01 8.528301300587730616e-01 8.532933558861988121e-01 9.381131114752718769e-01 1.066089686599113184e+00 1.066457886299226665e+00 1.089507175458847232e+00 1.304661159974416673e+00 1.375766418409021918e+00 1.376157441579927809e+00 1.679251622481905626e+00 1.679605380100019252e+00 1.698334464635345320e+00 1.883331197098084164e+00 1.883454025022032186e+00 1.944508242252260155e+00 1.944693920705108381e+00 1.997219601210255657e+00 1.997256517780128693e+00 2.130212182489755524e+00 2.311011128982486618e+00 2.460740978600320261e+00 2.460997170905842690e+00 2.591447867774648639e+00 3.357422062797375428e+00 3.481909072113853032e+00 3.482185030391654834e+00 3.705131636095946757e+00
3.899918943877083155e-01 3.909096946383240345e-01 6.809644160093468734e-01 8.418553414168127302e-01 8.424282614878302322e-01 9.927823068603426337e-01 1.067540883602479340e+00 1.067914489602118433e+00 1.087101777089388044e+00 1.284095678786943751e+00 1.358864394972811418e+00 1.359273971722263719e+00 1.697958369236028053e+00 1.700936409886067091e+00 1.701297094503195328e+00 1.876814514840305925e+00 1.876962676119724005e+00 1.944433451179027328e+00 1.944613236657867894e+00 2.007317631096362742e+00 2.007404619532355827e+00 2.100575775584430094e+00 2.324075414217646518e+00 2.467841585713786756e+00 2.468122577734280565e+00 2.586610535096164121e+00 3.414301637072886031e+00 3.468408652286489868e+00 3.468699958601182853e+00 3.675354080994826855e+00
3.998594704598669725e-01 4.009452768727999050e-01 6.862727911719030960e-01 8.267941774730480642e-01 8.274400939927060161e-01 1.035038867214199465e+00 1.072523742830537419e+00 1.072885154053123236e+00 1.083422591227875875e+00 1.266344008207892502e+00 1.344631865297668538e+00 1.345091331456831130e+00 1.698071545162184837e+00 1.721236999928128064e+00 1.721606874451098834e+00 1.863624666511559669e+00 1.863825036341234309e+00 1.949269746731263631e+00 1.949452664154508907e+00 2.016111617906446440e+00 2.016211660179477949e+00 2.073601265724012155e+00 2.337066214320731916e+00 2.471309297613485167e+00 2.471608499219770660e+00 2.583946092836575392e+00 3.458568873214864503e+00 3.458853912732843927e+00 3.461130388205046593e+00 3.645704365689680593e+00
4.162813686489759135e-01 4.174635585911021796e-01 6.919474163246516207e-01 8.093838350617558186e-01 8.100525774255600275e-01 1.054914990957943388e+00 1.078438976224874279e+00 1.079992665794478501e+00 1.080621858395311774e+00 1.259844866052099555e+00 1.333259630673160778e+00 1.333796232816065297e+00 1.698697996010449573e+00 1.740102352241480466e+00 1.740496498798289160e+00 1.846888256249828553e+00 1.847096879725104834e+00 1.955716907885847400e+00 1.955870790310043850e+00 2.023291910099121793e+00 2.023377283227976609e+00 2.051233629403367953e+00 2.349496422405031204e+00 2.470463162251035349e+00 2.470773398649800612e+00 2.583129750220821474e+00 3.453420195874021825e+00 3.453734249715981530e+00 3.486996306360924169e+00 3.626059593358237798e+00
