-1.939081534201836654e-01
-1.734027181025662723e-01
-1.528972827849489069e-01
-1.323918474673315138e-01
-1.118864121497141345e-01
-9.138097683209675526e-02
-7.087554151447937600e-02
-5.037010619686198981e-02
-2.986467087924461750e-02
-9.359235561627239977e-03
1.114619975599013754e-02
3.165163507360751333e-02
5.215707039122492034e-02
7.266250570884226490e-02
9.316794102645967190e-02
1.136733763440770234e-01
1.341788116616944304e-01
1.546842469793118235e-01
1.751896822969291889e-01
1.956951176145465821e-01
2.162005529321639197e-01
2.367059882497813683e-01
2.572114235673987337e-01
2.777168588850160713e-01
2.982222942026335200e-01
3.187277295202508576e-01
3.392331648378681952e-01
3.597386001554856994e-01
3.802440354731030370e-01
4.007494707907203746e-01
4.212549061083377122e-01
4.417603414259551609e-01
4.622657767435725540e-01
4.827712120611898916e-01
5.032766473788072847e-01
5.237820826964246779e-01
5.442875180140420710e-01
5.647929533316593531e-01
5.852983886492768573e-01
6.058038239668942504e-01
6.263092592845115325e-01
6.468146946021290367e-01
6.673201299197463188e-01
6.878255652373637119e-01
7.083310005549811050e-01
7.288364358725984982e-01
7.493418711902158913e-01
7.698473065078331734e-01
7.903527418254506776e-01
8.108581771430679597e-01
8.313636124606853528e-01
8.518690477783028570e-01
8.723744830959200280e-01
8.928799184135375322e-01
9.133853537311550363e-01
9.338907890487722074e-01
9.543962243663897116e-01
9.749016596840071047e-01
9.954070950016243868e-01
1.015912530319241780e+00
1.036417965636859062e+00
1.056923400954476566e+00
1.077428836272094070e+00
1.097934271589711352e+00
1.118439706907328635e+00
1.138945142224946139e+00
1.159450577542563421e+00
1.179956012860180925e+00
1.200461448177798207e+00
1.220966883495415489e+00
1.241472318813032993e+00
1.261977754130650275e+00
1.282483189448267780e+00
1.302988624765885062e+00
1.323494060083502344e+00
1.343999495401119848e+00
1.364504930718737352e+00
1.385010366036354634e+00
1.405515801353971916e+00
1.426021236671589421e+00
1.446526671989206703e+00
1.467032107306824207e+00
1.487537542624441711e+00
1.508042977942058993e+00
1.528548413259676275e+00
1.549053848577293557e+00
1.569559283894911061e+00
1.590064719212528566e+00
1.610570154530145848e+00
1.631075589847763130e+00
1.651581025165380634e+00
1.672086460482997916e+00
1.692591895800615420e+00
1.713097331118232702e+00
1.733602766435849984e+00
1.754108201753467489e+00
1.774613637071084993e+00
1.795119072388702497e+00
1.815624507706319557e+00
1.836129943023936839e+00
1.856635378341554343e+00
1.877140813659171847e+00
1.897646248976789130e+00
1.918151684294406190e+00
1.938657119612023472e+00
1.959162554929640976e+00
1.979667990247258480e+00
2.000173425564875984e+00
2.020678860882493488e+00
2.041184296200110548e+00
2.061689731517728053e+00
2.082195166835345113e+00
2.102700602152962617e+00
2.123206037470580121e+00
2.143711472788197625e+00
2.164216908105814685e+00
2.184722343423432189e+00
2.205227778741049693e+00
2.225733214058667198e+00
2.246238649376284702e+00
2.266744084693901762e+00
2.287249520011519266e+00
2.307754955329136326e+00
2.328260390646753830e+00
2.348765825964371334e+00
2.369271261281988838e+00
2.389776696599605899e+00
2.410282131917223403e+00
2.430787567234840907e+00
2.451293002552458411e+00
2.471798437870075915e+00
2.492303873187692975e+00
2.512809308505310035e+00
2.533314743822927539e+00
2.553820179140545044e+00
2.574325614458162548e+00
2.594831049775780052e+00
2.615336485093397112e+00
2.635841920411014616e+00
2.656347355728632120e+00
2.676852791046249624e+00
2.697358226363866684e+00
2.717863661681483745e+00
2.738369096999101249e+00
2.758874532316718753e+00
2.779379967634336257e+00
2.799885402951953761e+00
2.820390838269571265e+00
2.840896273587188325e+00
2.861401708904805830e+00
2.881907144222423334e+00
2.902412579540040394e+00
2.922918014857657898e+00
2.943423450175275402e+00
2.963928885492892462e+00
2.984434320810509966e+00
3.004939756128127470e+00
3.025445191445744975e+00
3.045950626763362479e+00
3.066456062080979539e+00
3.086961497398597043e+00
3.107466932716214547e+00
3.127972368033831607e+00
3.148477803351449111e+00
3.168983238669066616e+00
3.189488673986683676e+00
3.209994109304301180e+00
3.230499544621918684e+00
3.251004979939536188e+00
3.271510415257153692e+00
3.292015850574770752e+00
3.312521285892388256e+00
3.333026721210005316e+00
3.353532156527622821e+00
3.374037591845240325e+00
3.394543027162857829e+00
3.415048462480474889e+00
3.435553897798092393e+00
3.456059333115709897e+00
3.476564768433327401e+00
3.497070203750944906e+00
3.517575639068561966e+00
3.538081074386179026e+00
3.558586509703796530e+00
3.579091945021414034e+00
3.599597380339031094e+00
3.620102815656648598e+00
3.640608250974266102e+00
3.661113686291883607e+00
3.681619121609501111e+00
3.702124556927118615e+00
3.722629992244736119e+00
3.743135427562353179e+00
3.763640862879970683e+00
3.784146298197588187e+00
3.804651733515204803e+00
3.825157168832822308e+00
3.845662604150439812e+00
3.866168039468057316e+00
3.886673474785674820e+00
