0.000000000000000000e+00
3.546633826917972715e-02
7.093267653835945430e-02
1.063990148075391884e-01
1.418653530767189086e-01
1.773316913458986288e-01
2.127980296150783768e-01
2.482643678842580970e-01
2.837307061534378172e-01
3.191970444226175374e-01
3.546633826917972576e-01
3.901297209609769778e-01
4.276699708635925967e-01
4.652102207662082156e-01
5.027504706688238345e-01
5.402907205714394534e-01
5.778309704740550723e-01
6.153712203766706912e-01
6.500237587483158608e-01
6.846762971199610304e-01
7.193288354916062000e-01
7.539813738632513695e-01
7.886339122348965391e-01
8.232864506065418198e-01
8.579389889781869893e-01
8.925915273498321589e-01
9.272440657214773285e-01
9.618966040931224981e-01
9.965491424647676677e-01
1.031201680836412837e+00
1.065854219208058007e+00
1.098202849139333637e+00
1.130551479070609266e+00
1.162900109001885118e+00
1.195248738933160748e+00
1.227597368864436378e+00
1.259945998795712008e+00
1.292294628726987860e+00
1.324643258658263489e+00
1.356991888589539119e+00
1.389340518520814749e+00
1.421689148452090379e+00
1.454199958532171877e+00
1.486710768612253153e+00
1.519221578692334651e+00
1.551732388772415927e+00
1.584243198852497425e+00
1.616754008932578923e+00
1.649264819012660199e+00
1.681775629092741697e+00
1.714286439172822973e+00
1.746797249252904471e+00
1.779308059332985970e+00
1.811818869413067468e+00
1.843996226472452316e+00
1.876173583531837163e+00
1.908350940591221789e+00
1.940528297650606637e+00
1.972705654709991485e+00
2.004883011769376111e+00
2.037060368828761181e+00
2.067092568750853676e+00
2.097124768672946171e+00
2.127156968595038666e+00
2.157189168517131161e+00
2.187221368439223657e+00
2.217253568361316152e+00
2.247285768283408647e+00
2.277317968205501142e+00
2.307350168127593637e+00
2.337382368049686132e+00
2.367414567971778627e+00
2.397446767893871122e+00
2.427478967815963617e+00
2.457511167738056113e+00
2.487543367660148608e+00
2.487543367660148608e+00
2.519891997591424460e+00
2.552240627522699867e+00
2.584589257453975719e+00
2.616937887385251127e+00
2.649286517316526979e+00
2.681635147247802831e+00
2.713983777179078238e+00
2.746332407110354090e+00
2.778681037041629942e+00
2.811029666972905350e+00
2.843378296904181202e+00
2.843378296904181202e+00
2.875726926835457053e+00
2.908075556766732461e+00
2.940424186698008313e+00
2.972772816629283721e+00
3.005121446560559573e+00
3.037470076491835425e+00
3.069818706423110832e+00
3.102167336354386684e+00
3.134515966285662536e+00
3.166864596216937944e+00
3.199213226148213796e+00
