-3.971033751735644768e-01 -3.971033751732840344e-01 -3.971033751730022043e-01 -3.833714768745223610e-08 -3.414369249944533318e-08 3.705737420021152901e-08 3.532631148691188772e-01 3.532631148695565826e-01 3.532631148696091516e-01 6.953045674817823762e-01 6.953045674818394417e-01 6.953045674819613442e-01 1.896712246310757966e+00 1.896712246310824357e+00 1.896712246310844785e+00
-4.489498020644903109e-01 -3.948884279725903279e-01 -3.948884279723852697e-01 5.554467538685477906e-02 5.554467538690308764e-02 1.109326683178491063e-01 3.533077788400982855e-01 3.563782383987246227e-01 3.563782383988435276e-01 6.964198460442790894e-01 6.964198460443691285e-01 7.121080436638187461e-01 1.896836648540570991e+00 1.896836648540589421e+00 1.970683823412150426e+00
-4.991475498571618097e-01 -3.883021451059477935e-01 -3.883021451057435125e-01 1.067264632741277836e-01 1.067264632742217778e-01 2.340221074751596131e-01 3.534386944448112411e-01 3.664164213970984574e-01 3.664164213972308515e-01 6.996539398034012924e-01 6.996539398034864465e-01 7.524387984373198668e-01 1.897197690530205483e+00 1.897197690530226133e+00 2.155274442622157949e+00
-4.310570481561590284e-01 -3.775138193044905721e-01 -3.775138193042854584e-01 1.491196985408880793e-01 1.491196985410289666e-01 3.536468512309554613e-01 3.599789460913874195e-01 3.850757336755665783e-01 3.850757336757275051e-01 7.046772447353236712e-01 7.046772447354009428e-01 8.164914916024611502e-01 1.897760585901665520e+00 1.897760585901688613e+00 2.388285095193796170e+00
-3.627902039281712954e-01 -3.627902039279520263e-01 -1.068347724668425452e-01 1.794268697966341919e-01 1.794268697968100512e-01 3.539179426958873331e-01 4.134984625947736303e-01 4.134984625949595372e-01 4.908699223119848409e-01 7.109607564967672655e-01 7.109607564968342119e-01 9.306847984942873131e-01 1.898472754370416737e+00 1.898472754370443161e+00 2.628566622725683199e+00
-3.444866718174826592e-01 -3.444866718172336362e-01 1.973335745146226061e-01 1.973335745148173115e-01 3.542333739223066935e-01 4.058261493967555422e-01 4.502205731672697109e-01 4.502205731674595590e-01 6.140673536264120713e-01 7.178105323291795736e-01 7.178105323292354178e-01 1.134143811265255319e+00 1.899270925202140470e+00 1.899270925202170002e+00 2.854106891568092941e+00
-3.230522549682315891e-01 -3.230522549679407662e-01 2.051294795846944075e-01 2.051294795849065988e-01 3.545715611791598887e-01 4.914632232033501191e-01 4.914632232035264781e-01 5.458407931092703613e-01 7.013836077634596489e-01 7.244200196362654554e-01 7.244200196363101973e-01 1.405681227115307408e+00 1.900089249419375070e+00 1.900089249419405935e+00 3.053040623270262710e+00
-2.990611222517721712e-01 -2.990611222514166778e-01 2.055306167471783463e-01 2.055306167474172663e-01 3.549094261831776120e-01 5.332784232368461552e-01 5.332784232370010313e-01 6.393042206216358325e-01 7.299408147368782185e-01 7.299408147369145228e-01 7.611210746341809941e-01 1.688222785075121024e+00 1.900866942910102830e+00 1.900866942910135027e+00 3.218953639348220985e+00
-2.733027037555061933e-01 -2.733027037550708194e-01 2.005729881486361943e-01 2.005729881489105026e-01 3.552239769947459491e-01 5.726685522954595431e-01 5.726685522955912155e-01 7.091624462405545781e-01 7.335771345026205204e-01 7.335771345026522727e-01 8.062765714932106365e-01 1.901554060611893249e+00 1.901554060611925667e+00 1.949324039191744573e+00 3.349003135499081463e+00
-2.470111067228173973e-01 -2.470111067222749424e-01 1.918023889411441529e-01 1.918023889414682825e-01 3.554938657817938719e-01 6.074863540308649279e-01 6.074863540309746179e-01 7.347304010677662145e-01 7.347304010677969677e-01 7.604425036098482193e-01 8.419172899856103287e-01 1.902114414135350984e+00 1.902114414135381626e+00 2.171647192041240793e+00 3.443293194996158935e+00
-2.223921865774888262e-01 -2.223921865768174466e-01 1.810158218291846866e-01 1.810158218295701837e-01 3.557008198798534138e-01 6.359141234852689895e-01 6.359141234853605829e-01 7.332832107526068288e-01 7.332832107526356946e-01 7.951101562947748835e-01 8.688821303453093670e-01 1.902525363182922202e+00 1.902525363182952844e+00 2.342451127788352849e+00 3.504644354382112414e+00
-2.034959153523275277e-01 -2.034959153515263075e-01 1.712879826482006096e-01 1.712879826486591872e-01 3.558308550493194389e-01 6.556504379641524549e-01 6.556504379642301705e-01 7.302374569803790072e-01 7.302374569804038762e-01 8.149342121652923820e-01 8.860274536037117121e-01 1.902775089284925558e+00 1.902775089284955756e+00 2.450708657695475079e+00 3.537962368241454936e+00
-1.961062124814452745e-01 -1.961062124805630358e-01 1.671660349054552297e-01 1.671660349059606032e-01 3.558751967570946140e-01 6.630662347003987156e-01 6.630662347004698809e-01 7.284678384733638268e-01 7.284678384733852541e-01 8.213615918741774546e-01 8.919347576530451960e-01 1.902858729409065086e+00 1.902858729409095284e+00 2.487911177343880009e+00 3.548323067783971219e+00
-2.092437331887321283e-01 -1.933617316824245147e-01 1.415238767490706873e-01 1.822867640081344276e-01 3.323705129346794518e-01 6.586937561679492292e-01 6.621827537511714157e-01 7.083438406332021042e-01 7.297844960348798260e-01 8.399508051930433261e-01 9.007838628204448694e-01 1.902811561522330885e+00 1.955921504974069469e+00 2.487818574119461168e+00 3.547352020231659964e+00
-2.476354700251883201e-01 -1.850284197041588141e-01 1.216662255591787756e-01 2.208441420769973740e-01 2.596062138432570499e-01 6.511909202547738751e-01 6.595707947117855907e-01 6.835198528834341980e-01 7.336049484310960267e-01 8.796334929055413809e-01 9.240488257733272537e-01 1.902669800552384327e+00 2.089837405317336749e+00 2.488271230576529547e+00 3.545002959028419554e+00
-3.113189038469906800e-01 -1.707548531984782736e-01 1.015040811717477509e-01 1.973047303407897968e-01 2.714156534376250263e-01 6.493340949517800720e-01 6.553464273599617362e-01 6.796334850279316386e-01 7.395562908341565267e-01 9.353338968021495115e-01 9.685972378790034254e-01 1.902433508671072415e+00 2.255491170744115426e+00 2.493355460454963701e+00 3.542945091912096611e+00
-3.962710221558063406e-01 -1.891683403465340141e-01 -1.497209221713982907e-01 2.529419959120304817e-01 3.262629251378745265e-01 6.497049389161697608e-01 6.550913675044364171e-01 6.893605690878901182e-01 7.470666475138175722e-01 9.815892734250876162e-01 1.087545570326880595e+00 1.902105353057675474e+00 2.393321820167226832e+00 2.528107037909268939e+00 3.543811491317587326e+00
-4.840624887987737823e-01 -2.698298269502038549e-01 -1.198937577582157854e-01 2.495539610352252302e-01 3.810092456688244922e-01 6.429231482682498111e-01 6.639698056718430497e-01 6.985070509984764309e-01 7.554315905469759507e-01 1.018970379595268927e+00 1.283470201952783052e+00 1.901693722622087135e+00 2.436473885398802608e+00 2.638332909478179111e+00 3.550682524868709056e+00
-5.616329067176406564e-01 -3.250699511238382966e-01 -7.407514488949816511e-02 1.790896316647073716e-01 4.329987259712251846e-01 6.353619480196009972e-01 6.738958579730085496e-01 7.030670449000595568e-01 7.638944331587733672e-01 1.052199131184578418e+00 1.517604044366686500e+00 1.901215746608657220e+00 2.441165938210649866e+00 2.756415419770359865e+00 3.565788509100896952e+00
-6.262066088041390310e-01 -3.695338768571218013e-01 -1.251135324578935559e-01 6.086004084634300676e-02 4.803889315547027472e-01 6.274674556449476581e-01 6.838423410498344346e-01 7.054646036305294299e-01 7.717340641144133651e-01 1.080882517383467967e+00 1.756626445447709184e+00 1.900699144105351790e+00 2.439295869019159735e+00 2.847173098004488256e+00 3.588536063557300260e+00
-6.779962350127247683e-01 -4.063961066136797529e-01 -2.650973832305114075e-01 1.121753391698771529e-01 5.217263002343301981e-01 6.197665398316830609e-01 6.928218244340011989e-01 7.075429518317820632e-01 7.783563461311610032e-01 1.104609469491601548e+00 1.900181934865417643e+00 1.978247048688812404e+00 2.436236717861370416e+00 2.909295997506191611e+00 3.614573781947011621e+00
-7.176250626281831524e-01 -4.361891462539770892e-01 -3.501906067350408214e-01 1.431339792505749442e-01 5.557365138535534932e-01 6.128486610616774577e-01 6.997608165475314168e-01 7.101219462773595836e-01 7.833826695145316155e-01 1.123156464261398924e+00 1.899709439174045000e+00 2.166349801310712309e+00 2.433850133765727008e+00 2.949566357980640152e+00 3.637809817189685102e+00
-7.456104737901705359e-01 -4.587480161444806859e-01 -4.062589563609205201e-01 1.635596278230816991e-01 5.812256067092229639e-01 6.073229083577383891e-01 7.039165035861706388e-01 7.133312310465151906e-01 7.867139692659306238e-01 1.136425324218373945e+00 1.899328672133186124e+00 2.307170123882473334e+00 2.434217569813168502e+00 2.975442266007028547e+00 3.653964610411744474e+00
-7.622876846792507877e-01 -4.735437358223952842e-01 -4.380215132533716305e-01 1.754664223153434011e-01 5.970913039870431316e-01 6.037426649426209657e-01 7.058466909585856541e-01 7.160570927742244685e-01 7.885173801902174429e-01 1.144386674876727961e+00 1.899081062195232317e+00 2.385437062534528252e+00 2.443828890748434013e+00 2.991046551403500064e+00 3.662380548784698320e+00
-7.678297242376974641e-01 -4.789488753887776173e-01 -4.480781952645118138e-01 1.793990864032592447e-01 6.023915571329943042e-01 6.025988263881809637e-01 7.064043408323933404e-01 7.170914237415002557e-01 7.890724335921671662e-01 1.147039605911204907e+00 1.898995132736509994e+00 2.402623602434684980e+00 2.456373337381584587e+00 2.996508304661614996e+00 3.664805639916291824e+00
-7.629206198173974496e-01 -4.682906420506522949e-01 -4.453643967697160644e-01 1.758781850478403075e-01 6.000991863131431847e-01 6.011842518919366940e-01 7.057990837322766220e-01 7.162667483629223675e-01 7.885910242663286551e-01 1.144671302153717818e+00 1.899071370659406899e+00 2.389663226743223845e+00 2.442959969618577087e+00 2.991437004904462960e+00 3.662719409298321072e+00
-7.481454153148751063e-01 -4.371781711258746483e-01 -4.364032758169603121e-01 1.648987632322872210e-01 5.932491174398826228e-01 5.969556249364338374e-01 7.037363631044565304e-01 7.137771992918808817e-01 7.871416679941448669e-01 1.137514587995947624e+00 1.899289230018128327e+00 2.350497422540895887e+00 2.403215396216046074e+00 2.976650757906798894e+00 3.655721873343065642e+00
-7.234168874411732730e-01 -4.234086192926022063e-01 -3.832569747963557316e-01 1.449094020796428683e-01 5.819170703721483484e-01 5.899592247492897457e-01 6.995553558935988514e-01 7.095507420743811799e-01 7.847128859723765393e-01 1.125418561439917253e+00 1.899617541106082275e+00 2.284477009849860352e+00 2.338492174133770973e+00 2.953234402937889413e+00 3.641772424942283148e+00
-6.887588577513029664e-01 -4.039488404843756819e-01 -3.073532562760077358e-01 1.115232932787675046e-01 5.662144206175295791e-01 5.802754679642487812e-01 6.923859481415222117e-01 7.033809997100559652e-01 7.812963404065995654e-01 1.108145012675609609e+00 1.900008814325490070e+00 2.191092018840623101e+00 2.250687914691750890e+00 2.922447855292107821e+00 3.617964859396547439e+00
-6.445042317526701314e-01 -3.788271370111567782e-01 -1.993315421120729625e-01 4.066812947911108145e-02 5.462746659035163654e-01 5.680237899314811711e-01 6.813974759039417295e-01 6.947979179840751973e-01 7.768973489009801670e-01 1.085381973955179991e+00 1.900405311353338789e+00 2.070513420741599830e+00 2.141938675993699359e+00 2.885227663314735125e+00 3.581037066208355490e+00
-5.914924538057930725e-01 -3.484748117683305058e-01 -1.054773041932914601e-01 1.063367260364602301e-01 5.222453769651042021e-01 5.533693995707374969e-01 6.660158794770828505e-01 6.829060142435934289e-01 7.715433869705475844e-01 1.056748230177152248e+00 1.900746406339894223e+00 1.923958847472399647e+00 2.014451876250440421e+00 2.841907557051471134e+00 3.527818764850236377e+00
-5.312551110851649883e-01 -3.143263076960756131e-01 -1.599538604412285847e-01 2.328335288174545048e-01 4.942875351554442132e-01 5.365318476972128492e-01 6.460588522460950500e-01 6.662448106256477764e-01 7.652906722059454880e-01 1.021768281132799938e+00 1.753893157542376846e+00 1.870525885483419248e+00 1.900976307134285781e+00 2.792204413792340301e+00 3.455580890831231766e+00
-4.663694006228443212e-01 -2.799808625036716569e-01 -2.032822280335862819e-01 2.942837373869023332e-01 4.625804418351681102e-01 5.177953307835896357e-01 6.217208032788741345e-01 6.427408154591323086e-01 7.582306128300061454e-01 9.797753840350886811e-01 1.564314505155284696e+00 1.712781005598533746e+00 1.901051188316882357e+00 2.735367104072756739e+00 3.362308072158196381e+00
-4.024175369710069061e-01 -2.515045653269985526e-01 -2.405533066347699811e-01 3.286463234561802782e-01 4.273287826235960818e-01 4.975205742285655486e-01 5.931833664696072317e-01 6.097311060509513769e-01 7.504972393275552989e-01 9.296502134868892542e-01 1.361619180229761916e+00 1.544703624883341453e+00 1.900944885154876252e+00 2.670383268690671663e+00 3.246926536221065085e+00
-3.601319834149143140e-01 -2.732855751896727248e-01 -2.241472742348123437e-01 3.451407052410970788e-01 3.887687558772208174e-01 4.761578987905718541e-01 5.592776706801599884e-01 5.638003066893425563e-01 7.422748015332183424e-01 8.692242338608657803e-01 1.157033824638660668e+00 1.371792699735835841e+00 1.900652486157763610e+00 2.596210286418572544e+00 3.109514096342262057e+00
-3.838486246440119820e-01 -3.020378238239984636e-01 -1.573759967829894968e-01 3.471714316199029926e-01 3.472195413495274829e-01 4.542604824647198392e-01 4.999268418979836426e-01 5.150757984976263026e-01 7.338030067251636313e-01 7.943909950641375728e-01 9.716470823804080892e-01 1.203674463314019505e+00 1.900191412413522407e+00 2.512052507704492843e+00 2.951519313718394599e+00
-4.615158544910077931e-01 -3.270096420690138950e-01 7.824492799133937748e-02 3.028428085813429926e-01 3.281200695266383027e-01 4.129606728989586584e-01 4.324955881425163740e-01 4.547002820598337047e-01 7.005767951191946841e-01 7.253767465181184537e-01 8.359988949301315753e-01 1.055472319122694902e+00 1.899599856376998241e+00 2.417732792528204389e+00 2.776033717542875756e+00
-5.409553606969778050e-01 -3.482468750601457885e-01 1.751985359624650407e-01 1.924935001740753215e-01 2.561209410510288942e-01 3.494812577848856461e-01 3.880215058261305416e-01 4.116492711495416956e-01 5.937787271028441838e-01 7.173376868052873112e-01 7.614615345859419016e-01 9.401666621109951993e-01 1.898932746368335867e+00 2.314228024355080571e+00 2.588200185688847021e+00
-5.808067410809991671e-01 -3.657275976971552378e-01 -2.642030924419197513e-01 1.994352893165478036e-01 2.073709611533187391e-01 3.148808290252805842e-01 3.417840413793058474e-01 3.926166710240353575e-01 4.954643925723126174e-01 7.100564543690336405e-01 7.267676281366467483e-01 8.558875769387133126e-01 1.898255682017963242e+00 2.204476972365423393e+00 2.395903689881383691e+00
-5.674668796354889189e-01 -3.854099012777181810e-01 -3.794030254508174993e-01 1.569789681446273621e-01 1.682916700525337317e-01 2.654014373393923654e-01 3.339459689283615362e-01 3.763663168276251692e-01 4.226107333326741267e-01 7.039059853562900093e-01 7.104520461356770289e-01 7.926519274907123380e-01 1.897637525084710175e+00 2.094600103850406736e+00 2.210932399971463624e+00
-5.087319824229880050e-01 -4.206710256738790399e-01 -3.892191815556139134e-01 1.053457493458876681e-01 1.104573093076841317e-01 1.915281325142955682e-01 3.425062343198499448e-01 3.638661701607912580e-01 3.798863788237605288e-01 6.992286065860966460e-01 7.019303844472908338e-01 7.437706810922937173e-01 1.897142502302556322e+00 1.995482434347351841e+00 2.050539539407950862e+00
-4.337879325107186212e-01 -4.099150691604110386e-01 -3.951296175816699785e-01 4.942591087102130715e-02 5.288119356403286897e-02 1.002996894234793462e-01 3.503275942311230851e-01 3.559673630663182098e-01 3.592848438817743406e-01 6.963012681850301311e-01 6.970767891041448339e-01 7.089302058815478702e-01 1.896822756104786123e+00 1.923524567686971887e+00 1.937880811491517363e+00
-3.971033751735644768e-01 -3.971033751732840344e-01 -3.971033751730022043e-01 -3.833714768745223610e-08 -3.414369249944533318e-08 3.705737420021152901e-08 3.532631148691188772e-01 3.532631148695565826e-01 3.532631148696091516e-01 6.953045674817823762e-01 6.953045674818394417e-01 6.953045674819613442e-01 1.896712246310757966e+00 1.896712246310824357e+00 1.896712246310844785e+00
-4.194012669192445086e-01 -4.194012669187740516e-01 -3.972526899877668050e-01 4.534950227684601126e-02 4.534950227752092972e-02 9.783173318953095055e-02 3.495288578048613704e-01 3.578070433437414710e-01 3.578070433441792320e-01 6.963040265973723386e-01 6.963040265975494192e-01 7.073997964159376428e-01 1.913416815647948965e+00 1.913416815647998037e+00 1.926677349286724850e+00
-4.703897172135179661e-01 -4.703897172131757398e-01 -3.861312872068719537e-01 8.897269193696845380e-02 8.897269193765593165e-02 1.898323400811669781e-01 3.381493792912363960e-01 3.727222288791490201e-01 3.727222288795458138e-01 6.992308760116905386e-01 6.992308760118747246e-01 7.396878839583050924e-01 1.959851283312341597e+00 1.959851283312386894e+00 2.011397070861050018e+00
-5.204823399312212828e-01 -5.204823399309795873e-01 -3.412751844108654065e-01 1.264164066512194207e-01 1.264164066519052332e-01 2.767054638618263174e-01 3.185241369735550832e-01 3.992302738142143315e-01 3.992302738145574459e-01 7.044909941113974838e-01 7.044909941115832241e-01 7.854482330435365034e-01 2.027365039016701953e+00 2.027365039016744142e+00 2.138048441233772579e+00
-5.481380410875230647e-01 -5.481380410873443187e-01 -2.347436053816932267e-01 1.546621230085632459e-01 1.546621230092596888e-01 2.893553460040656500e-01 3.632908614208386622e-01 4.363919321600444046e-01 4.363919321603423329e-01 7.138381091554553137e-01 7.138381091556328384e-01 8.413939773778953413e-01 2.106688150291067707e+00 2.106688150291105455e+00 2.291521823256228441e+00
-5.427474896718686992e-01 -5.427474896717279229e-01 1.479928298631550121e-01 1.728823577239314013e-01 1.728823577246430265e-01 2.478544066701085236e-01 4.584587299505059055e-01 4.824616065725500502e-01 4.824616065728156711e-01 7.308221434934203398e-01 7.308221434935812111e-01 9.079756678792748614e-01 2.190532431373465982e+00 2.190532431373499289e+00 2.458270699504070400e+00
-5.026906976858466214e-01 -5.026906976857183906e-01 1.805962622807375240e-01 1.805962622814842877e-01 1.868070243966264976e-01 2.989675411766213320e-01 5.373674032219671881e-01 5.373674032221944508e-01 5.667655817059388257e-01 7.612734501421454247e-01 7.612734501422866451e-01 9.877389644350582643e-01 2.274085100034179963e+00 2.274085100034210605e+00 2.627657173816925873e+00
-4.376576085109015746e-01 -4.376576085107429237e-01 6.687592018410068451e-02 1.757113269011289225e-01 1.757113269019481283e-01 3.690983260849299286e-01 6.021542476533426891e-01 6.021542476535171051e-01 6.743295602454113524e-01 8.144055207380745953e-01 8.144055207381911687e-01 1.083359735068477381e+00 2.354554164813391193e+00 2.354554164813420947e+00 2.791897141761706447e+00
-3.712265361751944659e-01 -3.712265361749588211e-01 -1.716767868597945113e-01 1.533191637988426670e-01 1.533191637998331802e-01 4.068000344264438572e-01 6.711223860192415680e-01 6.711223860193784585e-01 7.665233970684387499e-01 9.024352394985238890e-01 9.024352394986132619e-01 1.194720160060104286e+00 2.430546508847192033e+00 2.430546508847222231e+00 2.945599397652283180e+00
-3.300034845955681639e-01 -3.300034845952528051e-01 -2.579777391793853236e-01 1.042452498000781963e-01 1.042452498015680462e-01 4.244673576639626522e-01 7.330720148874888542e-01 7.330720148876084252e-01 8.401001579427141985e-01 1.028445784858212919e+00 1.028445784858275758e+00 1.317508540149610274e+00 2.501542516001477701e+00 2.501542516001507899e+00 3.085298638070729016e+00
-3.271496984500933958e-01 -3.271496984497463401e-01 -3.261167897922599423e-01 -6.007661208366964906e-02 -6.007661208115886581e-02 4.264510593754480272e-01 7.855801095948307111e-01 7.855801095949404012e-01 8.976384978991985841e-01 1.178227223120786427e+00 1.178227223120832612e+00 1.445616945421337673e+00 2.567507475043146137e+00 2.567507475043176335e+00 3.209064154907165012e+00
-3.852419223451007402e-01 -3.575219123189352088e-01 -3.575219123185975900e-01 -1.265134913611011824e-01 -1.265134913599699762e-01 4.146191310831526811e-01 8.312331296887123244e-01 8.312331296888135768e-01 9.424674917669934038e-01 1.335807370457846144e+00 1.335807370457884113e+00 1.573876721155620162e+00 2.628621694289348554e+00 2.628621694289380528e+00 3.316172110925301730e+00
-4.384052415461587304e-01 -4.048466584671258084e-01 -4.048466584668175550e-01 -1.614295109399228323e-01 -1.614295109390776473e-01 3.900106706165142878e-01 8.717172525420604501e-01 8.717172525421567064e-01 9.771769702131841706e-01 1.491536384895025380e+00 1.491536384895056466e+00 1.698729101314881529e+00 2.685104910854121840e+00 2.685104910854156035e+00 3.406820326954240752e+00
-4.869184739809817586e-01 -4.564524251678069855e-01 -4.564524251675259325e-01 -1.868632096829540845e-01 -1.868632096822442634e-01 3.533537175428952959e-01 9.076902299418706521e-01 9.076902299419626896e-01 1.003675435961635776e+00 1.640272329316710076e+00 1.640272329316736499e+00 1.817836593119529498e+00 2.737114026776617859e+00 2.737114026776655162e+00 3.481875233693419336e+00
-5.313584454829917147e-01 -5.065342202221865264e-01 -5.065342202219355050e-01 -2.070612223033843624e-01 -2.070612223027585019e-01 3.050627953751368082e-01 9.394009597125435596e-01 9.394009597126373734e-01 1.023468553188671137e+00 1.779172460404559342e+00 1.779172460404580436e+00 1.929614396760502393e+00 2.784696621389719962e+00 2.784696621389760374e+00 3.542650653882471801e+00
-5.719185575720613368e-01 -5.528100112491517448e-01 -5.528100112489259255e-01 -2.228854600473600955e-01 -2.228854600467847502e-01 2.445856707255817941e-01 9.669892958220115409e-01 9.669892958221074641e-01 1.037835413802229212e+00 1.906542296771649436e+00 1.906542296771666756e+00 2.032911133518191082e+00 2.827785479138491098e+00 2.827785479138537728e+00 3.590722794632560166e+00
-6.085669021832375014e-01 -5.943632067727989687e-01 -5.943632067725984625e-01 -2.346083988887817939e-01 -2.346083988882390614e-01 1.674132440128279220e-01 9.905968036735821602e-01 9.905968036736828575e-01 1.047904798400551840e+00 2.021279579136776139e+00 2.021279579136790794e+00 2.126811919588288191e+00 2.866221991596028307e+00 2.866221991596076268e+00 3.627785294617134948e+00
-6.411339388552383944e-01 -6.307841507635395528e-01 -6.307841507633635825e-01 -2.426054339056102627e-01 -2.426054339050857378e-01 -5.619039386540842021e-03 1.010399379210734194e+00 1.010399379210840554e+00 1.054675793729525690e+00 2.122587081923070773e+00 2.122587081923084540e+00 2.210515136612581699e+00 2.899798354966819591e+00 2.899798354966872882e+00 3.655543892024465169e+00
-6.693708064352826836e-01 -6.618522416942959063e-01 -6.618522416941443609e-01 -2.474681864502018824e-01 -2.474681864496857675e-01 -1.514432825919177217e-01 1.026607016401163364e+00 1.026607016401275274e+00 1.059014187159922571e+00 2.209811532699641923e+00 2.209811532699661463e+00 2.283255958139394082e+00 2.928309080122307062e+00 2.928309080122363461e+00 3.675644314608348839e+00
-6.929936063361991083e-01 -6.874236375827262879e-01 -6.874236375825999446e-01 -2.499459993898206223e-01 -2.499459993893130283e-01 -2.005170815238732918e-01 1.039448813056057075e+00 1.039448813056178311e+00 1.061642648168284797e+00 2.282352435016834935e+00 2.282352435016859360e+00 2.344268129485389984e+00 2.951600960879008806e+00 2.951600960879067426e+00 3.689621553774829366e+00
-7.117194585381730887e-01 -7.073966171672084746e-01 -7.073966171671081105e-01 -2.508372503986783242e-01 -2.508372503981780022e-01 -2.284221695447680722e-01 1.049151908392574661e+00 1.049151908392703669e+00 1.063134543751154348e+00 2.339621935587875345e+00 2.339621935587906432e+00 2.392784654558215429e+00 2.969608174209729778e+00 2.969608174209790175e+00 3.698855946811004269e+00
-7.252962470127123362e-01 -7.217022137137434346e-01 -7.217022137136666071e-01 -2.508784716676795701e-01 -2.508784716671867421e-01 -2.442913183287923617e-01 1.055919579557656585e+00 1.055919579557793142e+00 1.063915839029627275e+00 2.381051846090307400e+00 2.381051846090341151e+00 2.428078137353840926e+00 2.982358588041315706e+00 2.982358588041379654e+00 3.704523429419405822e+00
-7.335263558890806612e-01 -7.302990346095682428e-01 -7.302990346095102892e-01 -2.523430730487541962e-01 -2.506543464118493603e-01 -2.506543464113603625e-01 1.059911896952615340e+00 1.059911896952757449e+00 1.064274990178222025e+00 2.406144348366493269e+00 2.406144348366531016e+00 2.449533665371996349e+00 2.989943420352114245e+00 2.989943420352178194e+00 3.707534974562926244e+00
-7.362840912923733772e-01 -7.331666185857501628e-01 -7.331666185856992035e-01 -2.547890514719397537e-01 -2.505371712056095879e-01 -2.505371712051204791e-01 1.061230981712707688e+00 1.061230981712850463e+00 1.064376908691248236e+00 2.414550633264770152e+00 2.414550633264809232e+00 2.456734792729089012e+00 2.992458262586964235e+00 2.992458262587029516e+00 3.708472015104447905e+00
-7.340687290385116137e-01 -7.313425302661206162e-01 -7.297224795148214982e-01 -2.539067960455504980e-01 -2.506079961756116914e-01 -2.494157979873089792e-01 1.059897620841935284e+00 1.060352954500354272e+00 1.064175836270752296e+00 2.403540192579854295e+00 2.410946155907929711e+00 2.450142987670434369e+00 2.989116057673787630e+00 2.991426886457751344e+00 3.707633342652746133e+00
-7.285384659980019828e-01 -7.258842246594501280e-01 -7.183038623932259670e-01 -2.534157260196496231e-01 -2.507587863872516865e-01 -2.433050065920848992e-01 1.055057745322212526e+00 1.057677728215177249e+00 1.064361951943844087e+00 2.370681401790462051e+00 2.393088539887725297e+00 2.437706349280563956e+00 2.979071014163534148e+00 2.988292068298706194e+00 3.704902844377343740e+00
-7.197673581630503747e-01 -7.168263840086545047e-01 -6.989241239572027142e-01 -2.525522919928204768e-01 -2.508167796390037840e-01 -2.312156185255158092e-01 1.046519950488732587e+00 1.053087698836309816e+00 1.064975606127901431e+00 2.316495144709063148e+00 2.350138276751885691e+00 2.431104868609174741e+00 2.962266490622988524e+00 2.982897724421391228e+00 3.699719137736459107e+00
-7.074975674478899412e-01 -7.042053681925160014e-01 -6.719814036285229886e-01 -2.505316063688308170e-01 -2.488787194860827001e-01 -2.126394757153760307e-01 1.034375305165607051e+00 1.046405255877039364e+00 1.065675737012081514e+00 2.241858814820549384e+00 2.285264050970016392e+00 2.428441452248476740e+00 2.938605931726056664e+00 2.974888573885997811e+00 3.691388217518023929e+00
-6.915791698092621509e-01 -6.880353976800436255e-01 -6.378091527475653333e-01 -2.496213037247436983e-01 -2.398479305728476174e-01 -1.855711831603333306e-01 1.018595158795056355e+00 1.037417049164332639e+00 1.066146746648158450e+00 2.148016640753404705e+00 2.202583801928994944e+00 2.427156681905800362e+00 2.907955663214854436e+00 2.963611335379225498e+00 3.679357305695769131e+00
-6.718657250441321116e-01 -6.682897269387436667e-01 -5.967648202533862856e-01 -2.478205177471887455e-01 -2.223339945748086799e-01 -1.450246775841065316e-01 9.991045541629178794e-01 1.025902253208098136e+00 1.066034577085207546e+00 2.036592906814956638e+00 2.104501455276644784e+00 2.426571509546632033e+00 2.870155711517689223e+00 2.948026162713911713e+00 3.663476913647623512e+00
-6.481833797777629691e-01 -6.448959629619714917e-01 -5.492392359536822921e-01 -2.449216253818449762e-01 -1.917676334289042939e-01 -6.980062231983574783e-02 9.758096519693854054e-01 1.011660907434593692e+00 1.064934072500023143e+00 1.909614591512149628e+00 1.993034731993157838e+00 2.426502508976585037e+00 2.825039719789376846e+00 2.926650777025789019e+00 3.644198530835869754e+00
-6.203112232079737165e-01 -6.177504583631918678e-01 -4.956546578409679604e-01 -2.408003967172222537e-01 -1.381787165683760477e-01 1.191865222354170223e-01 9.486052269016184146e-01 9.945390261259861031e-01 1.062399237818013598e+00 1.769556460791537500e+00 1.870255151393572346e+00 2.426845092800861803e+00 2.772464087830845969e+00 2.897583856738810582e+00 3.622659453585035383e+00
-5.879541356574167210e-01 -5.867516196364676029e-01 -4.364924670210864055e-01 -2.354122831485915557e-01 5.920082003786597546e-02 1.906652136841884559e-01 9.173679719046778924e-01 9.744481715505710628e-01 1.057964582633353912e+00 1.619430253422240229e+00 1.738545133635838846e+00 2.427419045652911667e+00 2.712347343680851175e+00 2.858692095746083073e+00 3.600594139775274982e+00
-5.518516666287103245e-01 -5.506984841510089712e-01 -3.724438238273333757e-01 -2.287084457681297645e-01 1.742290313793870837e-01 2.480447083434023092e-01 8.819329046678709982e-01 9.513782485640486231e-01 1.051173776111977487e+00 1.462953369229677003e+00 1.600899803664803889e+00 2.427833040441705226e+00 2.644722617422187394e+00 2.808060061155486675e+00 3.580025150552090363e+00
-5.131335895759643329e-01 -5.079371657997290290e-01 -3.051246367465983433e-01 -2.201445264007984570e-01 2.460632343104254549e-01 2.983070958769487580e-01 8.420739027714850833e-01 9.254031405800243748e-01 1.041611461449746923e+00 1.304851292232189541e+00 1.461348585443298376e+00 2.427213007686327639e+00 2.569808444035418304e+00 2.744781698707305040e+00 3.562781057057041956e+00
-4.709256007313623593e-01 -4.587378057571814827e-01 -2.428630859746310211e-01 -2.036059006127428905e-01 3.053199165802772952e-01 3.416415101697473089e-01 7.976409920708369405e-01 8.966787874194422914e-01 1.028930499134135257e+00 1.151348022130226800e+00 1.325487684962989743e+00 2.423380982427341124e+00 2.488106168831094145e+00 2.670320667455845065e+00 3.550033384802879777e+00
-4.259484244206180881e-01 -4.016062257753939546e-01 -2.162499014741026127e-01 -1.539974450032883246e-01 3.536028785228432225e-01 3.786399940197788250e-01 7.494668719529893330e-01 8.654278805229456140e-01 1.010752884887774039e+00 1.012853628492960789e+00 1.200803746711030184e+00 2.400536508262393287e+00 2.409878903487332913e+00 2.591835031603116679e+00 3.542080026554972783e+00
-3.794438453068179062e-01 -3.341828489375244793e-01 -2.051740342310988119e-01 -1.050622611901396303e-01 3.726985210977786234e-01 4.227209413062686383e-01 7.022950314296834140e-01 8.318506507007159545e-01 8.934098973116885167e-01 9.930570453939938647e-01 1.095734631764913480e+00 2.308633474982666467e+00 2.368855619443735794e+00 2.529409310511715692e+00 3.538440776682238109e+00
-3.332096843257102425e-01 -2.566397444648905735e-01 -1.870354474960831681e-01 -8.946201582151480647e-02 3.552503916457479538e-01 4.729225229433871580e-01 6.677252021635998736e-01 7.949761687854011161e-01 8.099571521013519959e-01 9.684150331863990990e-01 1.016861361632434679e+00 2.214818529795037794e+00 2.286766865915535796e+00 2.500410264098359203e+00 3.538136289408198021e+00
-2.895591866716750729e-01 -2.139280785624663728e-01 -1.097342945762505156e-01 2.709649768171403308e-02 3.075993514687173636e-01 5.233353016312723982e-01 6.560127780261421071e-01 7.535183905137072813e-01 7.647003134168131044e-01 9.353231625867254317e-01 9.672290672818183443e-01 2.122769942843405477e+00 2.183084455549416436e+00 2.490978279965489595e+00 3.539981798434260529e+00
-2.513027475248058584e-01 -2.039913388441715603e-01 -6.606756461557861115e-02 2.087883556020523890e-01 2.493148047566592918e-01 5.718772874140152229e-01 6.652644560401734797e-01 7.267287344664329352e-01 7.330954134705400804e-01 8.980893645960308369e-01 9.374170401752479620e-01 2.037844249912799555e+00 2.078494688199950868e+00 2.488248587409750634e+00 3.542808557912065837e+00
-2.214950649977726893e-01 -1.991375933095672346e-01 9.246736372235198065e-02 2.019063874700212646e-01 2.909833755410919931e-01 6.159196398696836772e-01 6.879233520624655762e-01 6.961449754974059489e-01 7.257251898744865315e-01 8.642172367923014464e-01 9.148870354483548128e-01 1.967311692236606069e+00 1.987909353723792627e+00 2.487728639963137756e+00 3.545605402873039935e+00
-2.025998223602099857e-01 -1.967909253760714017e-01 1.488738971709719083e-01 1.751539515161374683e-01 3.391937389022762761e-01 6.496945016412112306e-01 6.723110979385799046e-01 7.145145389680733761e-01 7.270223474828542143e-01 8.353019291697381110e-01 8.984596231487498308e-01 1.919766351948332117e+00 1.925368272627939303e+00 2.487823152039069896e+00 3.547603096539208689e+00
-1.961062124814452745e-01 -1.961062124805630358e-01 1.671660349054552297e-01 1.671660349059606032e-01 3.558751967570946140e-01 6.630662347003987156e-01 6.630662347004698809e-01 7.284678384733638268e-01 7.284678384733852541e-01 8.213615918741774546e-01 8.919347576530451960e-01 1.902858729409065086e+00 1.902858729409095284e+00 2.487911177343880009e+00 3.548323067783971219e+00
-7.678297242376974641e-01 -4.789488753887776173e-01 -4.480781952645118138e-01 1.793990864032592447e-01 6.023915571329943042e-01 6.025988263881809637e-01 7.064043408323933404e-01 7.170914237415002557e-01 7.890724335921671662e-01 1.147039605911204907e+00 1.898995132736509994e+00 2.402623602434684980e+00 2.456373337381584587e+00 2.996508304661614996e+00 3.664805639916291824e+00
-7.673439028416809693e-01 -4.789892135485703251e-01 -4.485682601015340554e-01 1.758330390268970089e-01 5.622313119486886945e-01 5.647132681792810249e-01 7.381554008248679688e-01 7.462885685851700091e-01 7.914261083622590176e-01 1.145800743552306766e+00 1.940656549630390693e+00 2.402726557832739918e+00 2.456419647699696451e+00 2.996434489126030165e+00 3.663948491193742552e+00
-7.659148170233786024e-01 -4.796004466203438454e-01 -4.506008278386670618e-01 1.648327926697671086e-01 4.845625301521971906e-01 4.893414164633868579e-01 7.894570507342938415e-01 7.956241722006551775e-01 8.185983374940508650e-01 1.142157079911298112e+00 2.049755191410546296e+00 2.403041561447552876e+00 2.456761319320342363e+00 2.996219958566821884e+00 3.661646059253838459e+00
-7.636256560004544003e-01 -4.823861766528291239e-01 -4.560348835638561305e-01 1.452561759389200957e-01 3.894293823489199391e-01 3.958738122164948137e-01 8.387280423969870613e-01 8.438131222574148937e-01 9.019627239085266091e-01 1.136323132230697919e+00 2.194300698261992810e+00 2.403583884920828861e+00 2.458394237795143766e+00 2.995884427404758465e+00 3.658684779768463180e+00
-7.606089089489402877e-01 -4.904537607115427300e-01 -4.684124059372080651e-01 1.138181866125678871e-01 2.755022672243391257e-01 2.832242942835306310e-01 8.831192441352353484e-01 8.875319087907584947e-01 1.047230320400755588e+00 1.128643037882569811e+00 2.342203399588330459e+00 2.404369311644139806e+00 2.467118908970759250e+00 2.995457529176172251e+00 3.656288493333009981e+00
-7.570381207523464440e-01 -5.083445781262766472e-01 -4.924702688546120921e-01 5.331251013278507506e-02 1.228654911785917458e-01 1.323956945850935374e-01 9.222135266147766242e-01 9.261063673327138979e-01 1.119567138058968903e+00 1.237012239092512900e+00 2.405402274734834034e+00 2.426886181599506642e+00 2.532077829938377711e+00 2.994974697270115005e+00 3.655923172541088562e+00
-7.531179001322901856e-01 -5.391550218018705820e-01 -5.300718131592330185e-01 -1.638343210884607715e-01 -1.594416717053710186e-01 -8.557514570162687295e-02 9.560577221768962186e-01 9.595145046968719393e-01 1.109634632275008359e+00 1.449195208692298564e+00 2.406663972605726176e+00 2.438875967961044999e+00 2.652079900244021626e+00 2.994472635061786736e+00 3.658907907566123718e+00
-7.490729840452802213e-01 -5.796335269466706963e-01 -5.757411325821394366e-01 -2.256858023844923178e-01 -2.178040235609680908e-01 -1.377978821092227524e-01 9.848192915009497117e-01 9.878960129243344879e-01 1.099428059390441303e+00 1.665545842433652668e+00 2.408103907779195030e+00 2.441074576228210447e+00 2.758552819174553417e+00 2.993985222336736918e+00 3.665819218154986459e+00
-7.451368651390321007e-01 -6.220817415217001489e-01 -6.212041742415391754e-01 -2.485725593654377064e-01 -2.401017563725342252e-01 -1.745157981636644429e-01 1.008699398062145258e+00 1.011441427819181671e+00 1.089546491887400492e+00 1.872103472919878220e+00 2.409637633377986088e+00 2.441710737229021433e+00 2.841789388758334756e+00 2.993540531305348029e+00 3.675924866595139839e+00
-7.415404745577309775e-01 -6.611562484090193204e-01 -6.604748467421651670e-01 -2.559649473140240827e-01 -2.484701683265436722e-01 -2.027708485519557624e-01 1.027901656839783628e+00 1.030350577008211310e+00 1.080567718011440359e+00 2.057711087019048701e+00 2.411152047316991620e+00 2.442095691495173693e+00 2.902498791543911327e+00 2.993159323289286800e+00 3.687172476246118880e+00
-7.385027614381292071e-01 -6.932202939944226427e-01 -6.917699561217572901e-01 -2.569464528583422780e-01 -2.509603957638384397e-01 -2.242320620328233371e-01 1.042614857989403010e+00 1.044804622146060291e+00 1.073020151994198423e+00 2.212799409662200567e+00 2.412517728729195898e+00 2.442778779421273860e+00 2.944397273865848597e+00 2.992855048787840921e+00 3.697057216975657479e+00
-7.362355837494761746e-01 -7.164175218511565912e-01 -7.146406858563186804e-01 -2.557732136707263626e-01 -2.511502200173848509e-01 -2.393687252216533945e-01 1.052999979708653555e+00 1.054919509820954726e+00 1.067384513869944929e+00 2.328604659178531655e+00 2.413606098963454905e+00 2.444616284026642994e+00 2.971683350972472049e+00 2.992635056726796083e+00 3.703886352205349564e+00
-7.351375364658645495e-01 -7.301114194361445486e-01 -7.285186745610225945e-01 -2.547377754024703900e-01 -2.507475681221028596e-01 -2.481157437788536757e-01 1.059179760702506856e+00 1.060455775292105107e+00 1.064349733518766161e+00 2.396218824128216518e+00 2.414308079158481224e+00 2.450223386572010220e+00 2.987309121419192248e+00 2.992502492218434007e+00 3.707443159032353108e+00
-7.362840912923733772e-01 -7.331666185857501628e-01 -7.331666185856992035e-01 -2.547890514719397537e-01 -2.505371712056095879e-01 -2.505371712051204791e-01 1.061230981712707688e+00 1.061230981712850463e+00 1.064376908691248236e+00 2.414550633264770152e+00 2.414550633264809232e+00 2.456734792729089012e+00 2.992458262586964235e+00 2.992458262587029516e+00 3.708472015104447905e+00
