-8.393304491020725511e-01
-8.161141874097311844e-01
-7.928979257173897066e-01
-7.696816640250484509e-01
-7.464654023327069732e-01
-7.232491406403657175e-01
-7.000328789480243508e-01
-6.768166172556829840e-01
-6.536003555633416173e-01
-6.303840938710001396e-01
-6.071678321786588839e-01
-5.839515704863175172e-01
-5.607353087939761505e-01
-5.375190471016347837e-01
-5.143027854092934170e-01
-4.910865237169519948e-01
-4.678702620246106836e-01
-4.446540003322693169e-01
-4.214377386399278946e-01
-3.982214769475865834e-01
-3.750052152552452167e-01
-3.517889535629038500e-01
-3.285726918705624833e-01
-3.053564301782210610e-01
-2.821401684858797498e-01
-2.589239067935384386e-01
-2.357076451011969886e-01
-2.124913834088556774e-01
-1.892751217165143385e-01
-1.660588600241729162e-01
-1.428425983318315773e-01
-1.196263366394901551e-01
-9.641007494714882997e-02
-7.319381325480750489e-02
-4.997755156246607572e-02
-2.676128987012475410e-02
-3.545028177783323201e-03
1.967123351455800362e-02
4.288749520689932870e-02
6.610375689924076481e-02
8.932001859158208990e-02
1.125362802839235121e-01
1.357525419762648511e-01
1.589688036686061623e-01
1.821850653609475013e-01
2.054013270532888125e-01
2.286175887456303457e-01
2.518338504379716847e-01
2.750501121303129959e-01
2.982663738226543071e-01
3.214826355149956738e-01
3.446988972073372071e-01
3.679151588996785183e-01
3.911314205920198295e-01
4.143476822843611407e-01
4.375639439767025074e-01
4.607802056690438186e-01
4.839964673613853519e-01
5.072127290537267186e-01
5.304289907460679743e-01
5.536452524384093410e-01
5.768615141307507077e-01
6.000777758230921854e-01
6.232940375154335522e-01
6.465102992077748079e-01
6.697265609001161746e-01
6.929428225924575413e-01
7.161590842847990190e-01
7.393753459771403858e-01
7.625916076694816415e-01
7.858078693618230082e-01
8.090241310541643749e-01
8.322403927465058526e-01
8.554566544388472193e-01
8.786729161311884750e-01
9.018891778235298418e-01
9.251054395158712085e-01
9.483217012082124642e-01
9.715379629005540529e-01
9.947542245928953086e-01
1.017970486285236564e+00
1.041186747977578042e+00
1.064403009669919520e+00
1.087619271362260776e+00
1.110835533054602253e+00
1.134051794746943509e+00
1.157268056439284765e+00
1.180484318131626242e+00
1.203700579823967498e+00
1.226916841516308754e+00
1.250133103208650232e+00
1.273349364900991931e+00
1.296565626593333187e+00
1.319781888285674443e+00
1.342998149978015920e+00
1.366214411670357176e+00
1.389430673362698432e+00
1.412646935055039910e+00
1.435863196747381165e+00
1.459079458439722421e+00
1.482295720132063899e+00
1.505511981824405154e+00
1.528728243516746854e+00
1.551944505209088110e+00
1.575160766901429588e+00
1.598377028593770843e+00
1.621593290286112099e+00
1.644809551978453577e+00
1.668025813670794832e+00
1.691242075363136088e+00
1.714458337055477566e+00
1.737674598747818822e+00
1.760890860440160077e+00
1.784107122132501777e+00
1.807323383824843255e+00
1.830539645517184510e+00
1.853755907209525766e+00
1.876972168901867244e+00
1.900188430594208500e+00
1.923404692286549755e+00
1.946620953978891233e+00
1.969837215671232489e+00
1.993053477363573744e+00
2.016269739055915444e+00
2.039486000748256700e+00
2.062702262440598400e+00
2.085918524132939655e+00
2.109134785825280911e+00
2.132351047517622167e+00
2.155567309209963422e+00
2.178783570902304678e+00
2.201999832594646378e+00
2.225216094286987634e+00
2.248432355979328889e+00
2.271648617671670589e+00
2.294864879364011845e+00
2.318081141056353101e+00
2.341297402748694356e+00
2.364513664441036056e+00
2.387729926133377312e+00
2.410946187825718567e+00
2.434162449518059823e+00
2.457378711210401079e+00
2.480594972902742334e+00
2.503811234595084034e+00
2.527027496287425734e+00
2.550243757979766990e+00
2.573460019672108245e+00
2.596676281364449501e+00
2.619892543056790757e+00
2.643108804749132013e+00
2.666325066441473712e+00
2.689541328133814968e+00
2.712757589826156224e+00
2.735973851518497479e+00
2.759190113210839179e+00
2.782406374903180435e+00
2.805622636595521691e+00
2.828838898287863390e+00
2.852055159980204646e+00
2.875271421672545902e+00
2.898487683364887157e+00
2.921703945057228413e+00
2.944920206749569669e+00
2.968136468441911369e+00
2.991352730134252624e+00
3.014568991826594324e+00
3.037785253518935136e+00
3.061001515211276836e+00
3.084217776903617647e+00
3.107434038595959347e+00
3.130650300288301491e+00
3.153866561980642302e+00
3.177082823672984002e+00
3.200299085365324814e+00
3.223515347057666514e+00
3.246731608750007325e+00
3.269947870442349025e+00
3.293164132134690281e+00
3.316380393827031980e+00
3.339596655519372792e+00
3.362812917211714492e+00
3.386029178904056192e+00
3.409245440596397003e+00
3.432461702288739147e+00
3.455677963981079959e+00
3.478894225673421658e+00
3.502110487365762470e+00
3.525326749058104170e+00
3.548543010750444981e+00
3.571759272442786681e+00
3.594975534135127937e+00
3.618191795827469637e+00
3.641408057519811337e+00
3.664624319212152148e+00
3.687840580904493848e+00
3.711056842596834660e+00
3.734273104289176359e+00
3.757489365981517615e+00
3.780705627673859315e+00
