-4.795710522602917303e-01
-4.523775331529384935e-01
-4.251840140455852568e-01
-3.979904949382320201e-01
-3.707969758308787833e-01
-3.436034567235254356e-01
-3.164099376161722543e-01
-2.892164185088189621e-01
-2.620228994014657808e-01
-2.348293802941124886e-01
-2.076358611867592241e-01
-1.804423420794059874e-01
-1.532488229720527506e-01
-1.260553038646994861e-01
-9.886178475734624937e-02
-7.166826564999299876e-02
-4.447474654263975508e-02
-1.728122743528650793e-02
9.912291672066789530e-03
3.710581077941998290e-02
6.429932988677328209e-02
9.149284899412647720e-02
1.186863681014797695e-01
1.458798872088329646e-01
1.730734063161862568e-01
2.002669254235394658e-01
2.274604445308927581e-01
2.546539636382459393e-01
2.818474827455992315e-01
3.090410018529524683e-01
3.362345209603057605e-01
3.634280400676589418e-01
3.906215591750122340e-01
4.178150782823655263e-01
4.450085973897187075e-01
4.722021164970719442e-01
4.993956356044253475e-01
5.265891547117784732e-01
5.537826738191317100e-01
5.809761929264849467e-01
6.081697120338382945e-01
6.353632311411915312e-01
6.625567502485446569e-01
6.897502693558978937e-01
7.169437884632512414e-01
7.441373075706044782e-01
7.713308266779577149e-01
7.985243457853108406e-01
8.257178648926642994e-01
8.529113840000174251e-01
8.801049031073706619e-01
9.072984222147241207e-01
9.344919413220772464e-01
9.616854604294304831e-01
9.888789795367836089e-01
1.016072498644136957e+00
1.043266017751490304e+00
1.070459536858843430e+00
1.097653055966196556e+00
1.124846575073550126e+00
1.152040094180903251e+00
1.179233613288256377e+00
1.206427132395609725e+00
1.233620651502963073e+00
1.260814170610316198e+00
1.288007689717669324e+00
1.315201208825022894e+00
1.342394727932376020e+00
1.369588247039729145e+00
1.396781766147082493e+00
1.423975285254435619e+00
1.451168804361788744e+00
1.478362323469142314e+00
1.505555842576495662e+00
1.532749361683848788e+00
1.559942880791201913e+00
1.587136399898555261e+00
1.614329919005908387e+00
1.641523438113261513e+00
1.668716957220614638e+00
1.695910476327968430e+00
1.723103995435321556e+00
1.750297514542674682e+00
1.777491033650028029e+00
1.804684552757381155e+00
1.831878071864734281e+00
1.859071590972087629e+00
1.886265110079441198e+00
1.913458629186794102e+00
1.940652148294147672e+00
1.967845667401500576e+00
1.995039186508854145e+00
2.022232705616207049e+00
2.049426224723560619e+00
2.076619743830913301e+00
2.103813262938266870e+00
2.131006782045620440e+00
2.158200301152973122e+00
2.185393820260326692e+00
2.212587339367679817e+00
2.239780858475033387e+00
2.266974377582386069e+00
2.294167896689739639e+00
2.321361415797093208e+00
2.348554934904445890e+00
2.375748454011799460e+00
2.402941973119152586e+00
2.430135492226506155e+00
2.457329011333858837e+00
2.484522530441212407e+00
2.511716049548565977e+00
2.538909568655918658e+00
2.566103087763272228e+00
2.593296606870625354e+00
2.620490125977978924e+00
2.647683645085331605e+00
2.674877164192685175e+00
2.702070683300038745e+00
2.729264202407391426e+00
2.756457721514744996e+00
2.783651240622098122e+00
2.810844759729451692e+00
2.838038278836804373e+00
2.865231797944157943e+00
2.892425317051510625e+00
2.919618836158864195e+00
2.946812355266218209e+00
2.974005874373570890e+00
3.001199393480924460e+00
3.028392912588277142e+00
3.055586431695630711e+00
3.082779950802983393e+00
3.109973469910336963e+00
3.137166989017690977e+00
3.164360508125043658e+00
3.191554027232397228e+00
3.218747546339749910e+00
3.245941065447103480e+00
3.273134584554456161e+00
3.300328103661809731e+00
3.327521622769162857e+00
3.354715141876516427e+00
3.381908660983869108e+00
3.409102180091222678e+00
3.436295699198576248e+00
3.463489218305928929e+00
3.490682737413282499e+00
3.517876256520635625e+00
3.545069775627989195e+00
3.572263294735341876e+00
3.599456813842695446e+00
3.626650332950049016e+00
3.653843852057401698e+00
3.681037371164755267e+00
3.708230890272108393e+00
3.735424409379461963e+00
3.762617928486814645e+00
3.789811447594168214e+00
3.817004966701520896e+00
3.844198485808874466e+00
3.871392004916228036e+00
3.898585524023581161e+00
3.925779043130934731e+00
3.952972562238287413e+00
3.980166081345640983e+00
4.007359600452994108e+00
4.034553119560347234e+00
4.061746638667701248e+00
4.088940157775053486e+00
4.116133676882407499e+00
4.143327195989760625e+00
4.170520715097113751e+00
4.197714234204466877e+00
4.224907753311820002e+00
4.252101272419174016e+00
4.279294791526526254e+00
4.306488310633880268e+00
4.333681829741233393e+00
4.360875348848586519e+00
4.388068867955939645e+00
4.415262387063292771e+00
4.442455906170646784e+00
4.469649425277999022e+00
4.496842944385353036e+00
4.524036463492706162e+00
4.551229982600059287e+00
4.578423501707412413e+00
4.605617020814765539e+00
4.632810539922118664e+00
4.660004059029471790e+00
4.687197578136825804e+00
4.714391097244178930e+00
4.741584616351532055e+00
4.768778135458885181e+00
4.795971654566238307e+00
4.823165173673591433e+00
4.850358692780944558e+00
4.877552211888298572e+00
4.904745730995651698e+00
4.931939250103004824e+00
