-2.977403206280628762e-05 -8.985235361586697174e-06 -5.855270768101473859e-08 5.571319129557091021e-02 9.997121826312704851e-01 1.239281443058398269e+00 1.239393355158030285e+00 1.337481546172417435e+00 1.337631555219489510e+00 1.339234945821121014e+00 1.339278003766465774e+00 1.341581426596515136e+00 1.401603887488727773e+00 1.554945106762027685e+00 1.555060384958325548e+00 1.826916342092918644e+00 1.826990268753084568e+00 1.984966348804626524e+00 1.985124255222629364e+00 2.030370640464384646e+00 2.030530815116423415e+00 2.170974160416014431e+00 2.223365380654302115e+00 2.360866619711839753e+00 2.360866775824478125e+00 2.941381124208484632e+00 2.977342960757025203e+00 3.426188586892051191e+00 3.426406610423552213e+00 3.802738670982676261e+00
4.414111497668908590e-02 5.401761010620336617e-02 8.925737849547470126e-02 1.021107366333500605e-01 9.931359573073266223e-01 1.224224669910558783e+00 1.237845664951042757e+00 1.326770867572906187e+00 1.331550270318816453e+00 1.336319930487771979e+00 1.340804388264960734e+00 1.350763341251588923e+00 1.414343174395648273e+00 1.558776976949718840e+00 1.562145097159492790e+00 1.827245165676413485e+00 1.827495184717169874e+00 1.984655071715581753e+00 1.985056311611247626e+00 2.029338983973200339e+00 2.029615713637677121e+00 2.170717001809552738e+00 2.225437309728345969e+00 2.361046465889746759e+00 2.361468467576731012e+00 2.934957873984438415e+00 2.976964755712494526e+00 3.426699326495018738e+00 3.432452683788034697e+00 3.802908324101969662e+00
8.806600544502023176e-02 1.078665729298095011e-01 1.495910745199457992e-01 2.033177243023166492e-01 9.746820321758463690e-01 1.186805621389163123e+00 1.229213748287238062e+00 1.309548525876366831e+00 1.321168516743841392e+00 1.334429001841709539e+00 1.344234431175035605e+00 1.362622423481943512e+00 1.438788031899826514e+00 1.569696544697191332e+00 1.580002602622629482e+00 1.828153275273113776e+00 1.828636105374323861e+00 1.983424603952950394e+00 1.984115162208165417e+00 2.026338057770151302e+00 2.028123787034764369e+00 2.169894795594635273e+00 2.231651144611851656e+00 2.361579850462743213e+00 2.363100301598147990e+00 2.917039148842077712e+00 2.975858888015056269e+00 3.428034147469695814e+00 3.449593032665968284e+00 3.803408823961798912e+00
1.308891250854060662e-01 1.612217916998066602e-01 2.145557405668752915e-01 3.026462401849258077e-01 9.471740178626959494e-01 1.139381439147931108e+00 1.205674448647747754e+00 1.295286701354298131e+00 1.309152226263925689e+00 1.334243481538650355e+00 1.349468175402844583e+00 1.378376556566112798e+00 1.462017366357002857e+00 1.586002460605295150e+00 1.602155081208313625e+00 1.829058472114524658e+00 1.829931040155875488e+00 1.979557954853651491e+00 1.981417571605743611e+00 2.021807130506799499e+00 2.029056751933745240e+00 2.168384775361626549e+00 2.241885347326933786e+00 2.362444777648844862e+00 2.365326775823745731e+00 2.890958894353436559e+00 2.974109822352707155e+00 3.430129130946314664e+00 3.474975888575442262e+00 3.804213889766504764e+00
1.719724231062033926e-01 2.138251399561375277e-01 2.801340750012356051e-01 3.989666728896262282e-01 9.134547990128386585e-01 1.089388202891873991e+00 1.167628088191078994e+00 1.285521024098578824e+00 1.295068276460264789e+00 1.335513965573169370e+00 1.356269311683901080e+00 1.398430273485665287e+00 1.480652352178114528e+00 1.604716549228278000e+00 1.623508266496727082e+00 1.827376355121365537e+00 1.833009052224263025e+00 1.969862263915024281e+00 1.978654598212188143e+00 2.016417220190109383e+00 2.034317973677134184e+00 2.166063642307304526e+00 2.255671947382601683e+00 2.363594492362694588e+00 2.367647742126247401e+00 2.860675179744728069e+00 2.971852355457113237e+00 3.432806318663027767e+00 3.505358827039733782e+00 3.805277224125374502e+00
2.105953113824285960e-01 2.654871667337910246e-01 3.450151859827759737e-01 4.908958182052324815e-01 8.758319113731818373e-01 1.041032130978342352e+00 1.120869855355812739e+00 1.277389210906641148e+00 1.278739614264843727e+00 1.337270282274044098e+00 1.364322641497153210e+00 1.421737786378584278e+00 1.494672679556859674e+00 1.622680711449225655e+00 1.640765019095798749e+00 1.822917576233872072e+00 1.837973534746414117e+00 1.956150562797512205e+00 1.975079731674965311e+00 2.010965432531349517e+00 2.042917154057748430e+00 2.162886816868285766e+00 2.272078462821671696e+00 2.364950952839178111e+00 2.369690112637332646e+00 2.829820236096274311e+00 2.969262727929020240e+00 3.435840410448287585e+00 3.537772554779437861e+00 3.806530427620334667e+00
2.458987273802869522e-01 3.160806583526374336e-01 4.082831858756804655e-01 5.766474568551307467e-01 8.362858913189198384e-01 9.971854047012600475e-01 1.069216104888202290e+00 1.260274073180721377e+00 1.269764634651768143e+00 1.338895525437155953e+00 1.373266206027147884e+00 1.446681099119251357e+00 1.504407373522809177e+00 1.637708057077402746e+00 1.652014309724618935e+00 1.816364189720403255e+00 1.845290976934867988e+00 1.940048524215326031e+00 1.970517841595569752e+00 2.006268560542698864e+00 2.052898793424375423e+00 2.158950123509432828e+00 2.289786189201802991e+00 2.366406383749474429e+00 2.371297677328935372e+00 2.801272296596091671e+00 2.966546439747396402e+00 3.438980322228688102e+00 3.569679364199343397e+00 3.807882923940632214e+00
2.768872470501599903e-01 3.655228374322019858e-01 4.685278364834458698e-01 6.537727058367327482e-01 7.970958283817285439e-01 9.602455844921302663e-01 1.014599494331759333e+00 1.240186687656248177e+00 1.262674468988929988e+00 1.340182367581474798e+00 1.382750617471699695e+00 1.471675658559054245e+00 1.509741089517141921e+00 1.648790145182491784e+00 1.656699581729841331e+00 1.809864047536263065e+00 1.854900657763826510e+00 1.922529307953161570e+00 1.964807576782491072e+00 2.002939893240560654e+00 2.062600316842178039e+00 2.154525313494176864e+00 2.307278380250774141e+00 2.367834085109111530e+00 2.372488602397247348e+00 2.776994827687223388e+00 2.963923091163509493e+00 3.441971356235030921e+00 3.598924067988945819e+00 3.809225677151854228e+00
3.024884257742295746e-01 4.136916326037591296e-01 5.223193051838564971e-01 7.187042947441090179e-01 7.623401043090142215e-01 9.326405691296532074e-01 9.582153358461618087e-01 1.219495019645965073e+00 1.256527905982466775e+00 1.341113053221407947e+00 1.392395282253220623e+00 1.495186681529602213e+00 1.510529290786801759e+00 1.655638501126322160e+00 1.655779167338126801e+00 1.806309223870054215e+00 1.865974723997243290e+00 1.904223702452929379e+00 1.958070018531504530e+00 2.001127677321778986e+00 2.070858143752079883e+00 2.150066037688921128e+00 2.323022191059042729e+00 2.369104759957058270e+00 2.373331029638700240e+00 2.758039305258181972e+00 2.961608909199896722e+00 3.444576076373068840e+00 3.623687382757232456e+00 3.810439655574531681e+00
3.216658677556210599e-01 4.602260672081600612e-01 5.602388526620923903e-01 7.418408296307748007e-01 7.664094958464425789e-01 9.012015551669441127e-01 9.169266314395485562e-01 1.200189696993879451e+00 1.251756680995093296e+00 1.341728455047722646e+00 1.401514831382185022e+00 1.507534039421380312e+00 1.515419183895425403e+00 1.650868934997021142e+00 1.659221529582603161e+00 1.807679686872347480e+00 1.876997866988376895e+00 1.886129770296031127e+00 1.950937799839581821e+00 2.000491710990323746e+00 2.077002535714763010e+00 2.146171672773925732e+00 2.335602214484306050e+00 2.370102857173984834e+00 2.373850032251678677e+00 2.744715125069498107e+00 2.959798155637070050e+00 3.446592076759702472e+00 3.642489605425993204e+00 3.811408611970084959e+00
3.335552630780868055e-01 5.040753812947907919e-01 5.663518709953191399e-01 7.515057121011522456e-01 7.927489184801128630e-01 8.454322629200097250e-01 9.131688250841771826e-01 1.185649132449107190e+00 1.248728741127965947e+00 1.342075469363199325e+00 1.408631679089938471e+00 1.503203360501172980e+00 1.529833207390052907e+00 1.645435743483420588e+00 1.660378718733594106e+00 1.813019005082382229e+00 1.870675573257687185e+00 1.885766768742532795e+00 1.944841408112060188e+00 2.000454507210741806e+00 2.080742069990110465e+00 2.143485968858908741e+00 2.343801023492857905e+00 2.370738985366178220e+00 2.374064515712018597e+00 2.736890054201896127e+00 2.958645201315010187e+00 3.447865624975030130e+00 3.654227382056877360e+00 3.812034222600610089e+00
3.375849477535955434e-01 5.417959284478235382e-01 5.427483620935865671e-01 7.811324822236123122e-01 8.002712978514019415e-01 8.029237529745938406e-01 9.139794707393494866e-01 1.180082750369393585e+00 1.247690487787322944e+00 1.342187227522967818e+00 1.411448226924505445e+00 1.501115817614559145e+00 1.535223799561657776e+00 1.642986469158284280e+00 1.660577031996999908e+00 1.816633943987922217e+00 1.863726493333400569e+00 1.889299367058749457e+00 1.942257475125096278e+00 2.000508827729893024e+00 2.081992550150478571e+00 2.142524134244689016e+00 2.346669392596924641e+00 2.370957323596789568e+00 2.374098838094134578e+00 2.734318961394522685e+00 2.958249443503846887e+00 3.448300968988175175e+00 3.658217199235499706e+00 3.812250510167490170e+00
3.446992720888632511e-01 5.430663768174147643e-01 5.459180803190831766e-01 7.782708616332900675e-01 7.879778643738595267e-01 8.020658212240884266e-01 9.282998715399506384e-01 1.178943618814891625e+00 1.236838799413743972e+00 1.345242058199732860e+00 1.419008698556324166e+00 1.498728172697840089e+00 1.534604709226376595e+00 1.640908709002460553e+00 1.663605701508939827e+00 1.817520735939309739e+00 1.861405032295896600e+00 1.890426525040339811e+00 1.941561162587627232e+00 2.002589519089177372e+00 2.080464061542554255e+00 2.141451526380902415e+00 2.347854398363559802e+00 2.371237047207417348e+00 2.374272170836951634e+00 2.731910464977381992e+00 2.958138929635603542e+00 3.453289003177018479e+00 3.655066077328602336e+00 3.812305811552854529e+00
3.656705190982481035e-01 5.476738603802614458e-01 5.530003738204026797e-01 7.590102198129116129e-01 7.718676159261794734e-01 8.011916696586273146e-01 9.596544934839640328e-01 1.175623074907649501e+00 1.210266074598585817e+00 1.354069888270825306e+00 1.435369897848512544e+00 1.491806376503810316e+00 1.534236116338102862e+00 1.635057899179701790e+00 1.671741353106607875e+00 1.819125846409317626e+00 1.854202619099188709e+00 1.894453911921920364e+00 1.940142942613845900e+00 2.008397884482279405e+00 2.076119600255468267e+00 2.138139579362127396e+00 2.351445157715745360e+00 2.371958761069598687e+00 2.374773492338694059e+00 2.725339193493289347e+00 2.957835693004420730e+00 3.467481830393437825e+00 3.645837399569867632e+00 3.812459579848459068e+00
3.989208949274670735e-01 5.536883725590842076e-01 5.608430496311080926e-01 7.279258763634212093e-01 7.633625043154247392e-01 7.981202733654689796e-01 9.955924925543981896e-01 1.170060939406467826e+00 1.177807769647025937e+00 1.367595729118755044e+00 1.450257401450688599e+00 1.481096461083370119e+00 1.537827344296543997e+00 1.626061505183535871e+00 1.682763025954347569e+00 1.819723438373979096e+00 1.842505507423114253e+00 1.902030744594067624e+00 1.939009677976406776e+00 2.016857393472062387e+00 2.069673159022643816e+00 2.132693023991723891e+00 2.357193112366521959e+00 2.372830735127158697e+00 2.375506956360709854e+00 2.716341392938326660e+00 2.957414581416918598e+00 3.488809340511413115e+00 3.631205279773257466e+00 3.812678164263674674e+00
4.411813670949831234e-01 5.570008304581803849e-01 5.644348968432357783e-01 7.012389797780461675e-01 7.575900309260845678e-01 7.917129690330433345e-01 1.029802137244819393e+00 1.146987191146095375e+00 1.162352999076333493e+00 1.384237838876061888e+00 1.457464973886499759e+00 1.467920747757263777e+00 1.548518553596186287e+00 1.614222959695977400e+00 1.694010179552044137e+00 1.818861457835974083e+00 1.828981382871226469e+00 1.911974312895668549e+00 1.938019442974894702e+00 2.026693402847324244e+00 2.062055531676530773e+00 2.126172900766504004e+00 2.364026199873199285e+00 2.373562840740992552e+00 2.376183666074499712e+00 2.707220862152533325e+00 2.956975659445411519e+00 3.514463681536390993e+00 3.612255768680107781e+00 3.812912291277828825e+00
4.881797184057099503e-01 5.522554551117866417e-01 5.571421630655354340e-01 6.859957723507450478e-01 7.589468812457180746e-01 7.812738064160212881e-01 1.054850547282689677e+00 1.128798707558441583e+00 1.150863552894338948e+00 1.401507555773021441e+00 1.454857005316520624e+00 1.456951092889496646e+00 1.565104867694265822e+00 1.599781696418299148e+00 1.702487204661307985e+00 1.816996684587969479e+00 1.818449378131925087e+00 1.921983795318952026e+00 1.935747506509716276e+00 2.036715241256295439e+00 2.053950172239867200e+00 2.120727531112486908e+00 2.370234024212979129e+00 2.373987443781241602e+00 2.376214707354443512e+00 2.700336311558215741e+00 2.956627997018020704e+00 3.541439989372468844e+00 3.590356347091277822e+00 3.813101565046065566e+00
5.358792743656042301e-01 5.363841333578801551e-01 5.365252658159503918e-01 6.832527512614321452e-01 7.681842313423503654e-01 7.684391597346944547e-01 1.061623274934768490e+00 1.135199545743219796e+00 1.135378377894972202e+00 1.410995066735935888e+00 1.451311390478765784e+00 1.451425196310702104e+00 1.583209570707516889e+00 1.583311549579367927e+00 1.705484595338890186e+00 1.815128582926402778e+00 1.815413402231067952e+00 1.930344423041704172e+00 1.930411718894116779e+00 2.045507522800348088e+00 2.045982486421114022e+00 2.118603635488791603e+00 2.374008234369159087e+00 2.374042835100417914e+00 2.375026161420580983e+00 2.697700347338643834e+00 2.956486016430920127e+00 3.566798717932336160e+00 3.566996214829540879e+00 3.813177338388876958e+00
5.086689394976388057e-01 5.115924375570063409e-01 5.795292493860882965e-01 6.787168911839661645e-01 7.625571605582557311e-01 7.795550579130493540e-01 1.062119014798812211e+00 1.118457738826178050e+00 1.155410233778328744e+00 1.403949817214104279e+00 1.443999379578317699e+00 1.466442276748405771e+00 1.566332396032719343e+00 1.597006108898098908e+00 1.703661918667329633e+00 1.812983697894994028e+00 1.821233812698708210e+00 1.922402986144676529e+00 1.937126324416555079e+00 2.038278832271880336e+00 2.052398299995012998e+00 2.120017980764911325e+00 2.370629087680885316e+00 2.373723590277172946e+00 2.376574977756524376e+00 2.699736051363032630e+00 2.956662898277945484e+00 3.544798186039795684e+00 3.586520737781982771e+00 3.813096919400739804e+00
4.754243604828859437e-01 4.801193400228488950e-01 6.212424566845974327e-01 6.565557557903156649e-01 7.742351543898278177e-01 7.862455662462652928e-01 1.068584324245352546e+00 1.102823263832841238e+00 1.178212969629291340e+00 1.391464603249585874e+00 1.435618332734065472e+00 1.490143398147023346e+00 1.547524851079306707e+00 1.604038334385843756e+00 1.700570737730499271e+00 1.810659305173649480e+00 1.833646233680538584e+00 1.912270081550902612e+00 1.943728553879492171e+00 2.030850431624088515e+00 2.057192123196478040e+00 2.123982146003040583e+00 2.363740067901772157e+00 2.373105399712322150e+00 2.377326286471854733e+00 2.706158643481691772e+00 2.957251849368617513e+00 3.523216405492259007e+00 3.600209381004431552e+00 3.812800220903257209e+00
4.388484943331500410e-01 4.436451641860987283e-01 6.183691302393001799e-01 6.613494413062709354e-01 7.811635746203389186e-01 8.013470107561100342e-01 1.082976239877793567e+00 1.093327973110670870e+00 1.200362183645199865e+00 1.379280002155833795e+00 1.426807028406819278e+00 1.515892949184818317e+00 1.527251761892313375e+00 1.602281080175401939e+00 1.698954047115885491e+00 1.808678337394192592e+00 1.850549497246535058e+00 1.900410819600565793e+00 1.950123658124133907e+00 2.024102945425871436e+00 2.059456700672066987e+00 2.129768472495050968e+00 2.353386067041127738e+00 2.372191742322456331e+00 2.377100853547871928e+00 2.717231842258821750e+00 2.958309387359615794e+00 3.502941378460178612e+00 3.606774840508859992e+00 3.812241855726120843e+00
4.000756985369814389e-01 4.038073446182961490e-01 5.707499451545652303e-01 6.948604307071182262e-01 7.641235680651944362e-01 8.380055385679668900e-01 1.094140551383809168e+00 1.104061371074632980e+00 1.220960175897986666e+00 1.368891965941086530e+00 1.417832374357617109e+00 1.504358299452214220e+00 1.541975566256113428e+00 1.592677424279496101e+00 1.698165201041757388e+00 1.807597651800868288e+00 1.869775464245711172e+00 1.887897708570368538e+00 1.956230518705518229e+00 2.018454706288313361e+00 2.059012420477474681e+00 2.136573891234741840e+00 2.339635008611825384e+00 2.371019225670417008e+00 2.376136096282354337e+00 2.732992358119371801e+00 2.959850094638117657e+00 3.484692947488566173e+00 3.605533348889233825e+00 3.811404055985867956e+00
3.597807878025464645e-01 3.617613774307331664e-01 5.172540997414205588e-01 6.882867320765330144e-01 7.680578496889880480e-01 8.812997226859752287e-01 1.105539410944645473e+00 1.130026939000025932e+00 1.239804267762116829e+00 1.360549560929760426e+00 1.408844497759885295e+00 1.480666750824341626e+00 1.564274697922728885e+00 1.577785032283935074e+00 1.695463692772234854e+00 1.807874922996234757e+00 1.872112014795660029e+00 1.893396989106898909e+00 1.961929275695858843e+00 2.014297385546096386e+00 2.055988126902684510e+00 2.143691585153581602e+00 2.323059415347803025e+00 2.369648961422291755e+00 2.374614492636521135e+00 2.753266133750271294e+00 2.961839630609159890e+00 3.468973843065165763e+00 3.596426256297585944e+00 3.810313194372225265e+00
3.183048667271977106e-01 3.183452287935683023e-01 4.597430184714096923e-01 6.348773496408138817e-01 8.025321863000393074e-01 9.295374117838326455e-01 1.124679583612789191e+00 1.159202042143558931e+00 1.256915723904981963e+00 1.353967971387889602e+00 1.399942086030876665e+00 1.455844518164095103e+00 1.559619588081297525e+00 1.581222973735074255e+00 1.688376069393237922e+00 1.809730896833850133e+00 1.859680235971488793e+00 1.914568971746094972e+00 1.967087289878551859e+00 2.011991700116221082e+00 2.050847301660027266e+00 2.150550414503116681e+00 2.304667238920609762e+00 2.368155725112398802e+00 2.372690767645987187e+00 2.777636976894938048e+00 2.964192886696292106e+00 3.456042906543696613e+00 3.580014974458247679e+00 3.809041113928480105e+00
2.739652801052777087e-01 2.759216076384831129e-01 3.993586820028829920e-01 5.636202645946428724e-01 8.417716732087269227e-01 9.812929114999437985e-01 1.148222528659963881e+00 1.190163639774082682e+00 1.272395946737312933e+00 1.348656617375892264e+00 1.391198101024951894e+00 1.430510325527170945e+00 1.539218465478041198e+00 1.591118560336224785e+00 1.675430428865511301e+00 1.812986694151625500e+00 1.848587071456355257e+00 1.935157302375358546e+00 1.971597300839897260e+00 2.011804251526124965e+00 2.044381311779893462e+00 2.156703864060612208e+00 2.285770703439911511e+00 2.366619284219942276e+00 2.370511882323453001e+00 2.805374506170451809e+00 2.966778184785999528e+00 3.445915951913402164e+00 3.557463060826600021e+00 3.807687951532920501e+00
2.290624417822997028e-01 2.324994043742443783e-01 3.369358485787146140e-01 4.820224015337222223e-01 8.805408064314340644e-01 1.035109620048890733e+00 1.173379516482462748e+00 1.221665759360722081e+00 1.286379442756652614e+00 1.344168446830964037e+00 1.382662692665713511e+00 1.405567720052980807e+00 1.516958929109768039e+00 1.593368359886225161e+00 1.656352550111586552e+00 1.816994860473991391e+00 1.839994329096096726e+00 1.953493805942863037e+00 1.975430614212116520e+00 2.013742840532213307e+00 2.037682233644331209e+00 2.161822493811678569e+00 2.267794470057347578e+00 2.365120118946815175e+00 2.368224879335556476e+00 2.835338343912739312e+00 2.969427515620774116e+00 3.438395965833820345e+00 3.530511364411251130e+00 3.806359111874006107e+00
1.837661380420672896e-01 1.879950691835230725e-01 2.732151939303191779e-01 3.931882564973561700e-01 9.169792273870041033e-01 1.089332675131594819e+00 1.197624217573827865e+00 1.252522474994152146e+00 1.299026277020757458e+00 1.340293234552973889e+00 1.374353889944418317e+00 1.382413132156143476e+00 1.492866946181813370e+00 1.588712215064214339e+00 1.632267728737967882e+00 1.820855335513725581e+00 1.834060319556041430e+00 1.968228048987506140e+00 1.978646862213556457e+00 2.017387731974055409e+00 2.032097880198473927e+00 2.165713850989980038e+00 2.252035657213002473e+00 2.363738491802183539e+00 2.365982911229064456e+00 2.865874808047447431e+00 2.971951913492123065e+00 3.433129089213200036e+00 3.501456828982718594e+00 3.805149015039126059e+00
1.381561979939729123e-01 1.423529062172232684e-01 2.090304910262322513e-01 2.991247898802130156e-01 9.494226434518596713e-01 1.141816324668298854e+00 1.218128393020830869e+00 1.281459170989182272e+00 1.310543709641507348e+00 1.337224461631661532e+00 1.363055662654431455e+00 1.366241272829189279e+00 1.466910672921178049e+00 1.579169423673825401e+00 1.605725160769158499e+00 1.823848088546613955e+00 1.830365846847202826e+00 1.978165756831547828e+00 1.981301846667496758e+00 2.021895302755387203e+00 2.028983882688359941e+00 2.168362998363893013e+00 2.239432126463693162e+00 2.362553757752877903e+00 2.363952463527697390e+00 2.894725825290595633e+00 2.974160211905761741e+00 3.429677763171679494e+00 3.473143017056981030e+00 3.804134009042693609e+00
9.228018055989330171e-02 9.563191073258259234e-02 1.457533346712651390e-01 2.013784700432093844e-01 9.757892538826762330e-01 1.189191311209985669e+00 1.231894383910816293e+00 1.306928510131676546e+00 1.321250630644501101e+00 1.335696778934596818e+00 1.349537344837652642e+00 1.358209212091198825e+00 1.439631393941450233e+00 1.567840514158316045e+00 1.580628090961711196e+00 1.825725261735201999e+00 1.828290736107123671e+00 1.983117881908502467e+00 1.983351837028861864e+00 2.026194707326371081e+00 2.028730585474873838e+00 2.169944230295445919e+00 2.230441073581720168e+00 2.361641009586003204e+00 2.362313489522363863e+00 2.919015033701833683e+00 2.975878735301690448e+00 3.427599467092252716e+00 3.448913623046033994e+00 3.803370998507682010e+00
4.619724347812575321e-02 4.805438531420578446e-02 8.748042403328255834e-02 1.012685711632895225e-01 9.934335753520646684e-01 1.225178155529843105e+00 1.237993254723175562e+00 1.326919523569860537e+00 1.331505302377189004e+00 1.336299145367173757e+00 1.342121693523257386e+00 1.349930604699572712e+00 1.414154811573860027e+00 1.558562140482908420e+00 1.562038959817962258e+00 1.826651775534435806e+00 1.827284752866809026e+00 1.984668337181133557e+00 1.984704789689479165e+00 2.029261611355456907e+00 2.029889525264518824e+00 2.170737482185326694e+00 2.225120022845442858e+00 2.361064104012100540e+00 2.361240885715431670e+00 2.935501770899446417e+00 2.976969252361181706e+00 3.426519494987012138e+00 3.432336619576071168e+00 3.802898537294962633e+00
-2.977403206280628762e-05 -8.985235361586697174e-06 -5.855270768101473859e-08 5.571319129557091021e-02 9.997121826312704851e-01 1.239281443058398269e+00 1.239393355158030285e+00 1.337481546172417435e+00 1.337631555219489510e+00 1.339234945821121014e+00 1.339278003766465774e+00 1.341581426596515136e+00 1.401603887488727773e+00 1.554945106762027685e+00 1.555060384958325548e+00 1.826916342092918644e+00 1.826990268753084568e+00 1.984966348804626524e+00 1.985124255222629364e+00 2.030370640464384646e+00 2.030530815116423415e+00 2.170974160416014431e+00 2.223365380654302115e+00 2.360866619711839753e+00 2.360866775824478125e+00 2.941381124208484632e+00 2.977342960757025203e+00 3.426188586892051191e+00 3.426406610423552213e+00 3.802738670982676261e+00
4.372699375378026609e-02 4.373083376571487713e-02 6.471517202774051958e-02 1.134308908997023191e-01 1.000718003731443151e+00 1.236724163026591716e+00 1.236832935211696016e+00 1.316371553075900591e+00 1.316455024864506607e+00 1.341711741477098263e+00 1.359773742984583089e+00 1.359867859266529200e+00 1.401146014294541331e+00 1.556190032560579750e+00 1.556304995683514436e+00 1.826987376566242105e+00 1.827060982019114599e+00 1.986921081124224386e+00 1.987086211646952982e+00 2.028272884606859172e+00 2.028441761640544794e+00 2.153187992453575728e+00 2.238000485839018339e+00 2.363005632931321820e+00 2.363006924659070140e+00 2.908097144368178455e+00 3.016440985666829722e+00 3.424202275514492300e+00 3.424420749196540381e+00 3.801491515141599553e+00
8.577266851141175652e-02 8.710488750471320762e-02 8.711705053714087488e-02 2.249320032147144877e-01 1.003685646317184821e+00 1.227205300100280283e+00 1.227299682134214143e+00 1.297800640354360491e+00 1.297861160510929812e+00 1.342137638786953691e+00 1.378720093852960460e+00 1.378817973913716077e+00 1.399793225567409261e+00 1.559865059114086572e+00 1.559979073490859625e+00 1.826997163684369152e+00 1.827069578000324102e+00 1.992179616927928221e+00 1.992373584393450692e+00 2.022772475474421849e+00 2.022974556669773438e+00 2.119420465193801117e+00 2.262360032324850945e+00 2.369176441984130133e+00 2.369181039070537675e+00 2.867047299192900578e+00 3.074560750151688282e+00 3.418362398068075070e+00 3.418582209038162123e+00 3.797755732409323404e+00
1.112227055590958580e-01 1.297387953420671980e-01 1.297497563781629393e-01 3.325421669072660125e-01 1.008504258732060066e+00 1.207849596997094377e+00 1.207919689073345904e+00 1.286786385566591084e+00 1.286815553032002901e+00 1.342855447812969505e+00 1.394716678337172056e+00 1.394813270184715348e+00 1.397607315432512154e+00 1.565814869799881048e+00 1.565927425112737525e+00 1.826296660808983230e+00 1.826366507883576018e+00 1.997538976736539906e+00 1.997777527901016814e+00 2.017629226892291960e+00 2.017882873354420514e+00 2.080501822059126926e+00 2.285761793205203229e+00 2.378727401003081443e+00 2.378737178275371011e+00 2.830356873750931701e+00 3.138521642550463397e+00 3.409025559459413213e+00 3.409247559444084974e+00 3.791536689662865722e+00
1.372572872611096118e-01 1.711413250808583864e-01 1.711539860490675080e-01 4.342169423332237210e-01 1.015106134832490792e+00 1.180423708008218275e+00 1.180477656279877552e+00 1.282538327277161549e+00 1.282545524012342009e+00 1.343875998858881093e+00 1.394687818030148518e+00 1.407947005206679147e+00 1.408037231047529314e+00 1.573861788836092179e+00 1.573972828721068362e+00 1.823750350744294924e+00 1.823815836944751023e+00 1.994765352844355633e+00 1.994896948266980496e+00 2.022060887743251989e+00 2.022216559959326698e+00 2.038586739146703408e+00 2.306354365410526519e+00 2.390785708175179991e+00 2.390802075930774429e+00 2.798521081228898755e+00 3.206244994406895366e+00 3.396783434153376469e+00 3.397008441818989866e+00 3.782807438252495214e+00
1.620459731400020753e-01 2.106841797538693550e-01 2.106974080518844994e-01 5.277471592640584630e-01 1.023597225776256670e+00 1.149228527072230444e+00 1.149277993785323915e+00 1.281692115543741295e+00 1.281694118024173878e+00 1.345210488421215045e+00 1.391170268621510608e+00 1.418890742367603819e+00 1.418970992790707264e+00 1.583902803750750987e+00 1.584013063250192310e+00 1.817896166696284510e+00 1.817955386819366526e+00 1.987012790703662546e+00 1.987066719138905535e+00 1.994749543459682695e+00 2.033605034028555192e+00 2.033693062176199273e+00 2.323645723675189956e+00 2.404404171980335292e+00 2.404427940594104030e+00 2.771601245228233701e+00 3.275741156483096717e+00 3.382455670758182098e+00 3.382684635503461212e+00 3.771464740586842890e+00
1.844964149491774008e-01 2.475497891002334250e-01 2.475623495611336267e-01 6.106824361914288124e-01 1.034325275104711173e+00 1.117473928363415192e+00 1.117525563709167891e+00 1.282110440365820780e+00 1.282114229324910815e+00 1.346864956026020188e+00 1.387220304427413176e+00 1.428012478948996300e+00 1.428080335806911849e+00 1.595960853670768342e+00 1.596072098415972196e+00 1.807489528684554037e+00 1.807540584444463860e+00 1.950183327777109676e+00 1.980461285776198954e+00 1.980488926024370988e+00 2.046531899209923289e+00 2.046603364817195736e+00 2.337513954186544396e+00 2.418612775987899699e+00 2.418644074069466576e+00 2.749628439598148510e+00 3.344859489781672135e+00 3.367072612523962949e+00 3.367310688810466246e+00 3.757284715435591949e+00
2.038389689796993864e-01 2.806911117446451720e-01 2.807019033799701968e-01 6.804033355320978638e-01 1.047699433566736449e+00 1.087466502679778069e+00 1.087523318263910133e+00 1.282806380003558733e+00 1.282808581755871646e+00 1.348829145508732896e+00 1.383033730162373853e+00 1.435582033527602608e+00 1.435636861443894352e+00 1.610128975387882466e+00 1.610244345540020605e+00 1.792225109542404660e+00 1.792265634606933222e+00 1.906615870469221097e+00 1.976699768172497151e+00 1.976719393007687842e+00 2.058823734146617124e+00 2.058895840150893886e+00 2.348058455773534003e+00 2.432406405943904559e+00 2.432444682265127334e+00 2.732533740214200702e+00 3.351838398689682919e+00 3.352070746941081314e+00 3.411510932351341285e+00 3.739891216132559038e+00
2.194865220889430368e-01 3.088219857638578869e-01 3.088302734027100205e-01 7.346046035419783182e-01 1.061211007634916825e+00 1.061274019115304723e+00 1.063501610197347125e+00 1.283377954742943361e+00 1.283378410212736798e+00 1.351052321389777156e+00 1.378845681393459977e+00 1.441648288275258594e+00 1.441691177160362880e+00 1.626390970002977943e+00 1.626515913482139641e+00 1.773011489024243437e+00 1.773037312944267141e+00 1.866573868528291547e+00 1.975436429631787449e+00 1.975455344288533865e+00 2.069353962393355673e+00 2.069432285964200702e+00 2.355567104049062888e+00 2.444732892873676455e+00 2.444777021337587897e+00 2.720051769366722105e+00 3.338061504068570162e+00 3.338298817388057227e+00 3.473822181135166165e+00 3.718752085016572728e+00
2.309889104111241265e-01 3.304812648609006254e-01 3.304869120433462926e-01 7.721985089011808023e-01 1.040615791380814281e+00 1.040684285789076124e+00 1.079792779255421831e+00 1.283724194416471232e+00 1.283727120142854394e+00 1.353384048949682450e+00 1.374973649957776933e+00 1.446118863313619496e+00 1.446152305274871930e+00 1.644268981979634114e+00 1.644413898299012189e+00 1.751734211479764491e+00 1.751736388191859950e+00 1.833469661867800360e+00 1.975627967043983135e+00 1.975648743048604938e+00 2.077360969331142115e+00 2.077446144336981160e+00 2.360457995952347066e+00 2.454534973050929825e+00 2.454583438978884313e+00 2.711722218171289001e+00 3.327040585017403185e+00 3.327281159399545718e+00 3.530372404529281916e+00 3.693230214619700469e+00
2.380218780906499243e-01 3.442235298300590496e-01 3.442271443937223174e-01 7.937796047757228468e-01 1.027407046290326420e+00 1.027479448442464305e+00 1.092573762751603006e+00 1.283885935298325842e+00 1.283890515513536279e+00 1.355423685820750235e+00 1.371951947064270261e+00 1.448864824919799510e+00 1.448892261027604267e+00 1.661774686851443361e+00 1.661961061776886739e+00 1.731609216382663741e+00 1.731650691690689969e+00 1.811260372505659744e+00 1.976216485668057521e+00 1.976239220706268673e+00 2.082348652790984911e+00 2.082438785230849909e+00 2.363169884215886363e+00 2.460866539748000736e+00 2.460917639677780766e+00 2.707011427728255981e+00 3.319904852492937319e+00 3.320147485610709381e+00 3.580054461677135702e+00 3.662836114360211504e+00
2.403882933693787805e-01 3.489440506935966857e-01 3.489468982546971576e-01 8.007425223834155892e-01 1.022847327806031936e+00 1.022921139401188784e+00 1.097473965657211004e+00 1.283929984567845572e+00 1.283935138974895418e+00 1.356319407916996900e+00 1.370718889424758613e+00 1.449791255994428818e+00 1.449816638243669908e+00 1.671038907609070590e+00 1.671271241025047871e+00 1.721349065721730742e+00 1.721437227204619891e+00 1.803388003161573661e+00 1.976493666956317341e+00 1.976517187295386169e+00 2.084040596784760613e+00 2.084132513850009083e+00 2.364033077770683278e+00 2.463058168861255393e+00 2.463110147882407119e+00 2.705494891896394805e+00 3.317433210622027673e+00 3.317676555707249619e+00 3.614988744995936809e+00 3.634445278653673395e+00
2.461351870864053881e-01 3.530185852815010406e-01 3.586401783056319403e-01 7.909968542177936435e-01 1.021966488318877042e+00 1.025377070898169984e+00 1.102103080638143107e+00 1.263474120862639882e+00 1.279929544851536427e+00 1.352084182221872544e+00 1.386637863564296191e+00 1.448379945007634673e+00 1.450326941251204982e+00 1.672330407298821653e+00 1.675637680742100510e+00 1.722646569888945933e+00 1.722769170044773812e+00 1.807051944964827239e+00 1.976218461878638699e+00 1.977874882874623097e+00 2.082809243299378110e+00 2.083711988468147869e+00 2.363569761231429922e+00 2.462835641665356956e+00 2.463644039985760870e+00 2.703233743351627361e+00 3.317867042098917807e+00 3.319705186623195914e+00 3.614663914090853858e+00 3.634237194144139149e+00
2.617307953052778746e-01 3.653751163667572355e-01 3.860401071641278992e-01 7.646397098745622012e-01 1.019027815499556677e+00 1.030632580702343981e+00 1.115442164148342297e+00 1.222716761748653846e+00 1.267248454465408347e+00 1.341882799661711756e+00 1.411032303828120504e+00 1.447500981843511170e+00 1.451292548954040473e+00 1.675705657217772426e+00 1.687502085670780305e+00 1.726506083125920021e+00 1.727064033239853913e+00 1.817738565155502695e+00 1.975370716181041431e+00 1.981771306194190618e+00 2.078930386602758418e+00 2.082644167833596960e+00 2.362233778751855251e+00 2.462054076969798722e+00 2.465338984038329961e+00 2.696690207959846042e+00 3.318980587608599819e+00 3.325905473906265897e+00 3.613635380817432630e+00 3.633622421677107805e+00
2.831921577199914553e-01 3.862930096228576193e-01 4.271107815003457597e-01 7.272989042851217834e-01 1.013646024452439454e+00 1.035525950383305416e+00 1.135056848510787253e+00 1.177421116402961099e+00 1.245173914973899620e+00 1.330412189806071233e+00 1.415638718538810847e+00 1.451705966568278106e+00 1.461651773723256387e+00 1.680378954362240274e+00 1.703109358285160413e+00 1.732840379509163364e+00 1.735417793154505839e+00 1.834485625932678055e+00 1.973945461581703142e+00 1.987691132525453597e+00 2.072519438957441285e+00 2.080848220007180949e+00 2.360177352300643516e+00 2.460756739838926954e+00 2.468083543570183558e+00 2.686555264566186096e+00 3.320739735302368434e+00 3.336080016285063898e+00 3.611748202382457418e+00 3.632635180861543134e+00
3.062370383643104321e-01 4.155676508555583015e-01 4.773189694828888219e-01 6.839155521698137008e-01 1.004929988038986366e+00 1.039206023979581728e+00 1.133107526766633955e+00 1.156240291614290427e+00 1.215833062609990689e+00 1.320411507464370526e+00 1.403581914290835453e+00 1.451060363933064590e+00 1.485358614239885133e+00 1.685432092150440209e+00 1.717856290682298059e+00 1.741425355713625889e+00 1.749591492772414769e+00 1.855621384805049789e+00 1.971936444177802894e+00 1.995005950371585346e+00 2.063674592282843001e+00 2.078308534342630853e+00 2.357624360711081835e+00 2.458966258586245068e+00 2.471725889910187934e+00 2.673885338199645911e+00 3.323020131084853723e+00 3.349939541154444367e+00 3.608768631419559281e+00 3.631345854187499445e+00
3.278567058738114381e-01 4.514705001463925060e-01 5.327146670886027113e-01 6.387157091673809628e-01 9.914257700811401897e-01 1.041889919261508535e+00 1.093558721580057291e+00 1.161520479091294744e+00 1.195793926661212314e+00 1.312606925692813453e+00 1.385860496896308636e+00 1.449209056042114474e+00 1.507982221247462729e+00 1.690239256216246488e+00 1.729937203796866774e+00 1.751840767594611936e+00 1.769011892714483558e+00 1.878866680875645345e+00 1.969357867168805010e+00 2.003220414506047931e+00 2.052559274095914876e+00 2.075030153541952416e+00 2.354833190580249092e+00 2.456735791622534304e+00 2.476013725338535032e+00 2.659964177664732254e+00 3.325658900839766119e+00 3.367033422439820178e+00 3.604423601442449776e+00 3.629862691745150194e+00
3.462371750134490278e-01 4.889576210624300701e-01 5.900993201503020869e-01 5.979892055657668459e-01 9.718486397276201449e-01 1.043656151168408153e+00 1.061739901510081241e+00 1.127063818683212704e+00 1.208482705907469867e+00 1.307669835795802538e+00 1.365223704663305782e+00 1.446163575020463776e+00 1.527805106078357511e+00 1.694554729057220710e+00 1.740727986900932445e+00 1.763568794028604669e+00 1.790425876792891113e+00 1.901646583091956222e+00 1.966264680604985937e+00 2.012141582585730948e+00 2.039443435787404724e+00 2.071064275584969305e+00 2.352057223309427680e+00 2.454162303687486446e+00 2.480592624595894247e+00 2.646125038439508081e+00 3.328470100511582874e+00 3.386741882156599104e+00 3.598455002827483540e+00 3.628312979640031966e+00
3.594520748414183342e-01 5.080561996931427515e-01 5.832789028774150175e-01 6.470372306928137141e-01 9.474149057963462406e-01 1.037433667917017299e+00 1.043746964343478467e+00 1.084425335631342691e+00 1.222568165787114802e+00 1.306932220269465539e+00 1.343081321619370216e+00 1.442023436735600184e+00 1.544592774000740798e+00 1.698373830897945025e+00 1.751155690342136140e+00 1.776119572283496373e+00 1.811336053851676064e+00 1.921578818164903835e+00 1.962775275400371777e+00 2.021316760694141568e+00 2.025239235851048036e+00 2.066541686158276381e+00 2.349510961409080334e+00 2.451394262266586743e+00 2.485043170544784186e+00 2.633556785393077693e+00 3.331259355738790617e+00 3.408302401897147060e+00 3.590669489379719526e+00 3.626815454991125787e+00
3.642913761829207897e-01 4.915217816704367526e-01 6.155258126435554367e-01 7.011537220680231774e-01 9.222067012549508558e-01 1.018492998307205299e+00 1.025689978381938205e+00 1.055929814269302547e+00 1.230863448388622050e+00 1.311374892991199248e+00 1.320805902977175039e+00 1.436997718153797399e+00 1.558252493042238118e+00 1.701756989355407423e+00 1.761184445618392491e+00 1.789038654915095394e+00 1.830306104735134998e+00 1.937090996302978985e+00 1.959094161930708511e+00 2.008765309238301100e+00 2.032419512254332705e+00 2.061710424720294643e+00 2.347348140409258210e+00 2.448630476031116832e+00 2.488959766934169870e+00 2.623128131083667380e+00 3.333838110993382564e+00 3.430861914905548815e+00 3.580964368552121080e+00 3.625465748797989995e+00
3.576255788042079775e-01 4.745802358666239562e-01 6.636441883927919339e-01 7.502056784733889261e-01 9.002339531695430219e-01 9.795836966936762868e-01 1.001590799812644761e+00 1.053149616280556700e+00 1.233718671219492968e+00 1.300038047223768034e+00 1.319723094043124600e+00 1.431473126006878704e+00 1.568708227235337649e+00 1.704699085078162257e+00 1.770277352521028913e+00 1.801741907648781504e+00 1.846352971284400457e+00 1.947822244763476984e+00 1.955528548509493536e+00 1.993172803162039708e+00 2.042527277210018699e+00 2.056968044207470481e+00 2.345655394212418532e+00 2.446107171656609847e+00 2.492047947426802690e+00 2.615275793654393333e+00 3.336036313204935766e+00 3.453528395193824263e+00 3.569344071299655585e+00 3.624337724498505775e+00
3.427180608596020472e-01 4.677860950029941178e-01 7.156046765545510668e-01 7.911905288305345341e-01 8.841950416642418986e-01 9.286814957891239564e-01 9.856672301303185391e-01 1.053376073716814298e+00 1.233655175755756561e+00 1.282781715998762673e+00 1.328896460705162097e+00 1.426125872344997214e+00 1.575980552005711743e+00 1.707067545082462834e+00 1.777660702926193714e+00 1.813199293759698794e+00 1.858642305953995599e+00 1.952481893810346314e+00 1.954251184988648582e+00 1.979415375749207007e+00 2.051081372064691877e+00 2.052864791643465914e+00 2.344461498869861327e+00 2.444071920118169317e+00 2.494187158830062145e+00 2.610009519438053704e+00 3.337712602639101966e+00 3.475348668939560515e+00 3.556002159301371979e+00 3.623488723442479298e+00
3.289035233204938291e-01 4.665928944364858832e-01 7.688399675981535397e-01 8.192557769782640165e-01 8.758871727328697565e-01 8.762430441061713760e-01 9.722475670762249500e-01 1.053748995383553044e+00 1.232846817449337440e+00 1.271205061304199635e+00 1.335914506149083580e+00 1.422026228882576016e+00 1.580216975872770213e+00 1.708634320940185081e+00 1.782520250254621574e+00 1.821633250678230898e+00 1.866414158026544090e+00 1.950403794999220564e+00 1.956780792866966712e+00 1.970288361337480865e+00 2.050034301154362915e+00 2.056760963895121197e+00 2.343758438776463837e+00 2.442746502154998556e+00 2.495409220581978449e+00 2.607060274761660690e+00 3.338761616187330805e+00 3.494831103604848277e+00 3.541849621266417003e+00 3.622961407224985386e+00
3.234788830149473160e-01 4.666446672798286177e-01 8.183256801625219401e-01 8.270214603878063286e-01 8.289871732769694690e-01 8.743176492531917754e-01 9.664116587445811257e-01 1.053896681313505557e+00 1.232460423887313139e+00 1.267107703496493931e+00 1.338555803337896366e+00 1.420447024364626110e+00 1.581601540718649002e+00 1.709185459643830507e+00 1.784221032909280469e+00 1.824822065874847077e+00 1.869080975895919927e+00 1.949662230271606012e+00 1.956760336554910884e+00 1.967624300806543713e+00 2.049018137061500600e+00 2.058743556305263844e+00 2.343527115147406636e+00 2.442286063477137947e+00 2.495802212545875864e+00 2.606120717781770679e+00 3.339118565766774349e+00 3.505504920624700649e+00 3.532993665016984863e+00 3.622782574972741365e+00
3.270360095887193674e-01 4.653562918965096773e-01 8.029008533710519924e-01 8.225055417522667556e-01 8.293642292907947855e-01 8.907631564597900953e-01 9.722846205629085414e-01 1.053940887880729926e+00 1.230594505490087309e+00 1.267099237582507421e+00 1.333884664625790473e+00 1.416940174864119495e+00 1.587338062981822562e+00 1.711267489338422321e+00 1.782769828786310740e+00 1.825269876959550786e+00 1.868231888367853477e+00 1.949719794987409660e+00 1.957250489447949882e+00 1.968924407311775981e+00 2.048251876995077048e+00 2.058222403028166170e+00 2.343646260150606953e+00 2.443081297986226197e+00 2.495322489044465630e+00 2.604870466321311362e+00 3.342109467194751549e+00 3.505115109237195714e+00 3.530903338788347945e+00 3.622829098109921375e+00
3.371336475716782410e-01 4.615390861730343519e-01 7.757245227389334419e-01 8.120333720403120070e-01 8.298996098674539246e-01 9.211519680234174778e-01 9.873954944649312448e-01 1.054068619489070491e+00 1.223557415177038088e+00 1.266986094847369237e+00 1.323143251652317387e+00 1.407067591166154985e+00 1.602712835009589387e+00 1.716746416591162339e+00 1.778530935726068796e+00 1.826532563312986523e+00 1.865948190369757231e+00 1.949927214103535755e+00 1.957650088204039296e+00 1.973502041834054088e+00 2.046080266689403349e+00 2.056752585355909879e+00 2.344009480936739998e+00 2.445416152846019653e+00 2.493839242215234453e+00 2.601385623093180222e+00 3.350889872538496572e+00 3.503949572039529503e+00 3.524734101645246920e+00 3.622952422392660576e+00
3.521891561555709482e-01 4.552410521297612367e-01 7.484700074801736713e-01 8.011426155906944402e-01 8.295933746879601278e-01 9.542070248603765625e-01 1.007181765773862647e+00 1.054303953757769419e+00 1.207902363982605420e+00 1.266499987568712404e+00 1.313607998219670003e+00 1.392495301445263900e+00 1.623891347491432047e+00 1.723784286362141316e+00 1.771769326206938500e+00 1.828467806443268673e+00 1.862795347376134725e+00 1.950317165882848647e+00 1.957138654718094228e+00 1.981290697736979523e+00 2.042771796588257249e+00 2.054624749699369701e+00 2.344614742025356247e+00 2.449139702059238033e+00 2.491261436472709256e+00 2.596394158338935387e+00 3.364898164166560512e+00 3.502019439393954769e+00 3.514792157465886469e+00 3.623111711176479677e+00
3.699219205943405364e-01 4.464803225092583983e-01 7.244092447875662977e-01 7.943526364600630441e-01 8.273425874423232518e-01 9.873534989583069299e-01 1.027848583206206978e+00 1.054889963825546007e+00 1.182069455071842023e+00 1.265210204711541886e+00 1.310422940097914601e+00 1.375416520026330858e+00 1.647253735867005187e+00 1.730428862540632329e+00 1.762856037666065800e+00 1.831037832244663210e+00 1.859220886508836657e+00 1.950934539442308102e+00 1.956057839203397597e+00 1.990907630433596642e+00 2.038535189734916653e+00 2.052297835700291895e+00 2.345403333885953234e+00 2.454004285552545017e+00 2.487549737846181941e+00 2.590903754600667241e+00 3.383241818417673130e+00 3.499318790849335503e+00 3.501614096037043655e+00 3.623260382741798402e+00
3.876968556581868453e-01 4.356375214892719283e-01 7.057315067929597063e-01 7.939376038460143059e-01 8.225487884796360838e-01 1.019365776587963790e+00 1.044912169675104030e+00 1.057751073516706830e+00 1.148908124923338381e+00 1.262736810996710979e+00 1.313522610691183701e+00 1.358219280973310683e+00 1.669763753987221877e+00 1.735348593909750381e+00 1.752521573840754021e+00 1.834387998950745224e+00 1.855269845079720481e+00 1.951761269154935974e+00 1.954797440202242553e+00 2.001027813573448277e+00 2.033392723213416353e+00 2.050295652752054831e+00 2.346219895305644343e+00 2.459670103254767426e+00 2.482812912350261136e+00 2.585977853576106433e+00 3.404723511096036326e+00 3.485725751325697619e+00 3.496086005518769468e+00 3.623364524061551961e+00
4.029447271419390741e-01 4.240255192413456831e-01 6.942665223445240175e-01 7.993876832207597039e-01 8.154888007201711586e-01 1.049370962462776502e+00 1.050634561312777882e+00 1.068443387702516123e+00 1.112723718674453854e+00 1.259482306347283753e+00 1.320874870549586744e+00 1.343021117478611970e+00 1.687921918096465523e+00 1.738023648415291333e+00 1.742701303092238474e+00 1.838827472939219110e+00 1.850575618316937287e+00 1.952596468589587575e+00 1.953706161465482261e+00 2.010728646945057818e+00 2.027135221082404293e+00 2.049065524475616407e+00 2.346838765117792658e+00 2.465716386022328788e+00 2.477344287685694812e+00 2.582548489892837917e+00 3.427726780994006628e+00 3.468081079041171133e+00 3.492512371559518769e+00 3.623412387849610283e+00
4.136875077760617248e-01 4.140773585270289270e-01 6.907094719486787104e-01 8.073372254242493495e-01 8.075908572685178699e-01 1.051254916300359055e+00 1.075472398093676674e+00 1.078541196345091491e+00 1.078874545845216470e+00 1.257628118287958507e+00 1.330702723337777726e+00 1.330919952046550891e+00 1.695553736288145652e+00 1.738352007368128227e+00 1.738572489903850826e+00 1.844624261809337140e+00 1.844718497644673327e+00 1.953113283767498931e+00 1.953121889623827157e+00 2.019477414541290372e+00 2.019567046564122226e+00 2.048724254222440866e+00 2.347074094771811392e+00 2.471534517276094967e+00 2.471714169083131463e+00 2.581301181289661795e+00 3.449261846528642650e+00 3.449485202819187357e+00 3.490287106111011006e+00 3.623416059478870910e+00
4.081552563251210630e-01 4.193184366715508316e-01 6.920947805082853233e-01 8.009002874004184092e-01 8.127791945835869392e-01 1.047961461788871507e+00 1.050911245739638344e+00 1.083797854255621473e+00 1.100345718163768138e+00 1.260241216075602910e+00 1.321620805636087637e+00 1.341603102682296100e+00 1.689744731533384670e+00 1.736943289529195855e+00 1.742107472436625670e+00 1.837889529272931144e+00 1.851505054629877023e+00 1.953177398268030496e+00 1.953193960620140723e+00 2.011523686645861453e+00 2.027049156047186607e+00 2.048426306956883547e+00 2.346967067874870860e+00 2.466525134461819757e+00 2.476601289989904586e+00 2.582219317402596026e+00 3.431519412284533832e+00 3.461248248478326239e+00 3.495236831491132623e+00 3.623446913383248980e+00
4.086889298859722186e-01 4.196598755398655567e-01 6.919581868690938276e-01 7.988204553143957165e-01 8.118252142730332244e-01 1.024077290943960827e+00 1.050077143767659482e+00 1.086290073506319898e+00 1.122380652449510130e+00 1.268719888188591716e+00 1.313305055619752526e+00 1.353483193201194368e+00 1.676953583964432726e+00 1.734035597493179148e+00 1.746944802810365793e+00 1.829781479654662757e+00 1.859033599019006777e+00 1.952622770787923345e+00 1.953916219094570916e+00 2.003698026152153311e+00 2.034106936220098305e+00 2.047154206946786292e+00 2.346792971817564410e+00 2.461902352301541086e+00 2.480850844978962577e+00 2.585036061625448411e+00 3.413940735281447481e+00 3.460309673247754514e+00 3.510489315749957928e+00 3.623538488658738732e+00
4.156213104329358754e-01 4.170713777107633580e-01 6.825510779928000149e-01 8.013769694090751017e-01 8.073083211013118987e-01 1.007341759910352241e+00 1.049109175304058228e+00 1.089436211578409752e+00 1.143286345176355523e+00 1.282172872716472956e+00 1.305027001568937361e+00 1.365756660285566637e+00 1.661224019940621854e+00 1.730012121885119658e+00 1.749426722770682563e+00 1.820571176876023545e+00 1.865241850049583983e+00 1.951019018870989274e+00 1.955200428807747137e+00 1.997654982241613641e+00 2.039919276059403153e+00 2.045075274354164918e+00 2.346684832529109421e+00 2.458146799746969258e+00 2.484001541772541621e+00 2.589810512583833102e+00 3.397087989306277311e+00 3.453273363014842889e+00 3.528687156767317479e+00 3.623741341432050067e+00
4.079663273319489858e-01 4.339434583605308315e-01 6.609030177264718642e-01 7.800813536358665035e-01 8.281840047760632428e-01 9.980345653954018070e-01 1.048380113344251630e+00 1.096046859378619454e+00 1.163510069816970693e+00 1.291458775469372267e+00 1.303305710161375419e+00 1.377907095264827131e+00 1.643877600312747767e+00 1.725206527658197153e+00 1.749118000969094755e+00 1.810552913555736332e+00 1.867158718062553957e+00 1.947811921082229114e+00 1.956997802385552765e+00 1.995451192393410844e+00 2.038198907243188973e+00 2.048149151835209736e+00 2.346789570202106656e+00 2.455460891264567458e+00 2.485863270528315461e+00 2.596545440417144412e+00 3.381447434276750652e+00 3.443475565540278449e+00 3.545986703777713966e+00 3.624105422116255859e+00
3.974332256257454010e-01 4.588840020493308303e-01 6.299004460875232692e-01 7.486874536264777058e-01 8.582112979511518080e-01 9.954360004447786459e-01 1.047874078931176012e+00 1.107119402022710863e+00 1.183499742975530511e+00 1.281335017630286899e+00 1.321140066965535986e+00 1.389499111585645430e+00 1.625322606433722950e+00 1.719885452091508782e+00 1.746575772244315594e+00 1.800034159022980917e+00 1.862325234480594283e+00 1.942368369007121176e+00 1.959242106219628576e+00 1.998584362318806207e+00 2.031719559062032943e+00 2.053639008260770282e+00 2.347249806168267394e+00 2.453922087729096368e+00 2.486359448770651071e+00 2.605178483990289617e+00 3.367401203275168342e+00 3.431746169010735148e+00 3.561327895484847961e+00 3.624670802296727334e+00
3.846349410979891248e-01 4.907257103921962016e-01 5.931492938267870496e-01 7.092061416762350801e-01 8.936876071667690935e-01 9.985664055679236428e-01 1.047306608374725112e+00 1.122149728801177027e+00 1.203634463281104461e+00 1.267526748976679718e+00 1.341292436870973326e+00 1.400185154259437903e+00 1.605650414472107101e+00 1.714248602720256587e+00 1.742488849981519872e+00 1.789283869032461283e+00 1.850449988582356209e+00 1.934010343642617702e+00 1.961711063975553504e+00 2.006754874389170773e+00 2.023639162938942526e+00 2.058864880896296157e+00 2.348177750865605429e+00 2.453473275105635398e+00 2.485537538275006231e+00 2.615558558536734246e+00 3.355206641963876635e+00 3.418436886972877176e+00 3.574420368422401850e+00 3.625458521679888690e+00
3.700374770102194399e-01 5.279214824148736884e-01 5.533524593426605298e-01 6.638774458935616796e-01 9.310405066153288889e-01 1.007346464468218850e+00 1.046460710390601179e+00 1.139770833015087304e+00 1.224166929406337978e+00 1.251651172596640826e+00 1.361417334681565228e+00 1.409700051469630733e+00 1.584811249120823051e+00 1.708438293071282921e+00 1.737433007897167814e+00 1.778522439996772508e+00 1.833022882384204744e+00 1.922155642382558094e+00 1.964182019625446696e+00 2.014942939284040779e+00 2.018198964389950056e+00 2.063676813211210881e+00 2.349623220724840866e+00 2.453940208637912512e+00 2.483564791775641378e+00 2.627418570678026200e+00 3.344986622303984358e+00 3.403896190515613540e+00 3.585263479065953884e+00 3.626464162126309176e+00
3.539482408290827720e-01 5.126150496270854839e-01 5.687580216594331217e-01 6.147823705480528478e-01 9.645845915643389556e-01 1.024677189887077677e+00 1.045238144643451994e+00 1.157791261109811343e+00 1.234997641743538210e+00 1.245172609887278847e+00 1.380670208631207263e+00 1.417839866349964062e+00 1.562689460190351598e+00 1.702553417525262125e+00 1.731807420886156024e+00 1.767937577310646935e+00 1.811928623344374323e+00 1.906640452346258341e+00 1.966560731319537236e+00 2.006524755455404652e+00 2.030992220343668997e+00 2.068060405883313191e+00 2.351550695608536135e+00 2.455073541222918099e+00 2.480708301384044301e+00 2.640354347295001958e+00 3.336733121367157828e+00 3.388597167205853022e+00 3.593991837217890506e+00 3.627655725149685484e+00
3.365002455591309949e-01 4.728633816102920662e-01 5.632605944675713738e-01 6.120960514134626829e-01 9.872038988099373080e-01 1.043583712610631542e+00 1.055487863056369102e+00 1.170888533228657380e+00 1.222233232438330264e+00 1.266506250003473610e+00 1.398418630433332588e+00 1.424414767115824931e+00 1.539173824936073576e+00 1.696664027971674926e+00 1.725772003482459072e+00 1.757717008447054141e+00 1.788956620829423194e+00 1.888050306731640093e+00 1.968810006889235797e+00 1.998961645343587001e+00 2.043700204052707026e+00 2.072004484501585697e+00 2.353838926470377846e+00 2.456599686077488798e+00 2.477301823336043984e+00 2.653818208539775458e+00 3.330324247594512066e+00 3.373158990491972542e+00 3.600806133904279616e+00 3.628974857756902317e+00
3.176819936719129656e-01 4.361197543472766780e-01 5.119723677417508112e-01 6.555245176169650634e-01 1.000394829312780454e+00 1.041415285012430525e+00 1.096508460532522156e+00 1.167426317609431718e+00 1.224679851055165747e+00 1.287763644319066092e+00 1.414112871683016470e+00 1.429128850678529128e+00 1.514303329179476298e+00 1.690830929023996898e+00 1.719051601490413805e+00 1.748090467135538173e+00 1.766099341627620056e+00 1.867749549742211856e+00 1.970890872587326204e+00 1.992448588803702236e+00 2.055381112683170919e+00 2.075480916654259822e+00 2.356302299655740562e+00 2.458263704695757390e+00 2.473705250873827310e+00 2.667133860438574366e+00 3.325552433517081852e+00 3.358312817787422411e+00 3.605941475117916184e+00 3.630339547641002085e+00
2.975856200726189060e-01 4.044915910901795142e-01 4.626207211588129198e-01 6.977919701319754697e-01 1.009089804889308217e+00 1.038566769659667433e+00 1.141291959980333059e+00 1.150246058046440201e+00 1.239547350475190823e+00 1.308240874495579797e+00 1.427258346716365311e+00 1.431152026414833189e+00 1.488753555994411171e+00 1.685148290727929599e+00 1.710474137248473747e+00 1.739366772641563141e+00 1.746228941391226419e+00 1.847597174185930058e+00 1.972747155133608876e+00 1.986984714566767618e+00 2.065440039233999325e+00 2.078443698511771132e+00 2.358722497611796420e+00 2.459855620800456055e+00 2.470264615196236857e+00 2.679536218088281796e+00 3.322159586931342279e+00 3.344835529967400412e+00 3.609652591858615978e+00 3.631649532028004668e+00
2.770770855678823530e-01 3.796790397669395634e-01 4.180216173321713025e-01 7.367584269572858835e-01 1.015280746365580189e+00 1.034776851296484113e+00 1.130356509328079850e+00 1.186393279637402154e+00 1.256324703692199618e+00 1.326884010189847141e+00 1.427209326085684848e+00 1.437457093405738906e+00 1.465901548860665038e+00 1.679827497667520264e+00 1.698482614245155453e+00 1.731940700435466107e+00 1.732741480343024110e+00 1.829571013004871682e+00 1.974307468442626279e+00 1.982568253733943520e+00 2.073511919403741466e+00 2.080835399058286850e+00 2.360879491537877239e+00 2.461220015787368265e+00 2.467280106673730877e+00 2.690234757669642374e+00 3.319874237349475177e+00 3.333472018184081787e+00 3.612198491941818190e+00 3.632798258852396156e+00
2.584806851640840120e-01 3.623476766225931511e-01 3.816549299291863151e-01 7.696047217723487321e-01 1.019553004968921872e+00 1.029946565404680658e+00 1.112990741287362528e+00 1.229395447095555705e+00 1.270748800059709360e+00 1.342251176636451548e+00 1.410061789180184766e+00 1.444514614792617113e+00 1.453801650141622881e+00 1.675292164360792757e+00 1.685092739571858678e+00 1.725646729340095220e+00 1.726245111773437868e+00 1.815427576854524716e+00 1.975494759645836762e+00 1.979271247332641703e+00 2.079383814319187618e+00 2.082596733300884573e+00 2.362576826237527072e+00 2.462253221307479478e+00 2.464986747271103784e+00 2.698492833982489181e+00 3.318446182361483032e+00 3.324864225867858458e+00 3.613818821678459248e+00 3.633689912135989353e+00
2.452221531139154864e-01 3.522515401389459955e-01 3.574774919487382352e-01 7.924103332523459997e-01 1.022082069185811681e+00 1.025069910600014955e+00 1.101448686070943817e+00 1.266242832093841697e+00 1.280485364768574552e+00 1.352600784448440008e+00 1.384951920174777307e+00 1.448533697029300793e+00 1.450469644583435525e+00 1.672164278812092286e+00 1.674981360729933977e+00 1.722333799995606540e+00 1.722660583929010558e+00 1.806455272095422782e+00 1.976239607025134903e+00 1.977216873448260692e+00 2.082941612458221847e+00 2.083676601748874813e+00 2.363660629553998582e+00 2.462893605791669049e+00 2.463547971377434642e+00 2.703710289682752066e+00 3.317675377778366297e+00 3.319498818606563706e+00 3.614707109201596769e+00 3.634253000450730742e+00
2.403882933693787805e-01 3.489440506935966857e-01 3.489468982546971576e-01 8.007425223834155892e-01 1.022847327806031936e+00 1.022921139401188784e+00 1.097473965657211004e+00 1.283929984567845572e+00 1.283935138974895418e+00 1.356319407916996900e+00 1.370718889424758613e+00 1.449791255994428818e+00 1.449816638243669908e+00 1.671038907609070590e+00 1.671271241025047871e+00 1.721349065721730742e+00 1.721437227204619891e+00 1.803388003161573661e+00 1.976493666956317341e+00 1.976517187295386169e+00 2.084040596784760613e+00 2.084132513850009083e+00 2.364033077770683278e+00 2.463058168861255393e+00 2.463110147882407119e+00 2.705494891896394805e+00 3.317433210622027673e+00 3.317676555707249619e+00 3.614988744995936809e+00 3.634445278653673395e+00
3.234788830149473160e-01 4.666446672798286177e-01 8.183256801625219401e-01 8.270214603878063286e-01 8.289871732769694690e-01 8.743176492531917754e-01 9.664116587445811257e-01 1.053896681313505557e+00 1.232460423887313139e+00 1.267107703496493931e+00 1.338555803337896366e+00 1.420447024364626110e+00 1.581601540718649002e+00 1.709185459643830507e+00 1.784221032909280469e+00 1.824822065874847077e+00 1.869080975895919927e+00 1.949662230271606012e+00 1.956760336554910884e+00 1.967624300806543713e+00 2.049018137061500600e+00 2.058743556305263844e+00 2.343527115147406636e+00 2.442286063477137947e+00 2.495802212545875864e+00 2.606120717781770679e+00 3.339118565766774349e+00 3.505504920624700649e+00 3.532993665016984863e+00 3.622782574972741365e+00
3.281366105222088270e-01 4.651985083192796688e-01 8.175649971841072450e-01 8.226488275431020902e-01 8.292459122101543123e-01 8.752174890600471491e-01 9.715153701084160431e-01 1.041989005266265700e+00 1.232960942024436957e+00 1.273967014174200552e+00 1.338895864667724256e+00 1.420758901818502729e+00 1.581326750590124508e+00 1.708925273081499885e+00 1.778732093153987837e+00 1.829881227650345776e+00 1.868868717475062891e+00 1.945291518716781187e+00 1.957493625736872689e+00 1.970589403983671550e+00 2.047509340673248079e+00 2.061321848972097914e+00 2.343339188297866915e+00 2.440476380354847930e+00 2.493375002259471174e+00 2.606883760475492640e+00 3.341573953658827367e+00 3.485230882594547275e+00 3.535801062780054682e+00 3.637365317570750545e+00
3.415588180245167638e-01 4.608764563356554933e-01 8.109454816021653967e-01 8.158599868281656287e-01 8.298538013540738278e-01 8.777602010303777735e-01 9.790419740331005594e-01 1.016836126315273647e+00 1.234423048336632522e+00 1.290043955611460902e+00 1.340000617365392888e+00 1.421991406521269763e+00 1.580505665503117552e+00 1.707899711579472957e+00 1.766777760538338793e+00 1.840161722153459856e+00 1.868057394084990275e+00 1.937417368565166109e+00 1.956620783042382072e+00 1.978001892353645763e+00 2.043018476876879763e+00 2.068727246254020269e+00 2.342784110846706902e+00 2.435321985885730012e+00 2.486278467119130475e+00 2.609370657782355885e+00 3.348591561925445603e+00 3.439798756390921142e+00 3.543914084022250943e+00 3.666109380275144769e+00
3.622767120925615147e-01 4.537330649361552837e-01 7.953995618674909451e-01 8.129659954213813711e-01 8.303714932280391592e-01 8.816155238761281820e-01 9.508742000711515319e-01 1.021357664663686382e+00 1.236703329484671876e+00 1.307951148591042445e+00 1.342131587368406320e+00 1.424951190746547525e+00 1.579132093650887914e+00 1.705514613368559029e+00 1.752619332021909226e+00 1.850251180538851292e+00 1.866281279490017209e+00 1.928676445841520870e+00 1.955256807077413006e+00 1.987960096116553110e+00 2.035674148167255115e+00 2.080002907157681324e+00 2.341920405530862226e+00 2.427566426598275040e+00 2.475073702492049499e+00 2.614077259518579055e+00 3.358345371707190274e+00 3.384382662840540679e+00 3.556477339652252212e+00 3.695805366672674452e+00
3.883043510538700671e-01 4.438712505300597133e-01 7.761670282674169030e-01 8.097486631295993664e-01 8.302186843506735858e-01 8.864266960719682231e-01 9.020712644791880619e-01 1.045078822854529577e+00 1.239514487023172906e+00 1.323060291000714761e+00 1.345731882780481836e+00 1.430627139626423849e+00 1.577142847035295503e+00 1.701148655407395127e+00 1.737505181443837809e+00 1.856581233024671596e+00 1.864003118468904541e+00 1.919863692007381495e+00 1.955345912762748384e+00 2.000014604218049996e+00 2.025856276406946321e+00 2.093619650141474775e+00 2.340928525573658270e+00 2.418219257397382194e+00 2.460664318540564555e+00 2.621595563638365434e+00 3.318953076686284476e+00 3.374798033713581891e+00 3.572237472879015829e+00 3.722858524035167704e+00
4.174335356032428668e-01 4.314932765427377248e-01 7.499029090724879110e-01 8.065210251845826850e-01 8.288455976245716617e-01 8.551383189060433043e-01 8.918341358290503562e-01 1.072015466128028116e+00 1.242419648269899923e+00 1.333578619808802657e+00 1.351358010564619017e+00 1.439550694924485619e+00 1.574345489291053779e+00 1.694456384181381337e+00 1.721813319564377220e+00 1.854339417264422751e+00 1.864702461114684295e+00 1.911625573637243170e+00 1.957903402283701633e+00 2.012244989833808173e+00 2.016013724360001369e+00 2.107680368689852202e+00 2.340151953146899722e+00 2.408321804901732754e+00 2.444181740678019299e+00 2.632439803583879190e+00 3.253343987839081297e+00 3.389580229859189053e+00 3.589732249773963879e+00 3.746437996331392295e+00
4.163861251041839906e-01 4.478847471823608761e-01 7.109132273911490385e-01 8.035720725283728161e-01 8.207618562717915456e-01 8.264203558974886343e-01 8.974162307335201705e-01 1.099114215127846128e+00 1.244922317384765442e+00 1.339711371619876079e+00 1.359477626571289122e+00 1.451274033400327346e+00 1.570351380296126642e+00 1.685530612768943337e+00 1.705981270305683362e+00 1.847237501082194422e+00 1.865382955532626674e+00 1.904496637510303403e+00 1.961964669877159562e+00 2.002228050274575732e+00 2.029557545893099668e+00 2.120312345288111633e+00 2.340019356341197732e+00 2.398771405480538910e+00 2.426850738859466894e+00 2.646919729192665827e+00 3.186539935220928044e+00 3.404834656608918930e+00 3.607465583477523552e+00 3.766410455008025071e+00
3.991119885298685666e-01 4.771196744688874225e-01 6.619455463680246066e-01 8.010913472090892551e-01 8.016451934497001997e-01 8.219006222185406552e-01 9.027367346699507467e-01 1.124631189613833460e+00 1.246654895351466674e+00 1.342592032544836833e+00 1.370228862882135301e+00 1.464570401943157796e+00 1.564607051284057526e+00 1.674938140190207481e+00 1.690902181772348412e+00 1.838710171468342036e+00 1.864836268758834459e+00 1.898771475131274311e+00 1.963721468250128055e+00 1.993980922589246196e+00 2.044998458310670841e+00 2.130153826101069292e+00 2.340820840873477859e+00 2.390246003148201570e+00 2.409915388991389573e+00 2.664995001930098084e+00 3.121418498963987709e+00 3.419077875670451405e+00 3.624039930595646997e+00 3.782796744276334611e+00
3.797714226647079250e-01 5.032841023257930146e-01 6.135486434795365263e-01 7.909877229298463153e-01 7.994378062256422002e-01 8.165272098984917015e-01 9.073687889133620343e-01 1.147009552427389334e+00 1.247540641314869303e+00 1.343395496309959469e+00 1.383065602079708745e+00 1.477935520693357985e+00 1.556725763506465299e+00 1.663709668536955899e+00 1.677902083058959937e+00 1.830228629108734628e+00 1.864063363459482758e+00 1.894492103856722620e+00 1.958916415928605215e+00 1.993084178458599309e+00 2.059413664951355472e+00 2.136720364187678634e+00 2.342465390814797654e+00 2.383209833386525034e+00 2.394643149734061893e+00 2.685996174876299936e+00 3.061029923842017997e+00 3.431248328662058977e+00 3.638243282194837391e+00 3.795611124871369757e+00
3.599603582967182969e-01 5.242355279313418714e-01 5.745639826975443842e-01 7.850870246533059316e-01 7.986917489354996569e-01 8.108219333797134221e-01 9.109493928633376481e-01 1.164680838426262799e+00 1.247789454527094222e+00 1.343088421360293161e+00 1.396367293803199461e+00 1.489723300215147983e+00 1.547297630989503681e+00 1.653349629183882730e+00 1.668227773910248679e+00 1.823073098477611342e+00 1.863670295418066392e+00 1.891560986403285849e+00 1.950914343380433236e+00 1.996330487933034581e+00 2.071304421084830594e+00 2.140403944448224127e+00 2.344442909588009716e+00 2.377915460381582413e+00 2.382388944702685585e+00 2.707994798102594469e+00 3.009322811532190389e+00 3.440526869946180177e+00 3.649100614174350277e+00 3.804826562253866840e+00
3.439221812421100477e-01 5.379079625431579803e-01 5.500886042896672157e-01 7.820646169828365801e-01 7.991435937012314472e-01 8.057464442781605563e-01 9.132080689634998194e-01 1.176111906365499671e+00 1.247742935460315561e+00 1.342476215341890766e+00 1.407143607271722052e+00 1.498059880049405157e+00 1.538802327691669358e+00 1.645796562006558439e+00 1.662463066752114971e+00 1.818305861606882345e+00 1.863664595436258287e+00 1.889857738180422686e+00 1.944596153812739869e+00 1.999362284354502695e+00 2.079210233691825227e+00 2.142072732645582622e+00 2.346047987504879195e+00 2.373541061157008691e+00 2.375445655317268923e+00 2.726572431656570483e+00 2.972266769051136404e+00 3.446328173820462304e+00 3.655902030906189371e+00 3.810389562354782989e+00
3.375849477535955434e-01 5.417959284478235382e-01 5.427483620935865671e-01 7.811324822236123122e-01 8.002712978514019415e-01 8.029237529745938406e-01 9.139794707393494866e-01 1.180082750369393585e+00 1.247690487787322944e+00 1.342187227522967818e+00 1.411448226924505445e+00 1.501115817614559145e+00 1.535223799561657776e+00 1.642986469158284280e+00 1.660577031996999908e+00 1.816633943987922217e+00 1.863726493333400569e+00 1.889299367058749457e+00 1.942257475125096278e+00 2.000508827729893024e+00 2.081992550150478571e+00 2.142524134244689016e+00 2.346669392596924641e+00 2.370957323596789568e+00 2.374098838094134578e+00 2.734318961394522685e+00 2.958249443503846887e+00 3.448300968988175175e+00 3.658217199235499706e+00 3.812250510167490170e+00
5.358792743656042301e-01 5.363841333578801551e-01 5.365252658159503918e-01 6.832527512614321452e-01 7.681842313423503654e-01 7.684391597346944547e-01 1.061623274934768490e+00 1.135199545743219796e+00 1.135378377894972202e+00 1.410995066735935888e+00 1.451311390478765784e+00 1.451425196310702104e+00 1.583209570707516889e+00 1.583311549579367927e+00 1.705484595338890186e+00 1.815128582926402778e+00 1.815413402231067952e+00 1.930344423041704172e+00 1.930411718894116779e+00 2.045507522800348088e+00 2.045982486421114022e+00 2.118603635488791603e+00 2.374008234369159087e+00 2.374042835100417914e+00 2.375026161420580983e+00 2.697700347338643834e+00 2.956486016430920127e+00 3.566798717932336160e+00 3.566996214829540879e+00 3.813177338388876958e+00
5.144948005232947708e-01 5.147332102093498118e-01 5.435953881085897610e-01 6.777073680697178748e-01 7.872927853472795334e-01 7.875497019167896351e-01 1.066912063229238594e+00 1.128353454577726067e+00 1.128543286916670718e+00 1.406051887855024107e+00 1.480684950369822284e+00 1.480831968481700844e+00 1.553501213408665205e+00 1.553636007652718698e+00 1.704419009647140992e+00 1.823327165139918105e+00 1.823598725683910127e+00 1.927125848626566773e+00 1.927195948939890213e+00 2.037564463998798647e+00 2.038040210715702294e+00 2.136807852163936428e+00 2.361711850290109993e+00 2.380759712369447278e+00 2.380787835649400552e+00 2.692605876515024921e+00 2.965569547949823193e+00 3.566753260243106016e+00 3.566950998915236593e+00 3.812929617756630751e+00
4.905984540681678219e-01 4.908556982906885358e-01 5.729210472200745308e-01 6.730379305662419487e-01 8.058171180189962479e-01 8.060764946610152748e-01 1.072213448726305529e+00 1.119110551371412132e+00 1.119315281749955648e+00 1.398047726972218463e+00 1.507242538108241270e+00 1.507446309284219854e+00 1.527441911461950186e+00 1.527638424294259556e+00 1.703035104708715997e+00 1.833180175307896009e+00 1.833434173023838598e+00 1.926933438575260338e+00 1.927011919239449478e+00 2.027139726769324302e+00 2.027603976278386178e+00 2.155433745887891828e+00 2.344959974673018532e+00 2.390130281716091876e+00 2.390143487963024338e+00 2.677326205831577877e+00 2.997266405217783980e+00 3.562383070898260673e+00 3.562581982265696112e+00 3.808846987626904212e+00
4.659380677609438748e-01 4.662196793716095189e-01 6.193314116533411573e-01 6.695863175206778761e-01 8.228695303355999524e-01 8.231309109738729202e-01 1.077144036678986394e+00 1.107966135794445250e+00 1.108188830464881702e+00 1.387397641366282075e+00 1.491675714713966316e+00 1.491754669333464456e+00 1.544433324841123278e+00 1.544511013142112699e+00 1.701439695327454649e+00 1.843806977301804650e+00 1.844038401808352212e+00 1.930269103479652193e+00 1.930363514108201173e+00 2.014806175471892224e+00 2.015251217882131129e+00 2.173086698780138715e+00 2.325572693668487290e+00 2.401370331011941861e+00 2.401379747882077531e+00 2.657817128636095205e+00 3.044761002202039268e+00 3.553954822361427457e+00 3.554155783772111832e+00 3.800939123971971423e+00
4.419585087828895031e-01 4.422685683503569942e-01 6.675829293408533927e-01 6.771946328119793357e-01 8.375332479048007706e-01 8.377953764748690135e-01 1.081356939287023700e+00 1.095768750746939135e+00 1.096013084415877081e+00 1.374448008760201567e+00 1.464495188369258294e+00 1.464628318609417335e+00 1.573479987749277331e+00 1.573601755600730012e+00 1.699759340978250544e+00 1.854365862560680922e+00 1.854569749099035603e+00 1.937001452205224350e+00 1.937118820935841867e+00 2.001368209913414020e+00 2.001789547012535753e+00 2.186928778041962840e+00 2.305963191238375565e+00 2.413773973272260065e+00 2.413810309311934077e+00 2.638476062689864232e+00 3.102175050048845417e+00 3.541997960412806457e+00 3.542201751275643851e+00 3.789224632078536548e+00
4.202631162078371285e-01 4.206037035707091420e-01 6.671417932329488654e-01 7.414241880632270743e-01 8.487349401543782257e-01 8.489960688745868955e-01 1.083764421261855349e+00 1.083896769180305197e+00 1.084693505114468604e+00 1.359387837007483224e+00 1.438522832099511373e+00 1.438685029794657622e+00 1.601823395367857117e+00 1.601964397023084574e+00 1.698131053872023566e+00 1.864317403098919579e+00 1.864490583944692803e+00 1.945691611572137214e+00 1.945827958715641071e+00 1.988319125729229198e+00 1.988706410837551175e+00 2.191366870505742970e+00 2.291684430536720996e+00 2.426693245756122774e+00 2.426757927778760315e+00 2.621494631378574969e+00 3.165303443327738719e+00 3.527298347477393126e+00 3.527505600837483435e+00 3.773703554039555819e+00
4.025531847519566719e-01 4.029233407491641383e-01 6.682635187043542979e-01 8.079899809772039809e-01 8.552598179148005464e-01 8.555182924605045924e-01 1.073525461182116558e+00 1.073795316717108816e+00 1.086536880941945782e+00 1.342244679847348854e+00 1.414479451352141703e+00 1.414663110404352553e+00 1.628653455993471333e+00 1.628807803409215937e+00 1.696691047223187088e+00 1.873195782330631998e+00 1.873335926921261274e+00 1.951637969662371130e+00 1.951710940797084071e+00 1.980133068086456838e+00 1.980401202898422586e+00 2.180440983942443012e+00 2.289173243179171813e+00 2.439448261565454246e+00 2.439540471322636961e+00 2.607696767492347689e+00 3.230924246195421734e+00 3.510883851798808575e+00 3.511095002106440432e+00 3.754344051387379366e+00
3.904568556099157206e-01 3.908517063194227315e-01 6.708438453699261395e-01 8.560285939582259473e-01 8.562840898174339799e-01 8.737251929942235762e-01 1.066623507146370331e+00 1.066912293361496511e+00 1.087096156421385018e+00 1.323019636869928073e+00 1.392645852190220523e+00 1.392845817515669937e+00 1.653744674390504876e+00 1.653910021948446829e+00 1.695562400188080687e+00 1.879777840567085523e+00 1.879877118216953358e+00 1.947972372345752712e+00 1.948055181845601336e+00 1.983851364586888710e+00 1.983901954965166192e+00 2.156764308960190668e+00 2.296827647915214321e+00 2.451280444761025912e+00 2.451397740319773977e+00 2.597184548304042107e+00 3.296315234623095947e+00 3.493993606914022276e+00 3.494208841982930469e+00 3.731114944420752977e+00
3.852601611786472535e-01 3.856708652458832876e-01 6.746857006945645718e-01 8.506345411323403827e-01 8.508873818568338798e-01 9.357543592993529113e-01 1.064045356090228323e+00 1.064346982471264580e+00 1.086187911189495869e+00 1.302044822458982010e+00 1.373194969271941845e+00 1.373406561710132978e+00 1.677133339528263267e+00 1.677308760550967115e+00 1.694843064906370156e+00 1.881194699133748705e+00 1.881233511059760444e+00 1.942228797135282514e+00 1.942329094161266312e+00 1.993602597811334087e+00 1.993647052864152780e+00 2.127622077545395118e+00 2.308823255222934190e+00 2.461320183082112312e+00 2.461459097990490452e+00 2.589697641029635733e+00 3.358975451103985765e+00 3.478018277648518453e+00 3.478237536267730245e+00 3.704129541267500159e+00
3.876193084857754156e-01 3.880343282295468654e-01 6.795129545793655579e-01 8.397164071737608371e-01 8.399683606130312619e-01 9.905349496549598065e-01 1.065771487376286686e+00 1.066079769945807554e+00 1.083841926192580907e+00 1.280761812774156905e+00 1.356273557574241728e+00 1.356492103612912947e+00 1.694593921430174843e+00 1.698979330602269133e+00 1.699167001940139254e+00 1.874619317066499535e+00 1.874647283487046234e+00 1.942043000860819602e+00 1.942100270268757312e+00 2.003612604165764921e+00 2.003692046624689915e+00 2.098009900063315225e+00 2.321910944821782508e+00 2.468617129848336145e+00 2.468773706869676676e+00 2.584821481753125649e+00 3.416198605130810861e+00 3.464397107149355115e+00 3.464620469444015693e+00 3.674096812103531118e+00
3.973922424590948799e-01 3.977996668477780662e-01 6.849846444727095696e-01 8.247269689186784714e-01 8.249794420684970486e-01 1.032192854696203588e+00 1.070967732527190686e+00 1.071274303161046992e+00 1.080199202114029644e+00 1.263280380458069896e+00 1.342043695698983630e+00 1.342264280287815970e+00 1.694839515352022818e+00 1.719406820224919308e+00 1.719607226191454563e+00 1.861388010351918254e+00 1.861458276971938330e+00 1.946765802266707812e+00 1.946789976482820927e+00 2.012343569225452988e+00 2.012434919313472736e+00 2.071002319611010112e+00 2.334827853238271800e+00 2.472254349945194107e+00 2.472424512411889097e+00 2.582130886495371591e+00 3.454464719949756013e+00 3.454680642849148775e+00 3.463635216690010843e+00 3.643855014173974727e+00
4.136875077760617248e-01 4.140773585270289270e-01 6.907094719486787104e-01 8.073372254242493495e-01 8.075908572685178699e-01 1.051254916300359055e+00 1.075472398093676674e+00 1.078541196345091491e+00 1.078874545845216470e+00 1.257628118287958507e+00 1.330702723337777726e+00 1.330919952046550891e+00 1.695553736288145652e+00 1.738352007368128227e+00 1.738572489903850826e+00 1.844624261809337140e+00 1.844718497644673327e+00 1.953113283767498931e+00 1.953121889623827157e+00 2.019477414541290372e+00 2.019567046564122226e+00 2.048724254222440866e+00 2.347074094771811392e+00 2.471534517276094967e+00 2.471714169083131463e+00 2.581301181289661795e+00 3.449261846528642650e+00 3.449485202819187357e+00 3.490287106111011006e+00 3.623416059478870910e+00
