-5.628447862766483567e-02
-3.647386927399000334e-02
-1.666325992031518488e-02
3.147349433359642248e-03
2.295795878703446244e-02
4.276856814070928436e-02
6.257917749438411670e-02
8.238978684805893515e-02
1.022003962017337536e-01
1.220110055554085721e-01
1.418216149090834044e-01
1.616322242627582229e-01
1.814428336164330691e-01
2.012534429701078598e-01
2.210640523237827060e-01
2.408746616774574967e-01
2.606852710311323706e-01
2.804958803848072169e-01
3.003064897384820076e-01
3.201170990921568538e-01
3.399277084458316445e-01
3.597383177995064907e-01
3.795489271531812814e-01
3.993595365068561276e-01
4.191701458605309738e-01
4.389807552142057645e-01
4.587913645678805552e-01
4.786019739215555124e-01
4.984125832752303031e-01
5.182231926289051493e-01
5.380338019825798845e-01
5.578444113362548418e-01
5.776550206899295770e-01
5.974656300436044232e-01
6.172762393972792694e-01
6.370868487509541156e-01
6.568974581046288508e-01
6.767080674583036970e-01
6.965186768119785432e-01
7.163292861656533894e-01
7.361398955193281246e-01
7.559505048730030818e-01
7.757611142266778170e-01
7.955717235803526632e-01
8.153823329340273984e-01
8.351929422877023557e-01
8.550035516413770909e-01
8.748141609950519371e-01
8.946247703487267833e-01
9.144353797024015185e-01
9.342459890560764757e-01
9.540565984097513219e-01
9.738672077634260571e-01
9.936778171171009033e-01
1.013488426470775750e+00
1.033299035824450485e+00
1.053109645178125442e+00
1.072920254531800399e+00
1.092730863885474912e+00
1.112541473239149870e+00
1.132352082592824605e+00
1.152162691946499562e+00
1.171973301300174297e+00
1.191783910653849032e+00
1.211594520007523990e+00
1.231405129361198947e+00
1.251215738714873460e+00
1.271026348068548417e+00
1.290836957422223374e+00
1.310647566775898110e+00
1.330458176129572845e+00
1.350268785483247580e+00
1.370079394836922537e+00
1.389890004190597494e+00
1.409700613544272230e+00
1.429511222897946965e+00
1.449321832251621922e+00
1.469132441605296657e+00
1.488943050958971615e+00
1.508753660312646350e+00
1.528564269666321085e+00
1.548374879019996042e+00
1.568185488373670999e+00
1.587996097727345512e+00
1.607806707081020470e+00
1.627617316434695205e+00
1.647427925788370162e+00
1.667238535142044897e+00
1.687049144495719633e+00
1.706859753849394590e+00
1.726670363203069547e+00
1.746480972556744282e+00
1.766291581910419017e+00
1.786102191264093975e+00
1.805912800617768710e+00
1.825723409971443667e+00
1.845534019325118402e+00
1.865344628678793137e+00
1.885155238032467873e+00
1.904965847386142830e+00
1.924776456739817343e+00
1.944587066093492078e+00
1.964397675447167257e+00
1.984208284800841993e+00
2.004018894154516506e+00
2.023829503508191685e+00
2.043640112861866420e+00
2.063450722215541155e+00
2.083261331569216335e+00
2.103071940922891070e+00
2.122882550276565805e+00
2.142693159630240540e+00
2.162503768983915275e+00
2.182314378337590011e+00
2.202124987691265190e+00
2.221935597044939925e+00
2.241746206398614660e+00
2.261556815752289396e+00
2.281367425105964575e+00
2.301178034459638866e+00
2.320988643813313601e+00
2.340799253166988780e+00
2.360609862520663516e+00
2.380420471874338251e+00
2.400231081228013430e+00
2.420041690581688165e+00
2.439852299935362900e+00
2.459662909289037636e+00
2.479473518642712371e+00
2.499284127996387106e+00
2.519094737350062285e+00
2.538905346703737020e+00
2.558715956057411756e+00
2.578526565411086935e+00
2.598337174764761670e+00
2.618147784118436405e+00
2.637958393472111140e+00
2.657769002825785876e+00
2.677579612179460611e+00
2.697390221533135790e+00
2.717200830886810525e+00
2.737011440240485260e+00
2.756822049594159996e+00
2.776632658947835175e+00
2.796443268301509466e+00
2.816253877655184201e+00
2.836064487008859381e+00
2.855875096362534116e+00
2.875685705716208851e+00
2.895496315069884030e+00
2.915306924423558765e+00
2.935117533777233501e+00
2.954928143130908236e+00
2.974738752484582971e+00
2.994549361838257706e+00
3.014359971191932885e+00
3.034170580545607621e+00
3.053981189899282356e+00
3.073791799252957535e+00
3.093602408606632270e+00
3.113413017960307005e+00
3.133223627313981741e+00
3.153034236667656476e+00
3.172844846021331211e+00
3.192655455375006390e+00
3.212466064728681125e+00
3.232276674082355861e+00
3.252087283436030596e+00
3.271897892789705775e+00
3.291708502143380066e+00
3.311519111497054801e+00
3.331329720850729981e+00
3.351140330204404716e+00
3.370950939558079451e+00
3.390761548911754630e+00
3.410572158265429366e+00
3.430382767619104101e+00
3.450193376972778836e+00
3.470003986326453571e+00
3.489814595680128306e+00
3.509625205033803486e+00
3.529435814387478221e+00
3.549246423741152956e+00
3.569057033094828135e+00
3.588867642448502870e+00
3.608678251802177606e+00
3.628488861155852341e+00
3.648299470509527076e+00
3.668110079863201811e+00
3.687920689216876990e+00
3.707731298570551726e+00
3.727541907924226461e+00
3.747352517277901640e+00
3.767163126631575931e+00
3.786973735985250666e+00
3.806784345338925846e+00
3.826594954692600137e+00
3.846405564046275316e+00
3.866216173399950495e+00
3.886026782753624786e+00
