0.000000000000000000e+00
3.546108780133234301e-02
7.092217560266468601e-02
1.063832634039970360e-01
1.418443512053293720e-01
1.773054390066617081e-01
2.127665268079940719e-01
2.482276146093264080e-01
2.836887024106587440e-01
3.191497902119910801e-01
3.546108780133234162e-01
3.900719658146558078e-01
4.276066582257254667e-01
4.651413506367951811e-01
5.026760430478648400e-01
5.402107354589344990e-01
5.777454278700041579e-01
6.152801202810738168e-01
6.499275286605227242e-01
6.845749370399716316e-01
7.192223454194205390e-01
7.538697537988694464e-01
7.885171621783184648e-01
8.231645705577673722e-01
8.578119789372162796e-01
8.924593873166651870e-01
9.271067956961140943e-01
9.617542040755630017e-01
9.964016124550119091e-01
1.031049020834460928e+00
1.065696429213909724e+00
1.098045223529974024e+00
1.130394017846038324e+00
1.162742812162102624e+00
1.195091606478166923e+00
1.227440400794231223e+00
1.259789195110295523e+00
1.292137989426359823e+00
1.324486783742424123e+00
1.356835578058488423e+00
1.389184372374552723e+00
1.421533166690617023e+00
1.454039163841838400e+00
1.486545160993059556e+00
1.519051158144280933e+00
1.551557155295502310e+00
1.584063152446723688e+00
1.616569149597944843e+00
1.649075146749166221e+00
1.681581143900387598e+00
1.714087141051608754e+00
1.746593138202830131e+00
1.779099135354051509e+00
1.811605132505272886e+00
1.843777726000475514e+00
1.875950319495678142e+00
1.908122912990880549e+00
1.940295506486083177e+00
1.972468099981285805e+00
2.004640693476488433e+00
2.036813286971690840e+00
2.066841040900546655e+00
2.096868794829402471e+00
2.126896548758257843e+00
2.156924302687113659e+00
2.186952056615969475e+00
2.216979810544825291e+00
2.247007564473681107e+00
2.277035318402536923e+00
2.307063072331392295e+00
2.337090826260248111e+00
2.367118580189103927e+00
2.397146334117959743e+00
2.427174088046815559e+00
2.457201841975670931e+00
2.487229595904526747e+00
2.487229595904526747e+00
2.519578390220591046e+00
2.551927184536655346e+00
2.584275978852719646e+00
2.616624773168783946e+00
2.648973567484848246e+00
2.681322361800912546e+00
2.713671156116976846e+00
2.746019950433041146e+00
2.778368744749105446e+00
2.810717539065169746e+00
2.843066333381234045e+00
2.843066333381234045e+00
2.875415127697298345e+00
2.907763922013362645e+00
2.940112716329426945e+00
2.972461510645491245e+00
3.004810304961555545e+00
3.037159099277619845e+00
3.069507893593684145e+00
3.101856687909748445e+00
3.134205482225812744e+00
3.166554276541877044e+00
3.198903070857941344e+00
