-7.325273460161283445e-01 -7.325081645676106978e-01 -7.324174268189113102e-01 -3.262719203380343713e-01 -3.262193419945232931e-01 -3.260363070984356182e-01 -2.289975157035590014e-01 -2.289326358516604321e-01 -2.287219379100103867e-01 -9.377733873390662386e-04 -5.858642193860427120e-04 -3.115459530270473475e-04 8.337055635596650749e-01 8.337266421943407835e-01 8.337419048818639489e-01 1.528534533710748766e+00 1.528546382342878873e+00 1.528572151979690208e+00 1.549052478126795140e+00 1.549155197604191070e+00 1.549179009001842466e+00 2.272024104219207530e+00 2.272134712027625625e+00 3.552661419279304233e+00 3.577211710202037764e+00 3.577313383472561892e+00 3.577344335508716888e+00 3.865177598195328468e+00 3.865270031975335918e+00 3.865361573029863607e+00
-7.318147682136970644e-01 -7.303670697458262140e-01 -7.285538148764864053e-01 -3.404521188293894163e-01 -3.291313669804735165e-01 -3.019507234118468109e-01 -2.408459228042512112e-01 -2.293369191489596226e-01 -2.265885606683090137e-01 1.105422647122508428e-01 1.327927775978485214e-01 1.401967244506946708e-01 8.315493024047433401e-01 8.337461652681863455e-01 8.360482448913364451e-01 1.519413449044528797e+00 1.524606619424220932e+00 1.527918388328635801e+00 1.554739016170364474e+00 1.562869975901766129e+00 1.564284602044225592e+00 2.272683780961741729e+00 2.274244179734971727e+00 3.487629756902599798e+00 3.574102025730221843e+00 3.575579996494721247e+00 3.621997859260857489e+00 3.865047658919108731e+00 3.866496666062348986e+00 3.879800903524670552e+00
-7.302792523484357146e-01 -7.241218796860180440e-01 -7.176445631809257319e-01 -3.626469342003624252e-01 -3.379835556885129044e-01 -2.538092366733509242e-01 -2.332939294239361749e-01 -2.293846366970443418e-01 -2.082517554154575401e-01 1.961298731593973943e-01 2.504877616138179719e-01 2.648579232343989398e-01 8.298056507666797810e-01 8.342880243480559344e-01 8.382946139146907338e-01 1.508513691613454721e+00 1.517310907652349661e+00 1.527850247667687844e+00 1.566319966458120660e+00 1.584994130512502597e+00 1.606260092853267762e+00 2.274199471442951648e+00 2.280097586059080417e+00 3.399284290287757138e+00 3.566200104509381852e+00 3.571243912433293755e+00 3.655899502393743283e+00 3.864581161523791941e+00 3.868739217750418735e+00 3.917650452882095458e+00
-7.291539526213415279e-01 -7.139259553808138259e-01 -7.019272032637733361e-01 -3.776585271262441479e-01 -3.497832407940187904e-01 -2.579993880104260451e-01 -2.303839487619345761e-01 -2.107454530380933333e-01 1.080072889299026756e-01 2.608914443179627951e-01 3.338959378359347974e-01 3.966051091055460831e-01 8.291205059075692496e-01 8.360039494766104973e-01 8.405430199414152259e-01 1.500357086907067039e+00 1.509227809556685784e+00 1.529490338710630004e+00 1.579374581715815129e+00 1.605111818427396919e+00 1.669598403219188176e+00 2.276096405355133356e+00 2.287314391740074004e+00 3.306332993362515627e+00 3.557403959513627534e+00 3.566427740922754719e+00 3.675378655176588349e+00 3.863412836290982089e+00 3.870116037017873101e+00 3.965533771265918883e+00
-7.295848306183585485e-01 -7.000898147439303942e-01 -6.840234501083904961e-01 -3.849973129665738569e-01 -3.612269990464651026e-01 -2.559102746217916668e-01 -2.307533210028060722e-01 -1.919201139281927759e-01 2.786526080102765812e-01 3.102240864108162799e-01 3.913231504321332821e-01 5.249046829607308950e-01 8.301934816390932337e-01 8.389389987100457358e-01 8.433521807744761567e-01 1.494071647642019052e+00 1.500682690018179555e+00 1.533488802140350549e+00 1.591844934789804267e+00 1.618512799055099149e+00 1.747957748820583079e+00 2.277841481406420066e+00 2.291546007225618631e+00 3.217472849245330391e+00 3.551508031151798139e+00 3.563125141968505272e+00 3.686936764715698089e+00 3.861264667042865639e+00 3.868986866744992703e+00 4.011781364218934165e+00
-7.318480889610250451e-01 -6.830056679911352679e-01 -6.663022503561870646e-01 -3.880354365819838613e-01 -3.708849140333664307e-01 -2.503342078875911980e-01 -2.319868957726004821e-01 -1.686780074986874156e-01 3.480518871066349829e-01 3.813208790497172318e-01 4.236442752694400404e-01 6.417787919790416407e-01 8.323996384181665542e-01 8.431297394219129382e-01 8.472035418293949460e-01 1.488588725375217914e+00 1.492047113796078683e+00 1.539845196615987177e+00 1.602895221882402410e+00 1.624081260747449074e+00 1.835968710212355415e+00 2.279208923300561462e+00 2.286279731102572654e+00 3.141900155300183073e+00 3.550439785038054907e+00 3.561991391868845280e+00 3.693830837529020084e+00 3.858133454926233163e+00 3.864914824974098106e+00 4.049232973087015353e+00
-7.351444967160010169e-01 -6.631404746490124902e-01 -6.503841727636811010e-01 -3.890848418360109973e-01 -3.787648859848673499e-01 -2.430659605053118455e-01 -2.332835752142816688e-01 -1.413946741429741860e-01 3.798679811025071906e-01 4.339865205003332060e-01 4.597851538634773472e-01 7.396841360467544257e-01 8.340436018137177276e-01 8.486973674105252607e-01 8.516109438715514512e-01 1.483057657827478115e+00 1.483973492144529338e+00 1.547639415397261020e+00 1.612815162290506477e+00 1.624774751250041005e+00 1.930630971305666632e+00 2.264333100667559329e+00 2.280493911501662918e+00 3.088612608509864188e+00 3.553522176029079827e+00 3.561983716709886227e+00 3.696966354928354459e+00 3.854340385519520407e+00 3.858684381122017282e+00 4.073743169235859440e+00
-7.381194400683811496e-01 -6.410729459308308620e-01 -6.363249913707158534e-01 -3.889852667678741494e-01 -3.856546787829320255e-01 -2.350441153084571744e-01 -2.325729513602747822e-01 -1.098334256128328246e-01 4.105853709501122162e-01 4.300195438364241562e-01 5.225228574386664437e-01 8.127468882210699963e-01 8.346623864782641844e-01 8.543860026580194500e-01 8.556188984832951983e-01 1.477026650648918915e+00 1.477098838588184915e+00 1.555408650868092657e+00 1.622488618562061946e+00 1.625675826532410051e+00 2.030166494938212551e+00 2.223267467499135730e+00 2.281965759241845859e+00 3.062949444295855361e+00 3.558025882790158523e+00 3.561089063714905301e+00 3.696105599535906894e+00 3.850436318806121250e+00 3.851821327084001378e+00 4.082936943030293975e+00
-7.397149410977654771e-01 -6.220287523198140267e-01 -6.175147321041448700e-01 -3.925766082911963384e-01 -3.898127653737745724e-01 -2.277867133837331304e-01 -2.260576468046733012e-01 -7.077364323860997619e-02 4.246818171426551825e-01 4.430505594162412741e-01 5.719931787858697492e-01 8.345108404162555615e-01 8.574210360112221041e-01 8.581142242940671405e-01 8.601190732692862717e-01 1.471027243522887940e+00 1.471281979481695368e+00 1.561896168400948692e+00 1.630523947921683092e+00 1.632621503271126207e+00 2.113211938745449547e+00 2.187779067946046929e+00 2.284017088800191608e+00 3.063469608554099111e+00 3.557710938053978200e+00 3.560771190819353116e+00 3.690490555537683903e+00 3.845835574799675527e+00 3.846958800186359717e+00 4.075837940242512225e+00
-7.397650246095259785e-01 -6.044068388334039588e-01 -5.932326154614768754e-01 -4.000679938554930204e-01 -3.942696416174200080e-01 -2.185707604413359151e-01 -2.150955490973855411e-01 3.338540292761636719e-02 4.314270564256117990e-01 4.759925585351774679e-01 6.081846040917896490e-01 8.339459864752700735e-01 8.588282924498322757e-01 8.652860762563343577e-01 8.759140790106038077e-01 1.465469926780288423e+00 1.466350457045326738e+00 1.566669883701244270e+00 1.639662849630766139e+00 1.643145582474569544e+00 2.072648185214504668e+00 2.273032144584500536e+00 2.286596479482528643e+00 3.083454574938297554e+00 3.551842431905412045e+00 3.559917191832933092e+00 3.679095077085491994e+00 3.841542799320104340e+00 3.844092793510919925e+00 4.053001512640485693e+00
-7.390593568143927206e-01 -5.817046094749579455e-01 -5.688789786306470697e-01 -4.079274024052419456e-01 -4.021500253743888198e-01 -2.062239845429046092e-01 -2.013271231262883376e-01 8.065675010681551405e-02 4.538275829383037197e-01 5.053122247645649434e-01 6.292747844845072436e-01 8.335028638907514553e-01 8.593099879334498148e-01 8.696104875152905755e-01 8.742628891871936370e-01 1.460720274464630375e+00 1.461826873478427213e+00 1.570217265030054099e+00 1.650716091333303659e+00 1.653104505685244696e+00 2.002534368660816799e+00 2.289290732343975066e+00 2.392141625380534542e+00 3.115100253570415756e+00 3.545177024319083880e+00 3.555823047272435478e+00 3.660671476345435327e+00 3.838770983347334909e+00 3.841671700453919147e+00 4.016892105751309394e+00
-7.388627128379531284e-01 -5.547946183899187256e-01 -5.449166611872604538e-01 -4.156984852032372113e-01 -4.114794542551735157e-01 -1.914324174774595932e-01 -1.852062899583729605e-01 1.074611932004454068e-01 4.838850131653171238e-01 5.270677045585864251e-01 6.324338944200579293e-01 8.336223956013193437e-01 8.569388120378731433e-01 8.617134242337880501e-01 8.778364601290468139e-01 1.456729975260937504e+00 1.457630362812330826e+00 1.573470996005214895e+00 1.660543394239367476e+00 1.661156947895720437e+00 1.937012496099975722e+00 2.291545172350749393e+00 2.514040750564542570e+00 3.152061194056325011e+00 3.540069423177806041e+00 3.550431965096994436e+00 3.633790195546985569e+00 3.836852889583998394e+00 3.839369450814964058e+00 3.972297364932188213e+00
-7.400481842268226140e-01 -5.267728006157180731e-01 -5.217815906598173292e-01 -4.232728287772271614e-01 -4.211675722357854368e-01 -1.750103086159096877e-01 -1.688114969991829639e-01 1.293039897509319636e-01 5.114145422265715668e-01 5.396655619093488898e-01 6.172905135744670702e-01 8.339482455811885186e-01 8.421478679388593180e-01 8.669674383339732726e-01 8.817825365865550324e-01 1.453436488450915887e+00 1.454006908164440004e+00 1.577080238735736328e+00 1.666421300657001003e+00 1.666985365227749316e+00 1.882726414611650911e+00 2.292980210534660834e+00 2.630197585454433273e+00 3.189858769342804212e+00 3.538047201456118618e+00 3.545834829337457528e+00 3.597456371995057189e+00 3.835246101512284955e+00 3.837019489230105940e+00 3.926327255182571641e+00
-7.424086157028672028e-01 -5.017553846741157342e-01 -5.002142395619729731e-01 -4.311913830274688442e-01 -4.303217281593424426e-01 -1.597013005497766314e-01 -1.549986595569649295e-01 1.491454063106460171e-01 5.307083527563094538e-01 5.444109672080572615e-01 5.908746201573461532e-01 8.304372053454739389e-01 8.356467839722294677e-01 8.745301640106768470e-01 8.836692374933763361e-01 1.450930018432915691e+00 1.451277290633819606e+00 1.580888191706716794e+00 1.669018686452775180e+00 1.669752946271634286e+00 1.842692359317428474e+00 2.293589103563290266e+00 2.730484221681528378e+00 3.225262466103702597e+00 3.538878091029174389e+00 3.543094393774349538e+00 3.553542071184476292e+00 3.833824018898504438e+00 3.834777320838321568e+00 3.887134876647702519e+00
-7.447510634971304944e-01 -4.834396700024838345e-01 -4.825524732482529555e-01 -4.389308924065231654e-01 -4.381505646757796191e-01 -1.488574499882292790e-01 -1.463651635022640285e-01 1.650357603186382582e-01 5.410834210935029365e-01 5.447225215200808268e-01 5.663248106247941172e-01 8.250188960148606698e-01 8.355404331527964690e-01 8.812561883619346448e-01 8.840133342529411520e-01 1.449403267247896698e+00 1.449588073432477087e+00 1.583953325952436542e+00 1.669877699462080090e+00 1.670191765487398561e+00 1.818290189519797817e+00 2.293689087449852337e+00 2.801143719188706083e+00 3.254141017733233721e+00 3.511747972483086677e+00 3.540793106411813440e+00 3.542007449720706358e+00 3.832781351378697909e+00 3.833094457130567623e+00 3.861334651987804456e+00
-7.457252653034803780e-01 -4.753906615553373793e-01 -4.753241197008065688e-01 -4.425218831276523934e-01 -4.424777297560903988e-01 -1.443441001456603756e-01 -1.441926955358760754e-01 1.714427303362777433e-01 5.442578761494594186e-01 5.442891881471568771e-01 5.562792627311510252e-01 8.231955240774456728e-01 8.355813376718739249e-01 8.839254601356077989e-01 8.839473235425283626e-01 1.448949317145411309e+00 1.448967490787723911e+00 1.585144377561542139e+00 1.670031893236565645e+00 1.670061829723699542e+00 1.810101547989385162e+00 2.293665969890784861e+00 2.827106855349807102e+00 3.266658699274811006e+00 3.492877954730928991e+00 3.541714543574927987e+00 3.541799605880037838e+00 3.832360264370410441e+00 3.832498656841015983e+00 3.852415377782912209e+00
-7.430842346908201890e-01 -4.822888105085754717e-01 -4.794180022794971574e-01 -4.375656510077790551e-01 -4.274905438656201873e-01 -1.480989473991426997e-01 -1.447747578208929686e-01 1.747875455940688938e-01 5.405138493730937688e-01 5.499741461729074077e-01 5.529346938160542013e-01 8.014163053188509966e-01 8.357898812023768498e-01 8.826331940120351049e-01 9.008878981556870391e-01 1.449432865153540861e+00 1.450693488188761648e+00 1.581083124913711169e+00 1.673602551562966001e+00 1.682081257196171187e+00 1.807853197932562939e+00 2.295100993268484935e+00 2.817787571787108369e+00 3.239370164355340087e+00 3.495767905210362070e+00 3.542243565040549047e+00 3.561843243543741266e+00 3.832408308561523924e+00 3.839136223042443063e+00 3.851812266499282877e+00
-7.351024855995390572e-01 -5.008539417571572505e-01 -4.881577703080208219e-01 -4.239810128191041083e-01 -3.841214401384850929e-01 -1.597203939314752463e-01 -1.450797318055433716e-01 1.807278492525287439e-01 5.310028500370005400e-01 5.421585877484503824e-01 5.705552471237326229e-01 7.619481257451824474e-01 8.369620875037097063e-01 8.792613249798290065e-01 9.261263854551884389e-01 1.450487205287577686e+00 1.455427327853735520e+00 1.570714659670459756e+00 1.682874455019464310e+00 1.717734897192760846e+00 1.801926031831166952e+00 2.298482789566146600e+00 2.791194197992304726e+00 3.176701052538299042e+00 3.502937041770137760e+00 3.542561197486070235e+00 3.603833803165276795e+00 3.832460357761678260e+00 3.850058251109807372e+00 3.858468037506091353e+00
-7.217560781121505897e-01 -5.262259379692327821e-01 -4.942874278658726528e-01 -4.046806104940368076e-01 -3.160501452310013337e-01 -1.808448524539249536e-01 -1.433590987041394593e-01 1.826739496703467525e-01 5.216706407099647169e-01 5.336006032949462963e-01 6.003404574295916341e-01 7.198625615407400202e-01 8.400860813660535609e-01 8.751245828097028445e-01 9.455313443344037783e-01 1.451335380668748121e+00 1.462147090906172675e+00 1.557179877783668065e+00 1.695782736464124474e+00 1.775399563348986964e+00 1.794047288063655321e+00 2.300485694155854688e+00 2.751691549002095893e+00 3.103522624239468009e+00 3.510848411749669662e+00 3.540620649135144848e+00 3.645755268856821107e+00 3.833285250233569030e+00 3.847959915280644960e+00 3.886471943164194087e+00
-7.034026046361264717e-01 -5.535032048534740401e-01 -4.925357681446638214e-01 -3.834012154056740118e-01 -2.234185286784265978e-01 -2.116867054519784574e-01 -1.404068320237693568e-01 1.772530953078388372e-01 5.197304558568872634e-01 5.307878225161352104e-01 6.328434406688272507e-01 6.812829330719628596e-01 8.453471859126502341e-01 8.713760062639143156e-01 9.570877165989741808e-01 1.451339402094726561e+00 1.470136505764799484e+00 1.542652530547104606e+00 1.711044514774905823e+00 1.785510381128234236e+00 1.851903449609328955e+00 2.294104912548548203e+00 2.707404245651467534e+00 3.033528999040276730e+00 3.516169779091927516e+00 3.535227345018327139e+00 3.679362872617538915e+00 3.835204636920936494e+00 3.845991676856200137e+00 3.917398224318253241e+00
-6.810684391495660517e-01 -5.800275681817400608e-01 -4.828668668957264432e-01 -3.622632933835025493e-01 -2.486949966048206395e-01 -1.432847192535129932e-01 -5.922015931765412661e-02 1.655365174856448796e-01 5.263582147299650238e-01 5.344333355773563943e-01 6.305876827043607191e-01 6.786102606015802507e-01 8.517067610309445591e-01 8.683862458723634603e-01 9.619171769941046168e-01 1.450478876279227114e+00 1.479280080527778374e+00 1.528240582893997335e+00 1.727399741290554180e+00 1.776749363545566007e+00 1.941756805024066335e+00 2.268872276680443001e+00 2.669785862893708117e+00 2.975279025039488268e+00 3.517780397683872629e+00 3.527536043316037428e+00 3.703078465349741943e+00 3.837837380706523138e+00 3.844562365477574239e+00 3.944667352186955966e+00
-6.563763997198602818e-01 -6.056082108223131977e-01 -4.709574864797307914e-01 -3.403887616099884883e-01 -2.846961552513613269e-01 -1.450147965194265587e-01 1.491130333924331475e-01 1.771443775022787104e-01 5.357324880244569432e-01 5.401838952574484765e-01 6.036954599109961572e-01 6.993784301736556408e-01 8.576852885034881302e-01 8.656728382006249056e-01 9.627448075660999249e-01 1.449389675057363158e+00 1.489725153180883277e+00 1.514434684330922432e+00 1.743051330742461325e+00 1.767361154542144375e+00 2.036413735789977864e+00 2.217576555519136683e+00 2.647760414280059926e+00 2.935923735093491693e+00 3.517170529757021935e+00 3.520612138405217806e+00 3.717110458591815991e+00 3.840398163368977880e+00 3.843492965335030487e+00 3.963076397952578045e+00
-6.310061273536776705e-01 -6.309300696632152983e-01 -4.654721163354949565e-01 -3.153298694673901670e-01 -3.152846738770064827e-01 -1.471578360605581837e-01 1.451444347869455809e-01 2.102384683823244893e-01 5.414112820307478424e-01 5.414413755131061157e-01 5.921361551770598641e-01 7.075588998863664436e-01 8.623266832341595078e-01 8.623573755181698219e-01 9.625657010925351420e-01 1.448901279449914759e+00 1.501493863548928553e+00 1.501514531133571584e+00 1.756423646316241927e+00 1.756445171228304902e+00 2.105881625245692668e+00 2.162877004672132397e+00 2.641258451343049707e+00 2.921837941030735131e+00 3.517177447821092429e+00 3.517259669262470911e+00 3.721755569252717333e+00 3.842204663537392317e+00 3.842341997991158387e+00 3.969544386153630811e+00
-6.483104619562054527e-01 -6.123134623182638903e-01 -4.697722576958798801e-01 -3.312245396078790094e-01 -2.953039890267623035e-01 -1.489073926109382440e-01 1.449738920118415486e-01 1.954281744252450437e-01 5.370755056569400665e-01 5.394179242437587840e-01 6.056924821550988547e-01 7.037254801877977917e-01 8.590610435709499226e-01 8.639444212089689712e-01 9.636185055293724488e-01 1.449371534207220868e+00 1.493195430660302359e+00 1.511209810853967772e+00 1.751804593825565304e+00 1.763985566929359372e+00 2.064286829083314956e+00 2.197563825044249075e+00 2.638737628685973835e+00 2.925217874855221112e+00 3.514110562686298511e+00 3.516991347611906793e+00 3.724466214453060253e+00 3.834599976585173930e+00 3.843331455826038745e+00 3.976453087464657532e+00
-6.627738024742542144e-01 -5.936606749681276884e-01 -4.811942492749533007e-01 -3.395167386380847363e-01 -2.741962565337879854e-01 -1.550835574673385397e-01 1.425750183608265886e-01 1.539593043284820106e-01 5.291946016001964903e-01 5.397223803393357278e-01 6.301393284226769476e-01 6.944984440460586494e-01 8.556237147065340887e-01 8.630494505020963603e-01 9.672386065977783831e-01 1.451006921615248801e+00 1.485056665732756187e+00 1.522763777410811592e+00 1.754307830257137990e+00 1.769975858529974966e+00 2.003099660895265366e+00 2.239986058641745270e+00 2.632412320710082465e+00 2.934638340679015744e+00 3.503510239167945794e+00 3.517698937461340769e+00 3.732313567339721860e+00 3.818790208432127908e+00 3.844202976447854692e+00 3.991556703142761009e+00
-6.736281247865937294e-01 -5.748255444094836353e-01 -4.974604201844622930e-01 -3.398191674037766008e-01 -2.528912210904217250e-01 -1.665969344079224479e-01 5.628324341969841854e-02 1.482582697955645845e-01 5.219970174465052848e-01 5.462044835075453575e-01 6.437323197734374780e-01 6.893785194598860411e-01 8.524450891916859341e-01 8.611585564687057603e-01 9.722150858503272319e-01 1.453891873969374915e+00 1.477310676118410937e+00 1.534446009458203530e+00 1.763198904543221035e+00 1.774370593189483980e+00 1.945310777666367841e+00 2.271182797149559285e+00 2.625346594727737237e+00 2.946986937556404840e+00 3.489420310498608124e+00 3.518787290390170241e+00 3.742718487572351815e+00 3.801825014248331858e+00 3.844906955845208696e+00 4.006896206456224796e+00
-6.803766197238469982e-01 -5.556154779766742102e-01 -5.162789618474944442e-01 -3.349647365975113589e-01 -2.322285485224192259e-01 -1.834049543981456643e-01 -1.146384195971593550e-01 1.495397994268000130e-01 5.164774638862055234e-01 5.568210311732619822e-01 6.374561361594552888e-01 6.959518281801200246e-01 8.500218956888471178e-01 8.596162878299357102e-01 9.764206840296746348e-01 1.457956143391628157e+00 1.470246917257510999e+00 1.543496748216740100e+00 1.776247398003605094e+00 1.777168842890841871e+00 1.899611380757230350e+00 2.289513376584836557e+00 2.620274965923552912e+00 2.957380638495282543e+00 3.477702489667110708e+00 3.519700567815592152e+00 3.752468139382922452e+00 3.788070413864873309e+00 3.845374281346737089e+00 4.017663130871890864e+00
-6.826950208920413710e-01 -5.372339474237308732e-01 -5.347029794298748806e-01 -3.317869889978228293e-01 -2.173836055157557789e-01 -1.984288288830621250e-01 -1.394293921338585762e-01 1.500616113944037155e-01 5.140377730588371330e-01 5.634429669051893574e-01 6.309486548355907054e-01 7.002035893676636924e-01 8.489504916891835729e-01 8.591672435919397444e-01 9.780600786131019575e-01 1.461803029236099061e+00 1.465389914002287242e+00 1.546956600875897481e+00 1.777956026909555787e+00 1.784494978925897035e+00 1.880005142340521740e+00 2.295472683255329382e+00 2.618495767997725210e+00 2.961435504452667899e+00 3.473173826128153951e+00 3.520051086669074625e+00 3.757314193024164695e+00 3.781888626778532547e+00 3.845539181784369820e+00 4.021491422651117809e+00
-6.654817012383138497e-01 -5.519773565404672011e-01 -5.482879749575979567e-01 -3.083070820588146854e-01 -2.307932821189256356e-01 -2.185473365129749768e-01 1.285621043218486970e-01 1.445549943419432992e-01 4.981272987604383196e-01 5.744113146599837405e-01 6.065137622584297894e-01 7.420342131565874633e-01 8.512156309436443857e-01 8.562661840690831694e-01 9.826999158517507604e-01 1.466029824045602448e+00 1.468606199247211919e+00 1.542191963213349615e+00 1.769955434035733077e+00 1.834699198767825834e+00 1.944511423340526290e+00 2.277319864298807062e+00 2.543511386023446175e+00 2.905379929584872123e+00 3.457861184312775560e+00 3.520850220395723706e+00 3.766480834169369185e+00 3.790593060261411740e+00 3.845428503755549787e+00 4.076050538605222151e+00
-6.509926756052759611e-01 -5.774836652781003554e-01 -5.602011300571144714e-01 -2.877995666333122982e-01 -2.403550228580720038e-01 -2.341642377892792504e-01 1.315253012508857400e-01 2.178540679451950179e-01 4.858065636776450757e-01 5.805469288076759993e-01 5.809982049058449727e-01 7.814458315709931213e-01 8.495815389223677627e-01 8.557709834139198835e-01 9.806224441673414560e-01 1.471420070291625581e+00 1.472595393617359250e+00 1.538545891984070435e+00 1.758311540269629658e+00 1.892193924912622727e+00 2.006980032965445915e+00 2.246829273856073339e+00 2.465182660282272842e+00 2.859192074304893527e+00 3.446858446765585615e+00 3.525039688267959104e+00 3.751890651780627639e+00 3.816821873701746082e+00 3.845152696366243905e+00 4.127429815920243605e+00
-6.391084693804057748e-01 -6.030046148370991066e-01 -5.746267049697802998e-01 -2.713924411235548173e-01 -2.475006684950394886e-01 -2.466491708407914651e-01 9.522685710970499318e-02 2.562063009344988651e-01 4.893679273424140774e-01 5.574731204130197737e-01 5.803957252104092746e-01 8.149526004123450740e-01 8.443594243407916977e-01 8.575248857943947867e-01 9.721863417549152508e-01 1.476794320313411735e+00 1.477631969909798615e+00 1.534641199376297394e+00 1.743420631517521580e+00 1.954871681316347587e+00 2.064873607331762617e+00 2.203895857503630928e+00 2.387889284010614066e+00 2.823384139326440057e+00 3.439925073320706517e+00 3.531153056840753202e+00 3.739884698206847435e+00 3.834503028123058321e+00 3.845555270554227523e+00 4.172174470204574881e+00
-6.290182662110123113e-01 -6.211550022741415544e-01 -5.926019867911462846e-01 -2.654929056575818791e-01 -2.595990373552476416e-01 -2.505613615695464480e-01 -4.335963827781313951e-02 2.592955680454893663e-01 5.021114732004381409e-01 5.425601549444555305e-01 5.731111030907829473e-01 8.366240729664781162e-01 8.418711481906203664e-01 8.595692716714298243e-01 9.588957560380345635e-01 1.481317822756671454e+00 1.483205937988773204e+00 1.529359625700475567e+00 1.727509756430238408e+00 2.020151144537031485e+00 2.114360671397072178e+00 2.149670445486189685e+00 2.316305152209096274e+00 2.799329404506430308e+00 3.436107523452907930e+00 3.536029392465367849e+00 3.732284580396960205e+00 3.841829309785938840e+00 3.848897293216654081e+00 4.207029455171293897e+00
-6.326012368100426553e-01 -6.205350499884159099e-01 -6.129545046427924415e-01 -2.891621055597340950e-01 -2.548566891246633048e-01 -2.524106918976350977e-01 -1.062209253324845892e-01 2.368714986787167909e-01 5.078695747921320169e-01 5.350982917539157668e-01 5.606960131637551692e-01 8.293285818468241199e-01 8.567671402866087194e-01 8.603072425624275210e-01 9.432823434533093021e-01 1.484379316399757842e+00 1.489015552060811265e+00 1.522855357712912694e+00 1.712831633416572075e+00 2.081245427378900281e+00 2.089609877272817773e+00 2.135982939380702827e+00 2.267093555260150772e+00 2.790581705023146508e+00 3.435007521241513206e+00 3.538258694952539418e+00 3.730372608059266515e+00 3.844557211755060155e+00 3.850175651490936435e+00 4.229694982930896963e+00
-6.421174571502636930e-01 -6.328916769379508978e-01 -6.172531177469083863e-01 -3.149949623761691408e-01 -2.535663146898794462e-01 -2.517032798020501505e-01 -1.361939693859954559e-01 1.967705205600878415e-01 4.971643131232122426e-01 5.276462315782902701e-01 5.456490499434557551e-01 8.227580682798213418e-01 8.548704531595258116e-01 8.589579085694328819e-01 9.280905506163961149e-01 1.485923995999040903e+00 1.494892319983244011e+00 1.516773433063876020e+00 1.699739284973042164e+00 2.015700555544463590e+00 2.095898037910036482e+00 2.145127426748213662e+00 2.267973420825212472e+00 2.802401190153665400e+00 3.437034900833555895e+00 3.539547449165617365e+00 3.734590232146927313e+00 3.844366046131596271e+00 3.847974666251316567e+00 4.239197943445787153e+00
-6.561270660505993391e-01 -6.500615456878308107e-01 -6.204718123941382890e-01 -3.353296464263182397e-01 -2.542101443317229537e-01 -2.467925938357513616e-01 -1.596659079920202395e-01 1.384000180438053063e-01 4.697294125039288004e-01 5.154628166838248760e-01 5.298566580779872082e-01 8.183441329424165911e-01 8.320547238195821205e-01 8.562142567418531414e-01 9.143285284492819187e-01 1.487441138734687973e+00 1.499968483332979163e+00 1.512852671697064944e+00 1.686505994756761329e+00 1.943394934593727363e+00 2.023549208694612300e+00 2.196607474159492313e+00 2.285200327583420954e+00 2.837958917611282939e+00 3.442484598032605980e+00 3.542625358023599791e+00 3.744748278338001946e+00 3.833251616235023640e+00 3.850390749494059683e+00 4.235566104439739021e+00
-6.736524115702204885e-01 -6.648625148809399477e-01 -6.293966173233823680e-01 -3.478483283695078532e-01 -2.558178671316770902e-01 -2.374905629027662668e-01 -1.814942281705050064e-01 -9.769714138272463447e-03 4.366088807025232943e-01 4.949160151145057807e-01 5.131638655798043125e-01 7.889067971826743131e-01 8.167965884057256654e-01 8.535484762225264976e-01 9.008486416452247125e-01 1.490828061130901272e+00 1.503334167094316332e+00 1.511608693167413975e+00 1.671363293391661786e+00 1.873487171840284349e+00 1.946542528967784680e+00 2.237042255866842577e+00 2.294470062902489893e+00 2.894241881166365271e+00 3.450811601943100104e+00 3.548063889380684621e+00 3.760224362226278316e+00 3.816853201856479583e+00 3.852610688514289894e+00 4.219208729329441354e+00
-6.906073174937247261e-01 -6.769160926067782080e-01 -6.415330020929871369e-01 -3.553537187365543581e-01 -2.602211533847225700e-01 -2.260632318458398460e-01 -2.002177441062768237e-01 -1.317126697714580130e-01 4.122566323058187154e-01 4.648653543833245472e-01 4.934836087663802551e-01 7.292326448397888905e-01 8.161522121299894517e-01 8.514214809149956986e-01 8.875533568563072073e-01 1.496537268965775880e+00 1.505566232338144239e+00 1.512166103352206026e+00 1.654472924772643516e+00 1.809986447417023081e+00 1.874226033994142560e+00 2.265539130510869636e+00 2.295594687995758054e+00 2.964040333821085671e+00 3.461207185456118829e+00 3.553435195764607979e+00 3.779733395953296604e+00 3.796655671965009304e+00 3.854996394803416937e+00 4.190610921208085315e+00
-7.028973684139869782e-01 -6.867482028303411035e-01 -6.546888241123824947e-01 -3.622500585068317291e-01 -2.707846118008633840e-01 -2.164693263506931309e-01 -2.109277753870372196e-01 -1.800300784894204587e-01 3.957867398408695947e-01 4.288205199669662404e-01 4.679030271965530230e-01 6.562611202537818045e-01 8.158732269200430487e-01 8.485934363100716693e-01 8.752479495428203693e-01 1.503149372952653051e+00 1.508372419489008243e+00 1.513207730476366697e+00 1.637929795430244750e+00 1.754452435150805512e+00 1.810240396923795902e+00 2.282725189259905640e+00 2.292813858832777107e+00 3.041501417710485988e+00 3.473750085043753266e+00 3.555763081184208030e+00 3.773716933459264844e+00 3.801104687303052732e+00 3.858460940982627374e+00 4.150578773284463452e+00
-7.104189919165182499e-01 -6.951522369966188775e-01 -6.682297087368774813e-01 -3.680222807009837505e-01 -2.887013266027794178e-01 -2.178372200332812092e-01 -2.117129269671973457e-01 -2.103433370858721063e-01 3.461733307454133990e-01 4.070705718851395094e-01 4.330045062355947771e-01 5.760988203774127792e-01 8.157240690633635882e-01 8.444725771616701238e-01 8.640286536667222128e-01 1.508392628206165709e+00 1.511528022232003554e+00 1.514902209298508051e+00 1.623686210649724071e+00 1.705640915776395872e+00 1.754217428599317952e+00 2.288940636717232469e+00 2.290187935394537355e+00 3.124441529961550224e+00 3.489537905775698334e+00 3.554894377881543388e+00 3.748763484721119976e+00 3.821668228705085379e+00 3.862934657878018374e+00 4.100737290778718958e+00
-7.157417921163208296e-01 -7.040181147229096492e-01 -6.822828796962473463e-01 -3.696342994168413387e-01 -3.101556582801003326e-01 -2.432727455060683386e-01 -2.129299881161844099e-01 -2.122215990721593726e-01 2.484077063679684394e-01 3.791973726342716677e-01 3.851295651307514167e-01 4.948991496416155766e-01 8.166116441716554375e-01 8.405162150301785928e-01 8.534851066994854074e-01 1.509960933873900846e+00 1.514147670958341463e+00 1.518682794950874992e+00 1.610455683052600895e+00 1.661166994082448722e+00 1.703284582097933431e+00 2.284843421951243236e+00 2.290164206035203431e+00 3.212798597746958418e+00 3.509394382384535938e+00 3.554143506782057926e+00 3.722248939286701308e+00 3.839072976426394668e+00 3.866952035359365158e+00 4.043821876865912657e+00
-7.211711999350741698e-01 -7.140591026514523376e-01 -6.974717976998223712e-01 -3.662806820362809468e-01 -3.280251685896842795e-01 -2.628352256771183670e-01 -2.179380450261119984e-01 -2.157448337187276577e-01 -2.549245136417913754e-02 3.205812222751547869e-01 3.256886267072947039e-01 4.093201615448029407e-01 8.199300150740916893e-01 8.371682678332976746e-01 8.449768819999300407e-01 1.509468423062223508e+00 1.517996664310229837e+00 1.522413014658284380e+00 1.594429504928525976e+00 1.620123484274388348e+00 1.654664815770401587e+00 2.280575780461066682e+00 2.285442107473239837e+00 3.305755316638302688e+00 3.532249462103869142e+00 3.557323848874349714e+00 3.694094499871234838e+00 3.851921598797477309e+00 3.868860259406095015e+00 3.983789318265840596e+00
-7.272030762588483910e-01 -7.233217157110121143e-01 -7.133119818755165875e-01 -3.572249595807297506e-01 -3.356580355322519860e-01 -2.787858956952215528e-01 -2.249885027591182751e-01 -2.243734401654912114e-01 -2.157110953124460329e-01 2.362373808659006813e-01 2.463771770222342172e-01 3.056333057861437830e-01 8.255285200695153813e-01 8.339241790181298741e-01 8.400576317059623710e-01 1.511844664779322889e+00 1.522016104748645349e+00 1.525116077343811938e+00 1.575039818023597382e+00 1.584626437650501041e+00 1.608593526190114531e+00 2.276445754869830917e+00 2.279105345777164615e+00 3.399756057425773914e+00 3.554526879939279294e+00 3.565050591879580288e+00 3.662628365434252853e+00 3.859982461523578046e+00 3.868232070864065175e+00 3.926620154741061519e+00
-7.319640954080091078e-01 -7.299098654441794620e-01 -7.262753322813731982e-01 -3.402825921691318145e-01 -3.314702741273777842e-01 -3.111396439706469730e-01 -2.402811005932363742e-01 -2.284621304496224359e-01 -2.254630379414059582e-01 1.283559765495758676e-01 1.407317981297817322e-01 1.716638366158686480e-01 8.308103143384755196e-01 8.328194172646014026e-01 8.367437007383038416e-01 1.519397370624797405e+00 1.526006248918356789e+00 1.527245987161108820e+00 1.557195503798067593e+00 1.559127740917126026e+00 1.569781242896802986e+00 2.273304261554921712e+00 2.273983434303948226e+00 3.488143462023785002e+00 3.571068138029010353e+00 3.573585423295484009e+00 3.622882015960693369e+00 3.864019611110249386e+00 3.866339626377389926e+00 3.882483794761115714e+00
-7.325273460161283445e-01 -7.325081645676106978e-01 -7.324174268189113102e-01 -3.262719203380343713e-01 -3.262193419945232931e-01 -3.260363070984356182e-01 -2.289975157035590014e-01 -2.289326358516604321e-01 -2.287219379100103867e-01 -9.377733873390662386e-04 -5.858642193860427120e-04 -3.115459530270473475e-04 8.337055635596650749e-01 8.337266421943407835e-01 8.337419048818639489e-01 1.528534533710748766e+00 1.528546382342878873e+00 1.528572151979690208e+00 1.549052478126795140e+00 1.549155197604191070e+00 1.549179009001842466e+00 2.272024104219207530e+00 2.272134712027625625e+00 3.552661419279304233e+00 3.577211710202037764e+00 3.577313383472561892e+00 3.577344335508716888e+00 3.865177598195328468e+00 3.865270031975335918e+00 3.865361573029863607e+00
-7.312265698128113112e-01 -7.289303542890602783e-01 -7.252838275441593208e-01 -3.424734766006290454e-01 -3.402616581405559781e-01 -3.100290159533670709e-01 -2.405442094034093703e-01 -2.262066185070730762e-01 -2.240607158053354031e-01 1.589762641755781136e-01 1.657247714138664618e-01 1.720649800490915426e-01 8.297513298618278688e-01 8.327309479124568314e-01 8.369751019347823062e-01 1.522282448904013874e+00 1.522655206423925378e+00 1.526102993185440848e+00 1.561717931562239592e+00 1.565523243133105202e+00 1.565650753730590150e+00 2.273717869229332500e+00 2.273970689120257127e+00 3.488064084528955444e+00 3.569791413194377760e+00 3.569969329707664230e+00 3.623657997505855377e+00 3.865798189695560438e+00 3.866067739464134068e+00 3.882878659972454738e+00
-7.254442120688954221e-01 -7.209251290043950933e-01 -7.095226827496080579e-01 -3.559955595786128413e-01 -3.533776832675782908e-01 -2.869547468726131867e-01 -2.198988075332248826e-01 -2.170530913082004409e-01 -2.016659713230178619e-01 2.825587791132643245e-01 2.870865119964718382e-01 2.972006772019177845e-01 8.206315718935653925e-01 8.362147470286969142e-01 8.402817841516980746e-01 1.517281740225197684e+00 1.517482787703002822e+00 1.522948431197367558e+00 1.593007275292350089e+00 1.595203746860206273e+00 1.595666542432250701e+00 2.278202624452307923e+00 2.278469401671900929e+00 3.399977741413155563e+00 3.552154838495339195e+00 3.552347665329206539e+00 3.665685080455152622e+00 3.865610632554111081e+00 3.865876678918327425e+00 3.928591062670054868e+00
-7.174470745431786867e-01 -7.117527994188895812e-01 -6.940637323103931999e-01 -3.508496761313389944e-01 -3.494309079434095855e-01 -2.672766203508015193e-01 -2.137073835506389241e-01 -2.120557706448804869e-01 7.156686506603283926e-02 3.601068945834547397e-01 3.611083725551609280e-01 4.042261685565265439e-01 8.124593499977736943e-01 8.434967319700483745e-01 8.443264236468870365e-01 1.514563876242780882e+00 1.515085172132802693e+00 1.521798645865346744e+00 1.623747434027891012e+00 1.624441166301152872e+00 1.636646485037491772e+00 2.283611868694015890e+00 2.283725301965628507e+00 3.306367831038026672e+00 3.533468943248362581e+00 3.533597080562822512e+00 3.701420271535465378e+00 3.860631563608550199e+00 3.860789633151569422e+00 3.989744247015158063e+00
-7.088222930018865942e-01 -7.040552618339173119e-01 -6.858751106667431152e-01 -3.338385839986638959e-01 -3.330931088338387469e-01 -2.274914319604936508e-01 -2.133750887068560920e-01 -2.129125193104944858e-01 2.488041961147344494e-01 3.937858419974718527e-01 3.969123467260644578e-01 4.914264667883600501e-01 8.096607364878074531e-01 8.481029324415415571e-01 8.543256058933668129e-01 1.512830927443725493e+00 1.513620960981178154e+00 1.523644048210854640e+00 1.646426429684745285e+00 1.647319085986054921e+00 1.687425069504597808e+00 2.287938688668297527e+00 2.288170914464302985e+00 3.212336919255663226e+00 3.519601524293407113e+00 3.519784833349091091e+00 3.735820946781696517e+00 3.848850341970016853e+00 3.849204236353453101e+00 4.057131894973576181e+00
-6.997723906468241717e-01 -6.976037283093008412e-01 -6.842164489269233485e-01 -3.147370235077420753e-01 -3.126693327109731912e-01 -2.183396208993040044e-01 -2.169331728309353280e-01 -1.621571359489440700e-01 3.508394909260446615e-01 3.983445993872666846e-01 4.031590505597303919e-01 5.633395593984849015e-01 8.101645847757906749e-01 8.551674804561285592e-01 8.625008478172572213e-01 1.511358175800497694e+00 1.511936994983090754e+00 1.528685425950048637e+00 1.668231424956053255e+00 1.669002552123239003e+00 1.743453288895359110e+00 2.290431248169122025e+00 2.290716691824736362e+00 3.118938890586282486e+00 3.509783796965892932e+00 3.510007146906012121e+00 3.770444127077890784e+00 3.831922214200512489e+00 3.832340816676550244e+00 4.124756446231094387e+00
-6.890373719042567346e-01 -6.888402613414221776e-01 -6.821980661540462121e-01 -3.010932856060132279e-01 -3.000024223096963150e-01 -2.214054189549004570e-01 -2.205611519161916889e-01 -5.323357170326042942e-02 4.007600571495382180e-01 4.031806314768028310e-01 4.269020820418161222e-01 6.315623553761680053e-01 8.084433199622300670e-01 8.643869451911010415e-01 8.674832939392957964e-01 1.509101752312867584e+00 1.509226482569946404e+00 1.535893482590973580e+00 1.698664367727212632e+00 1.698967060802035967e+00 1.802676208641217803e+00 2.290527490794404208e+00 2.290672753695729202e+00 3.025420644927415470e+00 3.499022812203827382e+00 3.499178322319225654e+00 3.805201931089071010e+00 3.813419988573075514e+00 3.813650001706937687e+00 4.188124615768774817e+00
-6.741553275344071006e-01 -6.737980902322238119e-01 -6.735359383528566335e-01 -2.992848472304450169e-01 -2.981928363818868166e-01 -2.213923097469822077e-01 -2.203975581811801754e-01 1.240009481284086307e-01 4.238487892894681752e-01 4.262923594375209735e-01 4.832999684814588415e-01 7.007391226864602141e-01 8.016822327811499171e-01 8.722590538418630857e-01 8.750946194460427208e-01 1.505041307442469778e+00 1.505061118138628862e+00 1.543826089993235673e+00 1.741725026208766014e+00 1.741997653029253579e+00 1.862337239707513969e+00 2.286444530900345384e+00 2.286573835009160227e+00 2.932117361863529226e+00 3.484132853737738067e+00 3.484288730826118563e+00 3.796084570685770654e+00 3.796310520729610616e+00 3.839342368776891057e+00 4.244314018813634348e+00
-6.591531914800802250e-01 -6.538789554859005815e-01 -6.510449074458760643e-01 -3.007278820151466081e-01 -2.983129894538727456e-01 -2.178064147110007620e-01 -2.152653952439119722e-01 1.785759039630479827e-01 4.656836725323647563e-01 4.706353728664656177e-01 5.264920004419987309e-01 7.634681412418103941e-01 7.914293771169397251e-01 8.811108612660262240e-01 8.865319145603530737e-01 1.499269600107151490e+00 1.499585394220139811e+00 1.551725672158735359e+00 1.794274505935359754e+00 1.794825767915725345e+00 1.920440965525970434e+00 2.275346118242714599e+00 2.275507008913371987e+00 2.841524239206049351e+00 3.467429516036287129e+00 3.467642978488313155e+00 3.780395806789909940e+00 3.780771891191956779e+00 3.871801011581719187e+00 4.292207359944355538e+00
-6.427795954984714122e-01 -6.325817250981944362e-01 -6.275055788682556424e-01 -2.947887164287156803e-01 -2.928006362872662693e-01 -2.089552757790837101e-01 -2.063067518133261113e-01 2.257278216607073174e-01 5.080801167955725228e-01 5.109222129931133560e-01 5.612848776379416593e-01 7.816170688890089480e-01 8.126886941919394536e-01 8.945934315396253389e-01 8.974344406899216198e-01 1.493216175728109496e+00 1.493736758828856370e+00 1.559189139691097736e+00 1.851186300324972223e+00 1.851640821374302748e+00 1.977207115612024557e+00 2.254734237346399439e+00 2.254836909043483217e+00 2.756896168506436151e+00 3.453729500068214886e+00 3.453906886176333124e+00 3.765649243889336084e+00 3.765917153511584292e+00 3.901306065241854082e+00 4.331946291493784074e+00
-6.291622190015575544e-01 -6.184514228340580733e-01 -6.130551986342437365e-01 -2.849297894412315957e-01 -2.842752594565612356e-01 -1.962205783878462062e-01 -1.948268832120717275e-01 2.677306642066266118e-01 5.319692184222635234e-01 5.343193163577607541e-01 5.891643766928320591e-01 7.753689183390378714e-01 8.482702610798127374e-01 9.067389553819598103e-01 9.089582923374857071e-01 1.488803825171303163e+00 1.489053315285494117e+00 1.565628002637880378e+00 1.909478364397112937e+00 1.909591766215466224e+00 2.034352578399555966e+00 2.223930650822951716e+00 2.224286741685101543e+00 2.680246632809851537e+00 3.445045429916140378e+00 3.445185599614262628e+00 3.751793269259766195e+00 3.751981077814702026e+00 3.926428906929104734e+00 4.363902188439767293e+00
-6.205556151129860698e-01 -6.152318163036857301e-01 -6.117946403598238936e-01 -2.809942301292609468e-01 -2.803135499074794756e-01 -1.823000621542775201e-01 -1.819994944935508230e-01 2.976547846258415508e-01 5.335705924430180769e-01 5.402623276170482880e-01 6.094872466866150251e-01 7.727439761345142877e-01 8.741113627823267063e-01 9.139653171257235975e-01 9.193832332101784521e-01 1.486691614449598964e+00 1.486943996404185064e+00 1.570419555515595755e+00 1.968422333881251429e+00 1.968687558375523450e+00 2.091190246810914033e+00 2.184500462272809251e+00 2.184991185451477413e+00 2.613128626951888300e+00 3.439852716362704843e+00 3.440028744230412272e+00 3.740322713269260024e+00 3.740705502980202990e+00 3.945700697197879858e+00 4.387872289804761294e+00
-6.191747582998943233e-01 -6.179549625254719958e-01 -6.155190170647786285e-01 -2.831853100625141284e-01 -2.822421360016533765e-01 -1.724788545571393494e-01 -1.715582273262230839e-01 3.126044744701290123e-01 5.273598148084641668e-01 5.333652820427158270e-01 6.216055975002373613e-01 7.719622519045743481e-01 8.924461380289302470e-01 9.188217223766420583e-01 9.231925165901523345e-01 1.486400587892406699e+00 1.486789138851309477e+00 1.573265426659820720e+00 2.027701113510447684e+00 2.027995573313150501e+00 2.138000301171337991e+00 2.138341378819950123e+00 2.138973699868214506e+00 2.561705807235020060e+00 3.436489396733534374e+00 3.436657609105377542e+00 3.733188789970089072e+00 3.733531005290997573e+00 3.957830196782544441e+00 4.402968314375626413e+00
-6.213545396577259128e-01 -6.212315178148715145e-01 -6.146277935005993731e-01 -2.846327728975809324e-01 -2.844407176822227878e-01 -1.686051911729190556e-01 -1.683340480112087978e-01 3.165075515464780276e-01 5.262305356501684184e-01 5.262718308546022739e-01 6.256118019090790572e-01 7.717973760954215390e-01 9.000089890159473915e-01 9.218323468746123517e-01 9.218399075355100392e-01 1.486770421188004176e+00 1.486789075405524851e+00 1.574191500245545994e+00 2.082181283118825998e+00 2.082239274022288367e+00 2.088364569625313916e+00 2.088458197239582148e+00 2.158992677126887472e+00 2.540966457662874323e+00 3.435177660830972979e+00 3.435318030223276420e+00 3.730910068365086651e+00 3.731068125035267524e+00 3.961967992727382981e+00 4.408152962990697254e+00
-6.227826866575799647e-01 -6.181826554830468501e-01 -6.138229528867629181e-01 -2.853230632105445697e-01 -2.814922729500325405e-01 -1.726637021178600295e-01 -1.660063702144707332e-01 3.157643176530682272e-01 5.153320819475694092e-01 5.286189466708599571e-01 6.380348713620965784e-01 7.732179763884742263e-01 8.939273097191697826e-01 9.207382036271284376e-01 9.225016244731136794e-01 1.486016524486634127e+00 1.487898268548201619e+00 1.572641832542740037e+00 2.041306600200573307e+00 2.049597877672735269e+00 2.105071247922077227e+00 2.119936618678414764e+00 2.175262937236419614e+00 2.553446155254739836e+00 3.435681864032649191e+00 3.437877877889446321e+00 3.731701989629495397e+00 3.733338931163595831e+00 3.958687428576328937e+00 4.400663331915186660e+00
-6.247468843657435489e-01 -6.127604107256027222e-01 -6.101454142403839320e-01 -2.856735061770944162e-01 -2.749595588634373144e-01 -1.827628190838380129e-01 -1.596107835501077710e-01 3.126214483282076517e-01 4.948489708759589156e-01 5.348980960636505744e-01 6.629534411242983261e-01 7.774830307211664238e-01 8.766138733071070499e-01 9.174552254954639885e-01 9.247506431559366913e-01 1.484519635122157455e+00 1.490137377856707745e+00 1.568004695778417057e+00 1.988689014986066095e+00 2.013537455888621874e+00 2.098050520419057374e+00 2.152584317103908962e+00 2.215061483193461633e+00 2.587454941580762391e+00 3.436859260139817795e+00 3.445618907821936361e+00 3.733943153334739584e+00 3.740040117496428618e+00 3.948968048974393241e+00 4.378574393018555888e+00
-6.285376189044427075e-01 -6.054960296958222798e-01 -6.022426992808245227e-01 -2.862194754012601372e-01 -2.659230046176842555e-01 -1.963460372032493351e-01 -1.481611742828615463e-01 3.046149164687199651e-01 4.784964475681784957e-01 5.436085670279401372e-01 6.854537597061881593e-01 7.845576398568696597e-01 8.504901153617887566e-01 9.120599117685118662e-01 9.296328619605581656e-01 1.482235902720542065e+00 1.492597419829601701e+00 1.560581043794170286e+00 1.934607805478536724e+00 1.977496036236287669e+00 2.079196873019156566e+00 2.182974532206779728e+00 2.264600874890999815e+00 2.635840563619042509e+00 3.438821920132617560e+00 3.457610777581320516e+00 3.737626106661693370e+00 3.750459837385456296e+00 3.933212378137778575e+00 4.343033723393238787e+00
-6.341680585332994946e-01 -5.960721798389103654e-01 -5.913120956742381473e-01 -2.874293835174162592e-01 -2.560905114281581407e-01 -2.103987859954922768e-01 -1.304469636819594047e-01 2.891431140226424223e-01 4.725249948235001329e-01 5.528535329325767744e-01 6.959869243865500765e-01 7.942529408653463685e-01 8.199054674485597438e-01 9.046890652828446511e-01 9.383252433440238960e-01 1.479368402601116017e+00 1.493439538780682918e+00 1.551725473754285378e+00 1.884534338981210588e+00 1.942025396085942601e+00 2.054097779110305222e+00 2.210585453314910076e+00 2.320449243241667681e+00 2.692172199708642744e+00 3.441608000663344491e+00 3.472468715894536651e+00 3.742668107806567335e+00 3.763505994822069489e+00 3.912233800288312580e+00 4.295981757178355842e+00
-6.414420402174599856e-01 -5.846021457300946134e-01 -5.788014544739567002e-01 -2.902145951308756633e-01 -2.465904448643660984e-01 -2.221695885132878578e-01 -1.043219122668470611e-01 2.653692771597094269e-01 4.774967558499204068e-01 5.609345711745636898e-01 6.879760150012395048e-01 7.912461796980444495e-01 8.061279729218390200e-01 8.955734124428507137e-01 9.505033920423747729e-01 1.476180575583504906e+00 1.490261096992520073e+00 1.544428333960827127e+00 1.842561029356858171e+00 1.907550686638254778e+00 2.024532058155934067e+00 2.234999322488912199e+00 2.381254384016195935e+00 2.751967230293359545e+00 3.445319039539068928e+00 3.488265978420698854e+00 3.748935951049416460e+00 3.777548904224262039e+00 3.887595885213467550e+00 4.240201171818196890e+00
-6.501808587341909584e-01 -5.717997349811422270e-01 -5.659244253269933855e-01 -2.959561438497395613e-01 -2.370629988349871597e-01 -2.291878578699464708e-01 -6.460923654186682963e-02 2.333915776923085883e-01 4.895268698628689186e-01 5.666226301557273359e-01 6.634038240787080154e-01 7.679498190738283103e-01 8.193680727164518451e-01 8.850689318354787449e-01 9.635531855933279211e-01 1.472950850733701023e+00 1.482361045868315852e+00 1.541322552438314730e+00 1.810831989815115950e+00 1.874384320076510457e+00 1.991437270261856129e+00 2.255883625534261139e+00 2.445017633656696887e+00 2.811960955874234447e+00 3.450130844903649852e+00 3.502656231966300382e+00 3.756244025931784414e+00 3.789578669706359371e+00 3.862642751599922430e+00 4.179404341641798304e+00
-6.601695631349425719e-01 -5.587079797038763118e-01 -5.537602944174707664e-01 -3.054629734114765460e-01 -2.301506306383170886e-01 -2.256872032727837984e-01 3.578367654235641016e-02 1.925806658831951401e-01 5.020142860744877256e-01 5.691605391023188965e-01 6.368607500138657729e-01 7.465548681656645202e-01 8.329638166737302063e-01 8.737016446557274163e-01 9.739112175222969237e-01 1.469938249827687171e+00 1.472862657721349722e+00 1.541834424759470412e+00 1.789757310942414081e+00 1.842741175845211687e+00 1.955651960629690267e+00 2.272997283712534955e+00 2.508796396269619589e+00 2.869106362867274829e+00 3.456269299426987018e+00 3.513270889741668235e+00 3.764362343708387293e+00 3.792128521795552043e+00 3.845515846626322620e+00 4.118388833683973793e+00
-6.711111984859280399e-01 -5.466587296208119673e-01 -5.431438329842649404e-01 -3.180036328339684859e-01 -2.255345074998297283e-01 -2.109046691552958763e-01 -4.234181517351506829e-02 1.550734002397144706e-01 5.084846584189968155e-01 5.681409733115206917e-01 6.254650840488952257e-01 7.237785850888154293e-01 8.455778180359492247e-01 8.623857989973496840e-01 9.789154122437702110e-01 1.465472306035681793e+00 1.467378665421636752e+00 1.544110896897300744e+00 1.778944125457097236e+00 1.812765896887548855e+00 1.918126001982371376e+00 2.286211497746177379e+00 2.568522265653379044e+00 2.920006086926086653e+00 3.463948773124929659e+00 3.518702102719012625e+00 3.773034949322038312e+00 3.778221403987696903e+00 3.843447244575316279e+00 4.063284903070331744e+00
-6.826112009586601248e-01 -5.372522020002911125e-01 -5.347775616282811617e-01 -3.320769285282057504e-01 -2.171604868337486394e-01 -1.943733930930710008e-01 -1.448239020873661465e-01 1.506480187448906716e-01 5.127508096432825679e-01 5.634149129788439403e-01 6.325934340931038680e-01 7.000905393348039185e-01 8.488941986585508692e-01 8.592621773797685103e-01 9.774964004657746841e-01 1.461775869372199610e+00 1.465391492536676443e+00 1.547004176267180675e+00 1.777991456774002721e+00 1.784566296129850738e+00 1.880008452056948887e+00 2.295541809359171292e+00 2.618436488551448615e+00 2.961388001065786924e+00 3.473286047604289717e+00 3.519970689258341334e+00 3.757306886641024413e+00 3.782011920048006903e+00 3.845402143923318139e+00 4.021503022287856055e+00
-6.803420948785416922e-01 -5.557546785509127618e-01 -5.161609052017728239e-01 -3.354121989056076947e-01 -2.303072695716417151e-01 -1.827297318786885727e-01 -1.183996112846856241e-01 1.501600335314248191e-01 5.136751389012329527e-01 5.595328305435420813e-01 6.378664524157633409e-01 6.958251727261645092e-01 8.496311175082023048e-01 8.600071643551376877e-01 9.759374854922716613e-01 1.457929097589792278e+00 1.470240891615261392e+00 1.543547979152382510e+00 1.776165215198387992e+00 1.777359190052337556e+00 1.899605248306066363e+00 2.289563837949349256e+00 2.620232206010361331e+00 2.957336685688321865e+00 3.477820214541698540e+00 3.519620413117280133e+00 3.752456631795220598e+00 3.788202522956185092e+00 3.845237937205265411e+00 4.017663870036584761e+00
-6.736169109891225748e-01 -5.749057875861163236e-01 -4.973716722032981430e-01 -3.402553171168139490e-01 -2.515800535096241464e-01 -1.669736592630049199e-01 5.285390272925907101e-02 1.491271781813210684e-01 5.176988679681672201e-01 5.510735690285674115e-01 6.431971964337083181e-01 6.894158816574366133e-01 8.520340340815290014e-01 8.615699805487074814e-01 9.719175352847126970e-01 1.453871919409455593e+00 1.477297253699076940e+00 1.534492357491616721e+00 1.763240855695796139e+00 1.774401520838158053e+00 1.945311430566383448e+00 2.271212935267773680e+00 2.625322449427684113e+00 2.946950590359584510e+00 3.489538155993446633e+00 3.518707242624421916e+00 3.742705784236849631e+00 3.801965240949846780e+00 3.844770480612293984e+00 4.006886731135488766e+00
-6.627511762819709995e-01 -5.937182710656065954e-01 -4.811435310644297525e-01 -3.398114077195944494e-01 -2.735888136891235778e-01 -1.553841715402508594e-01 1.408281109256379893e-01 1.555859367236636925e-01 5.245598214650956104e-01 5.449550898071742200e-01 6.295053194008444208e-01 6.945381888829712524e-01 8.554004166264004283e-01 8.632821780055274230e-01 9.671238468961850243e-01 1.450996444328752855e+00 1.485039778476232586e+00 1.522798627369219560e+00 1.754338724689271212e+00 1.769979762216318697e+00 2.003105155923090575e+00 2.239999201141449792e+00 2.632402457627191161e+00 2.934612925757519974e+00 3.503622799057072967e+00 3.517618824372523267e+00 3.732299420327484629e+00 3.818940840747363286e+00 3.844065855286304068e+00 3.991538787270521915e+00
-6.482577795948664123e-01 -6.123774215817671118e-01 -4.697527335716553676e-01 -3.313457143158243801e-01 -2.951487774929500429e-01 -1.490028725048740121e-01 1.449783547715977061e-01 1.954271447532614503e-01 5.341185336537742634e-01 5.426144793685783174e-01 6.054630302666236252e-01 7.037180081003759913e-01 8.589947590713084002e-01 8.640177939113997674e-01 9.636010723562292712e-01 1.449368602556383889e+00 1.493177619925299959e+00 1.511233657419697396e+00 1.751826608042347022e+00 1.763973007489347378e+00 2.064293632091309227e+00 2.197565658732219873e+00 2.638734693951201304e+00 2.925205571412471617e+00 3.514210838297819439e+00 3.516911036033181670e+00 3.724455841608874440e+00 3.834754290380521624e+00 3.843193880914093974e+00 3.976433924558627986e+00
-6.310061273536776705e-01 -6.309300696632152983e-01 -4.654721163354949565e-01 -3.153298694673901670e-01 -3.152846738770064827e-01 -1.471578360605581837e-01 1.451444347869455809e-01 2.102384683823244893e-01 5.414112820307478424e-01 5.414413755131061157e-01 5.921361551770598641e-01 7.075588998863664436e-01 8.623266832341595078e-01 8.623573755181698219e-01 9.625657010925351420e-01 1.448901279449914759e+00 1.501493863548928553e+00 1.501514531133571584e+00 1.756423646316241927e+00 1.756445171228304902e+00 2.105881625245692668e+00 2.162877004672132397e+00 2.641258451343049707e+00 2.921837941030735131e+00 3.517177447821092429e+00 3.517259669262470911e+00 3.721755569252717333e+00 3.842204663537392317e+00 3.842341997991158387e+00 3.969544386153630811e+00
-6.305133630507070430e-01 -6.302534616156675318e-01 -4.697162162205587022e-01 -3.139458585338060215e-01 -3.133767075940958047e-01 -1.508583546099826200e-01 1.438976830414652464e-01 2.117043317765079646e-01 5.312921016535452345e-01 5.443563574148780893e-01 6.034546636353774751e-01 7.078866747057463993e-01 8.597053169395282302e-01 8.636829836222577050e-01 9.633119895323880577e-01 1.449317939275829970e+00 1.501724073208698718e+00 1.502630875069810301e+00 1.758235864404940507e+00 1.760109833414594593e+00 2.105992917038835177e+00 2.162732821653307269e+00 2.633182414175594399e+00 2.916600368316079273e+00 3.512848116241833907e+00 3.516580927001092594e+00 3.727998232256871880e+00 3.834285841644736070e+00 3.841533655739850506e+00 3.983866581234650983e+00
-6.296553298100020513e-01 -6.285774093850124977e-01 -4.809612427302400461e-01 -3.101159444548998723e-01 -3.083322209170504813e-01 -1.607014747371362517e-01 1.375688391922241238e-01 2.183356332088366158e-01 5.129958755172286944e-01 5.521712727606662430e-01 6.258907300910114824e-01 7.100513997326149962e-01 8.524157616710119623e-01 8.673885494662920692e-01 9.650172146418515284e-01 1.450940015561431151e+00 1.502084943424452090e+00 1.505671109875332814e+00 1.764012179080043152e+00 1.771029735159262097e+00 2.106414623911535333e+00 2.162247238491985080e+00 2.609448390125607364e+00 2.900906421673790980e+00 3.501794110817754824e+00 3.514537978036623489e+00 3.743954832585040471e+00 3.817187073125680286e+00 3.839982661650712004e+00 4.019382340343637949e+00
-6.285070230633935662e-01 -6.262711951871641203e-01 -4.971143118623501111e-01 -3.053109794798165577e-01 -3.002690949238069340e-01 -1.739172637291387380e-01 1.216683486025377098e-01 2.307529374439137027e-01 4.950190108923340215e-01 5.619328576639129880e-01 6.499996576167342832e-01 7.160656507280284133e-01 8.422260997609004596e-01 8.730157060918973810e-01 9.656492880641002197e-01 1.454106102060083394e+00 1.502328953216120366e+00 1.510562857337837794e+00 1.774246652123885770e+00 1.788690534611973471e+00 2.107174977189711029e+00 2.161421451552887785e+00 2.572474217641629313e+00 2.875560265622137290e+00 3.487995415955774892e+00 3.510697023016556173e+00 3.763190373118555421e+00 3.798853859553720014e+00 3.839695714532090687e+00 4.066352055392862042e+00
-6.272148150656877696e-01 -6.237582868693880567e-01 -5.160581706695926973e-01 -3.006680499663687556e-01 -2.893399371716247614e-01 -1.879552761264899896e-01 9.307735028297679791e-02 2.463930808814553675e-01 4.798077783743077140e-01 5.695077151594772902e-01 6.720323412775019989e-01 7.285941908705929615e-01 8.307971838609014004e-01 8.799688614930892827e-01 9.634522469411881396e-01 1.458863850558483888e+00 1.502165907455521587e+00 1.517299745292745472e+00 1.789712870465066219e+00 1.812262528464694267e+00 2.108306257348616430e+00 2.160233910726511830e+00 2.525541722172112813e+00 2.841842834965527143e+00 3.474473584029324602e+00 3.504698261612165133e+00 3.777199209363939048e+00 3.782289366170107581e+00 3.845480921191516188e+00 4.119170535138176881e+00
-6.259218984500578564e-01 -6.214246920027267640e-01 -5.360297299672853732e-01 -2.965125010398265148e-01 -2.764842355909291616e-01 -2.010062378933629990e-01 3.770500954956472472e-02 2.624723656247084369e-01 4.686975835629500486e-01 5.716791590088365904e-01 6.893332188485512546e-01 7.490209462087692449e-01 8.192622005437018018e-01 8.876154130663511665e-01 9.578069805940679915e-01 1.464668740468284991e+00 1.501369707976833778e+00 1.525832033866457049e+00 1.811332525613253752e+00 1.840663202824793121e+00 2.109823316292243955e+00 2.158608537469814959e+00 2.472126871597944309e+00 2.801402187142958855e+00 3.462788570234169416e+00 3.496437625667381699e+00 3.768136799033529716e+00 3.780099393498324467e+00 3.861080609930950924e+00 4.174072900610574344e+00
-6.247358431124562239e-01 -6.195339750899000464e-01 -5.556092621658608177e-01 -2.929077675189121210e-01 -2.642015045426905351e-01 -2.109103466989322717e-01 -7.758136493706850600e-02 2.775060044612153165e-01 4.627886253090401913e-01 5.680130840991717278e-01 6.997095313686866325e-01 7.757896241378259283e-01 8.082976665433544428e-01 8.953625617941914916e-01 9.494983031696615505e-01 1.470578994723392263e+00 1.499835278708734343e+00 1.535757140795111608e+00 1.839859442313551252e+00 1.872679239523288075e+00 2.111690001674118022e+00 2.156370591896116906e+00 2.415454629713360557e+00 2.756143211060764209e+00 3.453480090231710431e+00 3.486195128079127681e+00 3.756710724160581716e+00 3.774513662422289251e+00 3.882444835741813538e+00 4.227969273727687494e+00
-6.237166995393422786e-01 -6.182043055925066088e-01 -5.736642498655750710e-01 -2.899380273412302533e-01 -2.581862857269012768e-01 -2.128771928985628281e-01 -1.136266172267372115e-01 2.907720656169828222e-01 4.629550222427095685e-01 5.602015648238943824e-01 7.014636115366241764e-01 7.972389511012594188e-01 8.065388773217784246e-01 9.026981488486754968e-01 9.404057423618423783e-01 1.475794703608179992e+00 1.497600359162689854e+00 1.546134897535312636e+00 1.875393669035141153e+00 1.907115361810432841e+00 2.113773249062034232e+00 2.153181551652519232e+00 2.358292157707271741e+00 2.708199283298318605e+00 3.446527743214591766e+00 3.474653644892675253e+00 3.747787339328978895e+00 3.765270885997037187e+00 3.904332870276876477e+00 4.278184568358035733e+00
-6.228840920741977039e-01 -6.174440072545231972e-01 -5.893067859783375217e-01 -2.877059045710104734e-01 -2.619112330611477191e-01 -2.043478890630689715e-01 -1.367930646271969808e-01 3.016031388786808431e-01 4.696670890817027377e-01 5.504912662442681404e-01 6.937990733051329073e-01 7.887230958360549327e-01 8.355289860659986800e-01 9.092057945351139647e-01 9.325640868473936695e-01 1.479958084904051674e+00 1.494853903634548065e+00 1.555778848246313961e+00 1.916927622946949183e+00 1.942936639041067615e+00 2.115775276866681764e+00 2.148436414412179918e+00 2.302915243659177769e+00 2.660053241792152523e+00 3.441644966959837237e+00 3.462821768513218323e+00 3.741110682078967908e+00 3.755065221174371359e+00 3.924034829941735580e+00 4.322430967842730176e+00
-6.222353985612703031e-01 -6.172479162279231879e-01 -6.018168460169437406e-01 -2.862316049530436723e-01 -2.698080167235396565e-01 -1.916058060017898079e-01 -1.520501391450944650e-01 3.093499922830627025e-01 4.826335179693760358e-01 5.409200924614372408e-01 6.775996817152598606e-01 7.813951765854587617e-01 8.616991503971606070e-01 9.145652835392327207e-01 9.270891906566288698e-01 1.483043825548306049e+00 1.491935033652393106e+00 1.563748491959844777e+00 1.962187848841959514e+00 1.979370105263097201e+00 2.117079370949779271e+00 2.141109597658544139e+00 2.251260459932423519e+00 2.614821641739183189e+00 3.438441976221819463e+00 3.451887098458531256e+00 3.736364565035531271e+00 3.745519684519400982e+00 3.940225981593528104e+00 4.358819711069922498e+00
-6.217647948145457182e-01 -6.178827084080714682e-01 -6.103698019985817069e-01 -2.854004776994815695e-01 -2.772879781381932252e-01 -1.798684214479498167e-01 -1.614761275794419360e-01 3.139095075968367232e-01 5.001444739156399866e-01 5.330803512035070524e-01 6.560565413849622773e-01 7.760643447976426357e-01 8.822742560177178062e-01 9.185454178038500173e-01 9.239010423929460147e-01 1.485148007160731476e+00 1.489303651057909184e+00 1.569551719984511706e+00 2.007835393408458291e+00 2.015893382794819999e+00 2.116172453673744958e+00 2.129590564276604425e+00 2.205628236817732901e+00 2.576591991870124332e+00 3.436517396157364512e+00 3.443036233282856795e+00 3.733237260890497122e+00 3.737808540417892900e+00 3.952186366246829952e+00 4.385872668545598430e+00
-6.214740481728429078e-01 -6.199401642581818805e-01 -6.139823665339545489e-01 -2.849901709974866915e-01 -2.824011842108900550e-01 -1.717756987462903950e-01 -1.664932456410028738e-01 3.159707203051292379e-01 5.177911761398384938e-01 5.280230972220351093e-01 6.352280077421936788e-01 7.728629055313578355e-01 8.954521642104807944e-01 9.209928546970969077e-01 9.223323833903540603e-01 1.486368954234055906e+00 1.487456862671060254e+00 1.573034634441243584e+00 2.049948374629510628e+00 2.051864189722893528e+00 2.108347449542689489e+00 2.111752053902518522e+00 2.171457712657000716e+00 2.550388130025548872e+00 3.435521686278296016e+00 3.437276240512332048e+00 3.731472783714178121e+00 3.732806539748233288e+00 3.959505656196864010e+00 4.402529673746887084e+00
-6.213545396577259128e-01 -6.212315178148715145e-01 -6.146277935005993731e-01 -2.846327728975809324e-01 -2.844407176822227878e-01 -1.686051911729190556e-01 -1.683340480112087978e-01 3.165075515464780276e-01 5.262305356501684184e-01 5.262718308546022739e-01 6.256118019090790572e-01 7.717973760954215390e-01 9.000089890159473915e-01 9.218323468746123517e-01 9.218399075355100392e-01 1.486770421188004176e+00 1.486789075405524851e+00 1.574191500245545994e+00 2.082181283118825998e+00 2.082239274022288367e+00 2.088364569625313916e+00 2.088458197239582148e+00 2.158992677126887472e+00 2.540966457662874323e+00 3.435177660830972979e+00 3.435318030223276420e+00 3.730910068365086651e+00 3.731068125035267524e+00 3.961967992727382981e+00 4.408152962990697254e+00
-6.232309713691976949e-01 -6.180244115008536321e-01 -6.139894449870896276e-01 -2.845795227797550120e-01 -2.826932965792280372e-01 -1.718162510567235735e-01 -1.665443021592138417e-01 3.159292041643185778e-01 5.172391975944743425e-01 5.281165164943371071e-01 6.359180042036677305e-01 7.729477919017410104e-01 8.951075594118361733e-01 9.208831630267222401e-01 9.224031960305553168e-01 1.486242525328818509e+00 1.487604731670472580e+00 1.572939280774825033e+00 2.046301690872534884e+00 2.053110862573909845e+00 2.104641024665791171e+00 2.116511482701315394e+00 2.172271723742698946e+00 2.551127371284435785e+00 3.435495088863685709e+00 3.437485780233490829e+00 3.731502066754428526e+00 3.732960316269553935e+00 3.959309173961894857e+00 4.402081322187725299e+00
-6.250948578381114729e-01 -6.130963256062536004e-01 -6.112381319648119149e-01 -2.848146384484402382e-01 -2.774344305085852391e-01 -1.802371914863577784e-01 -1.613773765276306504e-01 3.135682919404033653e-01 4.990356319553603259e-01 5.333308190332267662e-01 6.577977859724749576e-01 7.764029822765806665e-01 8.809558131216217447e-01 9.182353909323787144e-01 9.241213147244966564e-01 1.485027714195013671e+00 1.489471772427585883e+00 1.569185007048851777e+00 1.999584026642619250e+00 2.020700519128681094e+00 2.100753371920326185e+00 2.146155154610148053e+00 2.206115473287064699e+00 2.579273006971416482e+00 3.436447771145575647e+00 3.443809002558686938e+00 3.733309297028374552e+00 3.738443940147214484e+00 3.951412312792375925e+00 4.384115473228005655e+00
-6.280233199177973624e-01 -6.074669567617172472e-01 -6.045777927057580658e-01 -2.852869981929875287e-01 -2.697741500287687555e-01 -1.919962276621979824e-01 -1.522139593092162457e-01 3.076822182738151445e-01 4.826755169314173033e-01 5.408145296157527149e-01 6.795597687520097407e-01 7.821502869413644587e-01 8.590949815468744699e-01 9.138666066764533635e-01 9.277985387885123725e-01 1.483125530133773795e+00 1.491771647721423566e+00 1.563074758332177350e+00 1.950693928910065988e+00 1.988202116890421367e+00 2.085650603035281936e+00 2.174068072797812778e+00 2.249051223803148591e+00 2.620252038838886133e+00 3.438035011462083457e+00 3.453750845688247306e+00 3.736293629412666295e+00 3.747082441584342671e+00 3.938534619443317730e+00 4.355006705489858909e+00
-6.323579364486932031e-01 -6.000887209775724873e-01 -5.952829891088602388e-01 -2.862002757695590871e-01 -2.610215820671247799e-01 -2.048369959518068495e-01 -1.382565958870739242e-01 2.961597594368837738e-01 4.738537170572915680e-01 5.491866040317973097e-01 6.936708399505235878e-01 7.900945136802762780e-01 8.322669989818212155e-01 9.078527094223679539e-01 9.343942423861881785e-01 1.480680579467339220e+00 1.493314275402294111e+00 1.555313803578146414e+00 1.903824067598810732e+00 1.956046362536791872e+00 2.064734178442432899e+00 2.199843577695738794e+00 2.297478295399626447e+00 2.669034115395015228e+00 3.440275136247064047e+00 3.466404921346116552e+00 3.740403084322898586e+00 3.758156378977997036e+00 3.921175716096823916e+00 4.316021619581248636e+00
-6.380746274291047015e-01 -5.907049638440257100e-01 -5.845148333854456313e-01 -2.880409793618020076e-01 -2.522941455026281310e-01 -2.166687712698405210e-01 -1.182534172567068775e-01 2.779053842431235544e-01 4.743229726792114187e-01 5.571138974578617731e-01 6.943780912915059611e-01 7.999729486809240564e-01 8.048348648493398594e-01 9.003296556678301865e-01 9.442027022132261083e-01 1.477880071343631307e+00 1.492403491399211690e+00 1.547681791230365755e+00 1.862379718341880208e+00 1.924572512542662039e+00 2.039787668427079037e+00 2.223154673216135802e+00 2.350386990562481682e+00 2.721886467684523581e+00 3.443223617124768321e+00 3.480499252690876233e+00 3.745555594832229218e+00 3.770645677523317918e+00 3.900229255344295431e+00 4.268967005189201913e+00
-6.450848482596132083e-01 -5.797927431631523243e-01 -5.730574701269400828e-01 -2.916913765670177683e-01 -2.439368645489516652e-01 -2.255543502570677983e-01 -8.983209824851286218e-02 2.530893324051322613e-01 4.824555343050211942e-01 5.635362582504997997e-01 6.792693750140869069e-01 7.812169670490701767e-01 8.113324353174045100e-01 8.915106342478118506e-01 9.560258913517764023e-01 1.474930228134275767e+00 1.487562330184158954e+00 1.542633443514468627e+00 1.828594263650582308e+00 1.894044001563039092e+00 2.011641505892800108e+00 2.243731206652880950e+00 2.406602321679362166e+00 2.776143894084623476e+00 3.446984833846814755e+00 3.494437831514765502e+00 3.751634120859608235e+00 3.782981019739366513e+00 3.877362063861923946e+00 4.216231831568403976e+00
-6.532651246555576385e-01 -5.680367485880575273e-01 -5.617088844254670699e-01 -2.981179137370668086e-01 -2.353315377991770097e-01 -2.298056746579497656e-01 -4.556703893992020138e-02 2.216558270283550680e-01 4.943966312954850006e-01 5.677293336601937357e-01 6.542123410661477845e-01 7.613969607527736327e-01 8.234903771748001144e-01 8.817049288039567889e-01 9.674168152088753470e-01 1.472034591062275410e+00 1.479537316463906294e+00 1.541145551655976886e+00 1.803391258691527721e+00 1.864654139134929833e+00 1.980910518574114931e+00 2.261359410505321410e+00 2.464365818755255511e+00 2.829592725125145591e+00 3.451707955317915744e+00 3.506437016749814450e+00 3.758487781888653512e+00 3.791964650214807886e+00 3.856157728063604129e+00 4.160857107199416483e+00
-6.624362373752751276e-01 -5.563037121814534691e-01 -5.511742364634566460e-01 -3.075204812061387849e-01 -2.298219214222803064e-01 -2.242246753757099476e-01 4.555053236721535309e-02 1.835042110198456811e-01 5.048961363744570718e-01 5.692531371918964078e-01 6.319514948661074660e-01 7.420668472969196294e-01 8.356534700635539492e-01 8.713514785738524226e-01 9.758417460919591724e-01 1.469355999902709486e+00 1.471230683748917967e+00 1.542144551562334209e+00 1.786763170269398904e+00 1.836538776326517297e+00 1.948224420183666261e+00 2.275889513070918024e+00 2.521276382823798290e+00 2.879947925514437124e+00 3.457562302424035838e+00 3.514883132332854210e+00 3.765939886511294965e+00 3.790596067626846200e+00 3.844120518376584528e+00 4.106653622683829497e+00
-6.723504620443515600e-01 -5.456301339530513772e-01 -5.420095842694034882e-01 -3.191147079199684877e-01 -2.249547679211095774e-01 -2.112491186594914194e-01 -4.918793610849798992e-02 1.528763326114518373e-01 5.099757090398993054e-01 5.678643169328997375e-01 6.240787512627680167e-01 7.214056734994048758e-01 8.467530085629239034e-01 8.612554540040423534e-01 9.796011620668328979e-01 1.464961467354857660e+00 1.467168800664910622e+00 1.544330318577668892e+00 1.778375389603081835e+00 1.809793936195571495e+00 1.914302605358510379e+00 2.287250989297835435e+00 2.574125711130984762e+00 2.924666070329765777e+00 3.464694168013065401e+00 3.519064665810117454e+00 3.773801647003536264e+00 3.776268032001206088e+00 3.843829420973674971e+00 4.058359500556223409e+00
-6.826950208920413710e-01 -5.372339474237308732e-01 -5.347029794298748806e-01 -3.317869889978228293e-01 -2.173836055157557789e-01 -1.984288288830621250e-01 -1.394293921338585762e-01 1.500616113944037155e-01 5.140377730588371330e-01 5.634429669051893574e-01 6.309486548355907054e-01 7.002035893676636924e-01 8.489504916891835729e-01 8.591672435919397444e-01 9.780600786131019575e-01 1.461803029236099061e+00 1.465389914002287242e+00 1.546956600875897481e+00 1.777956026909555787e+00 1.784494978925897035e+00 1.880005142340521740e+00 2.295472683255329382e+00 2.618495767997725210e+00 2.961435504452667899e+00 3.473173826128153951e+00 3.520051086669074625e+00 3.757314193024164695e+00 3.781888626778532547e+00 3.845539181784369820e+00 4.021491422651117809e+00
-6.826112009586601248e-01 -5.372522020002911125e-01 -5.347775616282811617e-01 -3.320769285282057504e-01 -2.171604868337486394e-01 -1.943733930930710008e-01 -1.448239020873661465e-01 1.506480187448906716e-01 5.127508096432825679e-01 5.634149129788439403e-01 6.325934340931038680e-01 7.000905393348039185e-01 8.488941986585508692e-01 8.592621773797685103e-01 9.774964004657746841e-01 1.461775869372199610e+00 1.465391492536676443e+00 1.547004176267180675e+00 1.777991456774002721e+00 1.784566296129850738e+00 1.880008452056948887e+00 2.295541809359171292e+00 2.618436488551448615e+00 2.961388001065786924e+00 3.473286047604289717e+00 3.519970689258341334e+00 3.757306886641024413e+00 3.782011920048006903e+00 3.845402143923318139e+00 4.021503022287856055e+00
-6.990186862730782824e-01 -5.282886889817769438e-01 -5.254020732530186866e-01 -3.552504418106641748e-01 -2.357279438936856208e-01 -2.014639505359053229e-01 -1.709260252621149501e-01 1.577916096351384412e-01 5.201419152100128507e-01 5.530807376987606494e-01 6.315285487307922274e-01 6.868882451583779858e-01 8.450363731085768215e-01 8.628467380297346612e-01 9.682678505665144320e-01 1.458987960969761133e+00 1.462892778707389763e+00 1.552715525797116358e+00 1.747404711016320666e+00 1.783214657408639381e+00 1.824716010828731916e+00 2.302712342698878256e+00 2.678444381653050765e+00 3.018447344861273418e+00 3.489413232512218244e+00 3.520365675064775601e+00 3.722777429599417154e+00 3.795277806010139532e+00 3.845593446243653624e+00 3.973059789732569680e+00
-7.146764537487355629e-01 -5.232108479619611563e-01 -5.124265296355832167e-01 -3.797207670162765503e-01 -3.021529820360945862e-01 -1.840523384865384027e-01 -1.520594667390660903e-01 1.675972142068870574e-01 5.238917058899714707e-01 5.451248572904972001e-01 5.983043107985610565e-01 7.117744324142304402e-01 8.405328722413402120e-01 8.675611494486236142e-01 9.548853549944177344e-01 1.456608900689606800e+00 1.460142739668103928e+00 1.559686377649977418e+00 1.717933127770525426e+00 1.772860437408541934e+00 1.790604969697586313e+00 2.303728902947244084e+00 2.729700301145865371e+00 3.079981586296229423e+00 3.505938595883899556e+00 3.518651605114522241e+00 3.684024893300340331e+00 3.807378090001314330e+00 3.846393462023274701e+00 3.927427820687765081e+00
-7.279761845239206552e-01 -5.136332810339432342e-01 -4.988735715292950124e-01 -4.035575490128830989e-01 -3.579047852791004125e-01 -1.671633533060812582e-01 -1.434810338165681820e-01 1.755921111668598544e-01 5.301854388906569460e-01 5.413009374014170483e-01 5.694531424201757508e-01 7.439038594562800144e-01 8.370564284639038233e-01 8.730518311520301111e-01 9.378280281512615391e-01 1.454220494640656280e+00 1.456756840149153742e+00 1.567471802452708118e+00 1.696089226658937132e+00 1.731893822832968777e+00 1.796082646372601621e+00 2.301219504856549136e+00 2.771015079912875656e+00 3.142513968419050840e+00 3.512866404883640215e+00 3.520760717615005309e+00 3.641385515991784505e+00 3.817694940070075926e+00 3.848003791047154731e+00 3.887847399775468116e+00
-7.378269728801726268e-01 -4.980398772862428824e-01 -4.868433626191125962e-01 -4.238409758731045973e-01 -4.027858035245435175e-01 -1.541310425415946261e-01 -1.427378596563941837e-01 1.773551865039033615e-01 5.404247981930538902e-01 5.415355685838159072e-01 5.531508564781492110e-01 7.770031932018414134e-01 8.355151435604863952e-01 8.784267741293105836e-01 9.177194194877184019e-01 1.451779413692980691e+00 1.453069438326013207e+00 1.575424616035422387e+00 1.681296400614860742e+00 1.699545665869061306e+00 1.802686736377659305e+00 2.297615542590914384e+00 2.801633497968264219e+00 3.201202738084298005e+00 3.504053164025685341e+00 3.532222556758120469e+00 3.596993018185826063e+00 3.825647345857130066e+00 3.849928714626046578e+00 3.857670674127724908e+00
-7.437598286979282269e-01 -4.822042729041098319e-01 -4.784226010763172887e-01 -4.375883100001846104e-01 -4.322435263843540376e-01 -1.467931718772507999e-01 -1.436907156848995226e-01 1.739305024734059124e-01 5.432387941228327133e-01 5.453765762757540880e-01 5.522737847379636245e-01 8.074560543224015285e-01 8.354024443887857476e-01 8.824409316379080437e-01 8.963674864301940381e-01 1.449758212423512882e+00 1.450109591347723104e+00 1.582220290372258642e+00 1.672810693064616938e+00 1.677947314588799754e+00 1.808024203770106419e+00 2.294740080798738369e+00 2.820638866737998462e+00 3.247620816003928823e+00 3.496036863746886159e+00 3.539359236818652388e+00 3.558454246906636698e+00 3.830698186405431915e+00 3.838703619030379599e+00 3.851809454770205754e+00
-7.457252653034803780e-01 -4.753906615553373793e-01 -4.753241197008065688e-01 -4.425218831276523934e-01 -4.424777297560903988e-01 -1.443441001456603756e-01 -1.441926955358760754e-01 1.714427303362777433e-01 5.442578761494594186e-01 5.442891881471568771e-01 5.562792627311510252e-01 8.231955240774456728e-01 8.355813376718739249e-01 8.839254601356077989e-01 8.839473235425283626e-01 1.448949317145411309e+00 1.448967490787723911e+00 1.585144377561542139e+00 1.670031893236565645e+00 1.670061829723699542e+00 1.810101547989385162e+00 2.293665969890784861e+00 2.827106855349807102e+00 3.266658699274811006e+00 3.492877954730928991e+00 3.541714543574927987e+00 3.541799605880037838e+00 3.832360264370410441e+00 3.832498656841015983e+00 3.852415377782912209e+00
