-8.180736420455363422e-01
-7.914494478332634309e-01
-7.648252536209905195e-01
-7.382010594087176081e-01
-7.115768651964446967e-01
-6.849526709841718963e-01
-6.583284767718989849e-01
-6.317042825596260736e-01
-6.050800883473531622e-01
-5.784558941350802508e-01
-5.518316999228073394e-01
-5.252075057105345390e-01
-4.985833114982615721e-01
-4.719591172859886608e-01
-4.453349230737158049e-01
-4.187107288614429490e-01
-3.920865346491700376e-01
-3.654623404368971262e-01
-3.388381462246242704e-01
-3.122139520123513590e-01
-2.855897578000784476e-01
-2.589655635878055362e-01
-2.323413693755326526e-01
-2.057171751632597412e-01
-1.790929809509868575e-01
-1.524687867387139462e-01
-1.258445925264410348e-01
-9.922039831416824829e-02
-7.259620410189533690e-02
-4.597200988962243939e-02
-1.934781567734953495e-02
7.276378534923369501e-03
3.390057274719627395e-02
6.052476695946917840e-02
8.714896117174207590e-02
1.137731553840149873e-01
1.403973495962877738e-01
1.670215438085606852e-01
1.936457380208335965e-01
2.202699322331064802e-01
2.468941264453793916e-01
2.735183206576523030e-01
3.001425148699252143e-01
3.267667090821981257e-01
3.533909032944709816e-01
3.800150975067438930e-01
4.066392917190168044e-01
4.332634859312897158e-01
4.598876801435626271e-01
4.865118743558355385e-01
5.131360685681084499e-01
5.397602627803813613e-01
5.663844569926542727e-01
5.930086512049271841e-01
6.196328454171998734e-01
6.462570396294727848e-01
6.728812338417455852e-01
6.995054280540184966e-01
7.261296222662914079e-01
7.527538164785643193e-01
7.793780106908372307e-01
8.060022049031101421e-01
8.326263991153830535e-01
8.592505933276559649e-01
8.858747875399288763e-01
9.124989817522017876e-01
9.391231759644746990e-01
9.657473701767477214e-01
9.923715643890204108e-01
1.018995758601293433e+00
1.045619952813566123e+00
1.072244147025839256e+00
1.098868341238111945e+00
1.125492535450385079e+00
1.152116729662657768e+00
1.178740923874930902e+00
1.205365118087203591e+00
1.231989312299476724e+00
1.258613506511749414e+00
1.285237700724022547e+00
1.311861894936295236e+00
1.338486089148568370e+00
1.365110283360841059e+00
1.391734477573114193e+00
1.418358671785386882e+00
1.444982865997660015e+00
1.471607060209932705e+00
1.498231254422205394e+00
1.524855448634478527e+00
1.551479642846751217e+00
1.578103837059024350e+00
1.604728031271297040e+00
1.631352225483569951e+00
1.657976419695842640e+00
1.684600613908115774e+00
1.711224808120388463e+00
1.737849002332661597e+00
1.764473196544934286e+00
1.791097390757207419e+00
1.817721584969480109e+00
1.844345779181753242e+00
1.870969973394025931e+00
1.897594167606299065e+00
1.924218361818571754e+00
1.950842556030844888e+00
1.977466750243117577e+00
2.004090944455390488e+00
2.030715138667663400e+00
2.057339332879935867e+00
2.083963527092209223e+00
2.110587721304481690e+00
2.137211915516755045e+00
2.163836109729027513e+00
2.190460303941300868e+00
2.217084498153573335e+00
2.243708692365846691e+00
2.270332886578119158e+00
2.296957080790392514e+00
2.323581275002664981e+00
2.350205469214938336e+00
2.376829663427210804e+00
2.403453857639484159e+00
2.430078051851756626e+00
2.456702246064029982e+00
2.483326440276302449e+00
2.509950634488575805e+00
2.536574828700848272e+00
2.563199022913121627e+00
2.589823217125394095e+00
2.616447411337667006e+00
2.643071605549939918e+00
2.669695799762212829e+00
2.696319993974485740e+00
2.722944188186758652e+00
2.749568382399031563e+00
2.776192576611304474e+00
2.802816770823577386e+00
2.829440965035849853e+00
2.856065159248123209e+00
2.882689353460395676e+00
2.909313547672669031e+00
2.935937741884941499e+00
2.962561936097214854e+00
2.989186130309487766e+00
3.015810324521760233e+00
3.042434518734033144e+00
3.069058712946306500e+00
3.095682907158579411e+00
3.122307101370851878e+00
3.148931295583124790e+00
3.175555489795398145e+00
3.202179684007670168e+00
3.228803878219943524e+00
3.255428072432216435e+00
3.282052266644489791e+00
3.308676460856761814e+00
3.335300655069035169e+00
3.361924849281308081e+00
3.388549043493581436e+00
3.415173237705853460e+00
3.441797431918126815e+00
3.468421626130399726e+00
3.495045820342672638e+00
3.521670014554945105e+00
3.548294208767218461e+00
3.574918402979491372e+00
3.601542597191764283e+00
3.628166791404036751e+00
3.654790985616309662e+00
3.681415179828583017e+00
3.708039374040855929e+00
3.734663568253128396e+00
3.761287762465401308e+00
3.787911956677674219e+00
3.814536150889946242e+00
3.841160345102219598e+00
3.867784539314492509e+00
3.894408733526765864e+00
3.921032927739037888e+00
3.947657121951311243e+00
3.974281316163584155e+00
4.000905510375857510e+00
4.027529704588129533e+00
4.054153898800402445e+00
4.080778093012676244e+00
4.107402287224949156e+00
4.134026481437221179e+00
4.160650675649494090e+00
4.187274869861767890e+00
4.213899064074040801e+00
4.240523258286312824e+00
4.267147452498585736e+00
4.293771646710859535e+00
4.320395840923131558e+00
4.347020035135404470e+00
4.373644229347677381e+00
4.400268423559950293e+00
4.426892617772223204e+00
4.453516811984496115e+00
4.480141006196769027e+00
