0.000000000000000000e+00
3.301379133176288866e-02
6.602758266352577732e-02
9.904137399528867292e-02
1.320551653270515546e-01
1.650689566588144364e-01
1.980827479905773458e-01
2.310965393223402276e-01
2.641103306541031093e-01
2.971241219858660187e-01
3.301379133176288727e-01
3.631517046493917822e-01
3.961654959811546917e-01
4.291792873129175456e-01
4.621930786446804551e-01
4.952068699764433646e-01
5.305787892604750811e-01
5.659507085445066865e-01
6.013226278285384030e-01
6.366945471125701195e-01
6.720664663966018360e-01
7.074383856806334414e-01
7.428103049646651579e-01
7.778267185497159675e-01
8.128431321347667771e-01
8.478595457198175867e-01
8.828759593048683962e-01
9.178923728899192058e-01
9.507202606259043121e-01
9.835481483618895293e-01
1.016376036097874636e+00
1.049203923833859742e+00
1.082031811569844848e+00
1.114859699305829954e+00
1.147687587041815060e+00
1.180515474777800389e+00
1.213343362513785273e+00
1.246171250249770601e+00
1.278999137985755707e+00
1.311827025721740814e+00
1.344654913457725920e+00
1.377482801193711026e+00
1.410310688929696354e+00
1.443138576665681239e+00
1.476127940475540967e+00
1.509117304285400918e+00
1.542106668095260646e+00
1.575096031905120375e+00
1.608085395714980326e+00
1.641074759524840054e+00
1.674064123334699783e+00
1.707053487144559734e+00
1.740042850954419462e+00
1.773032214764279413e+00
1.806021578574139141e+00
1.839010942383998870e+00
1.872000306193858599e+00
1.905694865876165878e+00
1.939389425558473157e+00
1.973083985240780436e+00
2.006778544923087715e+00
2.040473104605394994e+00
2.074167664287702273e+00
2.107862223970009552e+00
2.141556783652316831e+00
2.175251343334624110e+00
2.210267756919674920e+00
2.245284170504725729e+00
2.280300584089776539e+00
2.315316997674827348e+00
2.350333411259878158e+00
2.379513755914087092e+00
2.408694100568296026e+00
2.437874445222504960e+00
2.467054789876714338e+00
2.496235134530923272e+00
2.525415479185132206e+00
2.554595823839341140e+00
2.583776168493550074e+00
2.612956513147759008e+00
2.642136857801967942e+00
2.671317202456177320e+00
2.700497547110386254e+00
2.730822650824462627e+00
2.761147754538539445e+00
2.791472858252615818e+00
2.821797961966692192e+00
2.852123065680769010e+00
2.882448169394845383e+00
2.912773273108921757e+00
2.943098376822998574e+00
2.973423480537074948e+00
3.003748584251151765e+00
3.003748584251151765e+00
3.032928928905360699e+00
3.062109273559569633e+00
3.091289618213779011e+00
3.120469962867987945e+00
3.149650307522196879e+00
3.178830652176405813e+00
