-2.880778651674611440e-05 -8.872106281304850079e-06 -5.343915064749760874e-08 9.281442937845951757e-02 1.000359290091727527e+00 1.240082952977278552e+00 1.240354384720916192e+00 1.339168721492169256e+00 1.339595310829417851e+00 1.341030838588192386e+00 1.341350185005273810e+00 1.344894212140350431e+00 1.406805855638305625e+00 1.556661065833313096e+00 1.557189529929308813e+00 1.828186413885379391e+00 1.829949109758254089e+00 1.986690031626250352e+00 1.986895241721358341e+00 2.032877162525442039e+00 2.034682946708036066e+00 2.173276637851016879e+00 2.226079648161883195e+00 2.361006010150301204e+00 2.361006112562431092e+00 2.942987654105524431e+00 2.977226356869461021e+00 3.428317390686535848e+00 3.428544081274647493e+00 3.803484344418247787e+00
-8.182913181395799762e-02 5.233354938876456919e-02 1.043927815034773887e-01 1.409164753874626030e-01 9.939620313388014550e-01 1.225618143880928379e+00 1.238836562971622701e+00 1.328853645284428620e+00 1.333215640664698665e+00 1.337023996652543234e+00 1.343398603785655565e+00 1.353885893963001852e+00 1.419142191855631285e+00 1.560197091048291407e+00 1.564541398958662510e+00 1.827770480144372822e+00 1.831727238183940676e+00 1.986458353236634222e+00 1.987015069221025998e+00 2.031571990782648829e+00 2.033620848130097691e+00 2.173001046267360792e+00 2.228263417196037821e+00 2.361109398211111099e+00 2.361787316220707478e+00 2.937072591924278608e+00 2.976833623668164286e+00 3.427246373058488338e+00 3.435850343771543525e+00 3.803668650844886923e+00
-5.541448574295664009e-02 1.057044104760864467e-01 1.570908317723689607e-01 2.211869287071693557e-01 9.759043145609285208e-01 1.189466184073945110e+00 1.230234907066607875e+00 1.311589617764672200e+00 1.322935432363466557e+00 1.333499456042720910e+00 1.346806385298503939e+00 1.365645779119863290e+00 1.443041391175075017e+00 1.570713564951801144e+00 1.582695997687856293e+00 1.827598524834206817e+00 1.835363824497374230e+00 1.985137985978990383e+00 1.986907340044447912e+00 2.028358504437768772e+00 2.031141144274744903e+00 2.172186948587473410e+00 2.234702401878711608e+00 2.361573272869489148e+00 2.363728640930157887e+00 2.920227912393999592e+00 2.975691825921645162e+00 3.428718525369743642e+00 3.452226644958144686e+00 3.804206344817812280e+00
9.712093009360348028e-02 1.611710252902849305e-01 2.153351056160397736e-01 3.036017577860524175e-01 9.487687761813360376e-01 1.143332931671702468e+00 1.206884775980094693e+00 1.296441142554530357e+00 1.311170122565432195e+00 1.333452957633206371e+00 1.351944603532520217e+00 1.380361860506473359e+00 1.465586060596850704e+00 1.586985266922431581e+00 1.604853792994369366e+00 1.827777604654636567e+00 1.839113116322930397e+00 1.982466777799626545e+00 1.983955898381765559e+00 2.023858960545063645e+00 2.030485365594956182e+00 2.170755062537953251e+00 2.245092458342687891e+00 2.362362826172623720e+00 2.366254107454242028e+00 2.894901605592488991e+00 2.973903777645472868e+00 3.431410802297425899e+00 3.476695319092106384e+00 3.805054238797892729e+00
1.631310366562563341e-01 2.174331602742257119e-01 2.776319435378857281e-01 3.902602860721574585e-01 9.152809618401124281e-01 1.094289390066123469e+00 1.169200071072331149e+00 1.285518878504362528e+00 1.297531837096831842e+00 1.335691066986555153e+00 1.358788856777982446e+00 1.399376393054179823e+00 1.483336087365777489e+00 1.606195394229666729e+00 1.625912600617065662e+00 1.827779871050463356e+00 1.841598548351685238e+00 1.974117909097551804e+00 1.980560600537214055e+00 2.018283292445729238e+00 2.034841997332521135e+00 2.168492524838042446e+00 2.258876950678770701e+00 2.363469700056624934e+00 2.368702944499769814e+00 2.864511454387801859e+00 2.971625539625018408e+00 3.434706523327569538e+00 3.506725242300220202e+00 3.806147238518006404e+00
2.125606581604454481e-01 2.705655005575067773e-01 3.432020076316408819e-01 4.805122324592318028e-01 8.777539732121842908e-01 1.046174539039237628e+00 1.122779312031226162e+00 1.276581279518685497e+00 1.281955422028179914e+00 1.338217421998804557e+00 1.366932276122548862e+00 1.422415780675715835e+00 1.496598319222429474e+00 1.624830514097380219e+00 1.642830748419797260e+00 1.825660152982451434e+00 1.843830705242174961e+00 1.960825432283377801e+00 1.976919549206219706e+00 2.012744629515965222e+00 2.043368609135103320e+00 2.165251889443359445e+00 2.275119373926288713e+00 2.364852947960872420e+00 2.370655192162740121e+00 2.832807696233154093e+00 2.969049698202978149e+00 3.438156887081516011e+00 3.539352125877132771e+00 3.807405128934048033e+00
2.517805780587193953e-01 3.204751838417568277e-01 4.088123234537259232e-01 5.708449143254675784e-01 8.382053656681378584e-01 1.001585653368760376e+00 1.071300784519912508e+00 1.262642651172741104e+00 1.270543357535940610e+00 1.340255635948646828e+00 1.375899234169314367e+00 1.447838642193557845e+00 1.506042727580302998e+00 1.640273545364712149e+00 1.653925495489629638e+00 1.819449390368967912e+00 1.848849360580572032e+00 1.944387668774939959e+00 1.972438545301780088e+00 2.008176103991616834e+00 2.054022978697801705e+00 2.161123582110757280e+00 2.292538283062446780e+00 2.366428086501279004e+00 2.372024160098040291e+00 2.803244700202538020e+00 2.966386812641754300e+00 3.441410938365613514e+00 3.571685650044223337e+00 3.808738105481057623e+00
2.822759605204734346e-01 3.689633893864094349e-01 4.711745929670960731e-01 6.559376287391294191e-01 7.989338528729027500e-01 9.630103854194029811e-01 1.016629766146896374e+00 1.242905421951584488e+00 1.264416890696617113e+00 1.341748336256027407e+00 1.385277516293711653e+00 1.473699376853290666e+00 1.511606729251096404e+00 1.651369576542914164e+00 1.658639855891168802e+00 1.811400009174513936e+00 1.857270041721111875e+00 1.925452186979364599e+00 1.966930737239036997e+00 2.005091613692088881e+00 2.064932251932422691e+00 2.156461725991855261e+00 2.309676189316493211e+00 2.368059028708146219e+00 2.372949632725859459e+00 2.778400443144750209e+00 2.963848200144370448e+00 3.444220302738098205e+00 3.601201053580539657e+00 3.810050327073394527e+00
3.047101248039768562e-01 4.167340759301207398e-01 5.263290320925085863e-01 7.288196201324911305e-01 7.641715994490627661e-01 9.338172744612016629e-01 9.600176914170043263e-01 1.222168324834180586e+00 1.259815817303507002e+00 1.342788190520792346e+00 1.394687095367710850e+00 1.498108364435893680e+00 1.512855197883202107e+00 1.657212907063743357e+00 1.658524154919693183e+00 1.806020575171050968e+00 1.867705000026918194e+00 1.904719528273819851e+00 1.960462445261066611e+00 2.003518667739708548e+00 2.074568634437965020e+00 2.151817908768773435e+00 2.325068375637372231e+00 2.369548238710494470e+00 2.373614762657361599e+00 2.759611892605443817e+00 2.961631631619892957e+00 3.446439167041108309e+00 3.625904689282334559e+00 3.811241198861403223e+00
3.197956524937716760e-01 4.633916785112102699e-01 5.649977340550985661e-01 7.423332506329487490e-01 7.818413566958117844e-01 9.028241646042348689e-01 9.191739030580429182e-01 1.202486231582217791e+00 1.256593078858670331e+00 1.343456297128581500e+00 1.403555298930195150e+00 1.509933648117887550e+00 1.519235648212856615e+00 1.652630252150371071e+00 1.661409319113546390e+00 1.806827093184294464e+00 1.875744901103256090e+00 1.885863252150600911e+00 1.953600026191113948e+00 2.003067347133927534e+00 2.081897144093618479e+00 2.147836027729613129e+00 2.337366424691266875e+00 2.370659270540562247e+00 2.374124191872236000e+00 2.747010537156806542e+00 2.959909429105323397e+00 3.448010180325050911e+00 3.644385550287307485e+00 3.812205745598374662e+00
3.283457600062909543e-01 5.075467000639548587e-01 5.713244980658317429e-01 7.512595435956695988e-01 8.062885314534813386e-01 8.475410169979179509e-01 9.209565780709217941e-01 1.187282496343913252e+00 1.254699467715649552e+00 1.343818486641048970e+00 1.410546836453309361e+00 1.505502145469208797e+00 1.534108857248996483e+00 1.647061259159816160e+00 1.662319482607675036e+00 1.814037277545852422e+00 1.861050767353479296e+00 1.889194801146220959e+00 1.947714258115606833e+00 2.003147155607514218e+00 2.086398891587816440e+00 2.145134409375418549e+00 2.345401754380645798e+00 2.371242593563927414e+00 2.374476038042081516e+00 2.739964758727948091e+00 2.958817295116874746e+00 3.448935712861572966e+00 3.655768974230633628e+00 3.812840421580313333e+00
3.310931908074438712e-01 5.420799668789682002e-01 5.510027981665466257e-01 7.779815851824470885e-01 8.047033593328530854e-01 8.148547810422048787e-01 9.253322542547047780e-01 1.181326518469022258e+00 1.254077474812347326e+00 1.343931094484713595e+00 1.413349447331031739e+00 1.503272067372255716e+00 1.539680110822568837e+00 1.644539655948741075e+00 1.662420112104557202e+00 1.820461556278717419e+00 1.850559710263216084e+00 1.892504308720803330e+00 1.945214578711865760e+00 2.003241978513918831e+00 2.087907700485579721e+00 2.144175583691538822e+00 2.348223594228743494e+00 2.371391943468116992e+00 2.374605363690331039e+00 2.737723362139299788e+00 2.958443067130434923e+00 3.449240021962684644e+00 3.659607732210936604e+00 3.813062780682144215e+00
3.396936739500510671e-01 5.413184194915380276e-01 5.526040226908668362e-01 7.744534586372187057e-01 7.919177869113849244e-01 8.182242092355043184e-01 9.398646677775994718e-01 1.180757393614741302e+00 1.243576355195372463e+00 1.347177122635778934e+00 1.421141395064728474e+00 1.501139022728429362e+00 1.538482097100653867e+00 1.642098913237820312e+00 1.665214501479785225e+00 1.821176251084102082e+00 1.849617758421435276e+00 1.891249780282885817e+00 1.944620326460397841e+00 2.005332943526524137e+00 2.086649356329125293e+00 2.143310366491579355e+00 2.348536840970948614e+00 2.371839163377076787e+00 2.374480561643715681e+00 2.736202039400299046e+00 2.958404080164501959e+00 3.454966454656950514e+00 3.655515566023166851e+00 3.813151033755414865e+00
3.643144425973922629e-01 5.400279511175685165e-01 5.585132116732920426e-01 7.604629929739912253e-01 7.701894347223413595e-01 8.239241786004635193e-01 9.712931290519951633e-01 1.178690135020404650e+00 1.217621036341039131e+00 1.356489819337778790e+00 1.438352339590071027e+00 1.494765135072112505e+00 1.536878538443913644e+00 1.635536632356203945e+00 1.672813678431259499e+00 1.821032810920421019e+00 1.846139827005584877e+00 1.890955012999177232e+00 1.943237510347571639e+00 2.011078555687865421e+00 2.082588763073420335e+00 2.140343580272080715e+00 2.350421562711244583e+00 2.372831206928971426e+00 2.374270091449997455e+00 2.731759052108181596e+00 2.958258699867134300e+00 3.470888678094874003e+00 3.644095905847863470e+00 3.813369424440239630e+00
4.013878218988467528e-01 5.422351452058535859e-01 5.671173190171808765e-01 7.315092950019446150e-01 7.598897649677620603e-01 8.236225871521669628e-01 1.006437513033845432e+00 1.174240922447319591e+00 1.185024633210041811e+00 1.370537755980635763e+00 1.454242141766781460e+00 1.484481993959687829e+00 1.539677927618381625e+00 1.626303821519271109e+00 1.683381709727404418e+00 1.818060616540174035e+00 1.838003339120638735e+00 1.897175959480485785e+00 1.942003500802782501e+00 2.019361796619369542e+00 2.075734979447502404e+00 2.134801920525311036e+00 2.355148866368545146e+00 2.373592296248892897e+00 2.374630888669222006e+00 2.724709450964998059e+00 2.957952082950042083e+00 3.493788955983783140e+00 3.627582178084873821e+00 3.813617844775049281e+00
4.456066151814130905e-01 5.480300177855320642e-01 5.731762673795428586e-01 7.053337320721363435e-01 7.538919908534533754e-01 8.127887744186775842e-01 1.038932492503144234e+00 1.152884208506633756e+00 1.166818609993365286e+00 1.387030624697810799e+00 1.461639458583757989e+00 1.471417979017285216e+00 1.550512827423732309e+00 1.614953982339831340e+00 1.694915868210240761e+00 1.814835001538146031e+00 1.826613556969209240e+00 1.908752281533309114e+00 1.940966771998481555e+00 2.029118023423283290e+00 2.067028146462143390e+00 2.127680310765687199e+00 2.362349490490470494e+00 2.373911894817627655e+00 2.375674489747972018e+00 2.715688008545031007e+00 2.957473001883607289e+00 3.519788052461862549e+00 3.608634891724810334e+00 3.813817988400122427e+00
4.921576029169055788e-01 5.496039825197335249e-01 5.669906219716417395e-01 6.894359698003313941e-01 7.569976263635206370e-01 7.928757358947314815e-01 1.061142236977991260e+00 1.132876894510241206e+00 1.154833963098751859e+00 1.403319705514457061e+00 1.457997884421599499e+00 1.460599434885490044e+00 1.567265240584581720e+00 1.601217069571320373e+00 1.704433469298953341e+00 1.814122207932614250e+00 1.818143307757284166e+00 1.921289266246043459e+00 1.938258083352930816e+00 2.039278991425884868e+00 2.057544946768321559e+00 2.121863939521747344e+00 2.370015783701601375e+00 2.374269657980643711e+00 2.376378331705188973e+00 2.706205045220125616e+00 2.956914301536054168e+00 3.545598190457775800e+00 3.589094529778793063e+00 3.813957285427839405e+00
5.363951673203267712e-01 5.405727756983871313e-01 5.406891933784292448e-01 6.859600402935298602e-01 7.707030133413848016e-01 7.711427002907456085e-01 1.064304948592377897e+00 1.138058101071232064e+00 1.138429577951904026e+00 1.412355076478243321e+00 1.453519003882515204e+00 1.453677370494529386e+00 1.584958873997153406e+00 1.585187108112602106e+00 1.707987990941906231e+00 1.817354716307553630e+00 1.817878691194914076e+00 1.931671824664368931e+00 1.931956333169005724e+00 2.047821581721299911e+00 2.048588332982967497e+00 2.120214018365139896e+00 2.374432288883532749e+00 2.374456474551747576e+00 2.377383293104769812e+00 2.699105181436360468e+00 2.956481159098900413e+00 3.568995267551503314e+00 3.569267296607368856e+00 3.814053816079690851e+00
5.074998624700596261e-01 5.152567289859047994e-01 5.838252156636992707e-01 6.804869578541324904e-01 7.607177205565484046e-01 7.884961036618339802e-01 1.065519736367626757e+00 1.121405487964826087e+00 1.157623219036569395e+00 1.405508253262028884e+00 1.446114945458743195e+00 1.468721623577504687e+00 1.568495194454259556e+00 1.598519428932254627e+00 1.706225279144627516e+00 1.815120973229693346e+00 1.823743906424153627e+00 1.922223866445879281e+00 1.940064015483470961e+00 2.040369257526272406e+00 2.055121887076461373e+00 2.121624507502880341e+00 2.371505016679322342e+00 2.374382027800280959e+00 2.378274265714110935e+00 2.701203014855577234e+00 2.956650269032891742e+00 3.549348708440151157e+00 3.586440698385513492e+00 3.814001210521623442e+00
4.673281143915767877e-01 4.848437822793973395e-01 6.260520903481432420e-01 6.557659116014885603e-01 7.708119311821313158e-01 8.009083676026879095e-01 1.072700204234436461e+00 1.105505382507482981e+00 1.179502975546077970e+00 1.393373643735514644e+00 1.437645923270894910e+00 1.492666493798710414e+00 1.550009991842488777e+00 1.605379180986943322e+00 1.703072866796464302e+00 1.812893313912727011e+00 1.836189090235876620e+00 1.910416174203768191e+00 1.948031609325502789e+00 2.032422071803437369e+00 2.060153571980137155e+00 2.125693382214313587e+00 2.364796650257372956e+00 2.373922811217933582e+00 2.378855462935885789e+00 2.707955191255834393e+00 2.957225947155345036e+00 3.529795304255255228e+00 3.598016716667248982e+00 3.813774321182236360e+00
4.224318221489877234e-01 4.493175118742506191e-01 6.147850722674471635e-01 6.671768494850579545e-01 7.885910351421411280e-01 8.077766634516495570e-01 1.087602675296938548e+00 1.095888586826382793e+00 1.200783431335650686e+00 1.381607357926273982e+00 1.428768388152378721e+00 1.518674989160049060e+00 1.530149683254689030e+00 1.603512538927201136e+00 1.701388610708083338e+00 1.811152781686282021e+00 1.853211216136177786e+00 1.897032393040348319e+00 1.955575786419849083e+00 2.025179693553792237e+00 2.062564197706030722e+00 2.131633143052595880e+00 2.354638266143017411e+00 2.373140344957004988e+00 2.378578748072985416e+00 2.719659876689291433e+00 2.958277885173536514e+00 3.511040327794815674e+00 3.602785564697415843e+00 3.813293277030821216e+00
3.746775011284885770e-01 4.104268988557094877e-01 5.659030817662666912e-01 7.025621241708724929e-01 7.749439540612467203e-01 8.395141612837151435e-01 1.096967194821303782e+00 1.109121351247982279e+00 1.220597821508224490e+00 1.371599269922241238e+00 1.419817550155685781e+00 1.507022444260083693e+00 1.545494680328380221e+00 1.593861231052455141e+00 1.700587696216740108e+00 1.810486965710767837e+00 1.872245017369715381e+00 1.883766760877907176e+00 1.962528402241140890e+00 2.019074153104982727e+00 2.062242705382729469e+00 2.138603277071272846e+00 2.341145584475199382e+00 2.372056310531374113e+00 2.377593372993392240e+00 2.736324006425529198e+00 2.959828108341800768e+00 3.493660533706659077e+00 3.600154161347632886e+00 3.812504883634692643e+00
3.252261432958016840e-01 3.693303422090222221e-01 5.119251089874137239e-01 7.011522885718594056e-01 7.725434578003805841e-01 8.825835279359377505e-01 1.108842797459371532e+00 1.135262040985606902e+00 1.238777393482120237e+00 1.363457631011057991e+00 1.411025800075973669e+00 1.483241383616239917e+00 1.567972881679018382e+00 1.579057845226734313e+00 1.697858815646146047e+00 1.811239463533692584e+00 1.867819560336334117e+00 1.895855428039656898e+00 1.968693149574534562e+00 2.014503753918315709e+00 2.059338533259761128e+00 2.145887763981390695e+00 2.324860892547162994e+00 2.370713952307245354e+00 2.376053375059192341e+00 2.757677073111570287e+00 2.961840826752644595e+00 3.478081600903225379e+00 3.590160229096171385e+00 3.811416047364404758e+00
2.745528600440385603e-01 3.267689964185987450e-01 4.546243263918563482e-01 6.471673099503834070e-01 8.055893463527377119e-01 9.311142076428702286e-01 1.128063052638334396e+00 1.164457523486701840e+00 1.255389232580208736e+00 1.356800678297073626e+00 1.402528398433719792e+00 1.458188195198167003e+00 1.560884827091383542e+00 1.585059332765392126e+00 1.690566528917933464e+00 1.813386338369676443e+00 1.855838184352736508e+00 1.917486185103886465e+00 1.973879337055246985e+00 2.011871991658520820e+00 2.054283105478939664e+00 2.152910384718775827e+00 2.306744362468976739e+00 2.369176569383970143e+00 2.374093256037026034e+00 2.783134004689146845e+00 2.964221377443993166e+00 3.464567595426545132e+00 3.573463758599467521e+00 3.810101455307639995e+00
2.223440549486198625e-01 2.831446026615114242e-01 3.952014358129855021e-01 5.751441320820092074e-01 8.442536404441880471e-01 9.832898821647469978e-01 1.151220973068776798e+00 1.195285438271363354e+00 1.270585576127349459e+00 1.351136937602449128e+00 1.394341144577190050e+00 1.432617659075037020e+00 1.540749365589703546e+00 1.594704531720132046e+00 1.677157689132288798e+00 1.816443858770921294e+00 1.846625732330247294e+00 1.938263732600899791e+00 1.977954279085265554e+00 2.011553398134372284e+00 2.047815429605563509e+00 2.159206567026630275e+00 2.288067404888214806e+00 2.367524415517447522e+00 2.371840956199577466e+00 2.811727381035306284e+00 2.966824898205205674e+00 3.453227875838773997e+00 3.551323941171174337e+00 3.808679295562527489e+00
1.672084522349600033e-01 2.385602185977416800e-01 3.347016875144218639e-01 4.942817374713121548e-01 8.825314744596042260e-01 1.037502177366527611e+00 1.175746765826895190e+00 1.226507241020487360e+00 1.284549780941645736e+00 1.346113602140628585e+00 1.386357739893725016e+00 1.407565111697571369e+00 1.518866897949087580e+00 1.596580350681939819e+00 1.657543615226952038e+00 1.819526335889201318e+00 1.840773404944457292e+00 1.956711034012247774e+00 1.980946618470840193e+00 2.013676514149633778e+00 2.041011121753564250e+00 2.164418429573547353e+00 2.270238292564203508e+00 2.365851376126563821e+00 2.369427951926238674e+00 2.842048452053239860e+00 2.969472681275540538e+00 3.444041898071879437e+00 3.525551957210124154e+00 3.807275819170079956e+00
1.049531174541800532e-01 1.929114239140635456e-01 2.741260881845200004e-01 4.084295624286946036e-01 9.185517665043806401e-01 1.091966711487478703e+00 1.199373696023973368e+00 1.256944914512115208e+00 1.297485157203873918e+00 1.341663206778880291e+00 1.378359117138717505e+00 1.384559239790515539e+00 1.495279158471332082e+00 1.591485639357635762e+00 1.633193200466237505e+00 1.821910671573513829e+00 1.837584798769457795e+00 1.971420044920461079e+00 1.983096648543708040e+00 2.017840448057509839e+00 2.035301025186934787e+00 2.168329230608075697e+00 2.254567979553686374e+00 2.364262026824257124e+00 2.367001626536311409e+00 2.872227967381130398e+00 2.971972494998038172e+00 3.436900414221714328e+00 3.498432396892837914e+00 3.806000372014178623e+00
-3.298356531552017190e-02 1.460740995448487622e-01 2.144665453975237723e-01 3.202464408019452535e-01 9.506462482302061590e-01 1.144408064248894519e+00 1.219427578325538830e+00 1.285340113644670046e+00 1.309632918168672777e+00 1.338148562696098054e+00 1.365294840138171262e+00 1.370464563272233205e+00 1.469955232484311924e+00 1.581446563509687486e+00 1.606861629142850800e+00 1.823653611606169012e+00 1.835577994366793364e+00 1.981075978377292879e+00 1.984689721326012402e+00 2.023082589374257445e+00 2.032231091473850615e+00 2.170920054381275666e+00 2.242025409499309507e+00 2.362868240175381107e+00 2.364740794703233728e+00 2.899970977340649458e+00 2.974138990808985916e+00 3.431661865748757201e+00 3.472611586702917030e+00 3.804936055980473242e+00
-8.786788419668056793e-02 9.810697678601852656e-02 1.571416182532937300e-01 2.317708204062945976e-01 9.767248688074312568e-01 1.191347245009652722e+00 1.232923479262011401e+00 1.310169459546605575e+00 1.321326543339650827e+00 1.336548990842083340e+00 1.352087030671036416e+00 1.362021249442130211e+00 1.443435093156031135e+00 1.569584837135829858e+00 1.582375935468416372e+00 1.825223076593301741e+00 1.833607804684183273e+00 1.985505041435170037e+00 1.985869056098983121e+00 2.028108887382389369e+00 2.032287150417213084e+00 2.172392728162228170e+00 2.233089890907557606e+00 2.361784090499417399e+00 2.362859177540117095e+00 2.922672764192630890e+00 2.975811264142417034e+00 3.428236964129166786e+00 3.450907596905973929e+00 3.804140431469444472e+00
-8.859914012713693277e-02 4.929106106584111441e-02 1.058470245645336122e-01 1.443088119676955161e-01 9.941604570633545412e-01 1.226554799938571749e+00 1.238894062107755989e+00 1.329316845210736675e+00 1.332939892231358225e+00 1.337591756380372976e+00 1.344586808430485281e+00 1.353128139033214605e+00 1.418812842557746423e+00 1.559931206825875050e+00 1.564392757397947031e+00 1.826887504417607611e+00 1.831464811742572696e+00 1.986563005508596325e+00 1.986678376418605563e+00 2.031638840678839042e+00 2.033845673357830730e+00 2.173082372879149737e+00 2.227815417701815459e+00 2.361122348371537782e+00 2.361571428701389586e+00 2.937705634650610076e+00 2.976866052205390023e+00 3.426794153462066728e+00 3.435843243551370385e+00 3.803649927088089022e+00
-2.880778651674611440e-05 -8.872106281304850079e-06 -5.343915064749760874e-08 9.281442937845951757e-02 1.000359290091727527e+00 1.240082952977278552e+00 1.240354384720916192e+00 1.339168721492169256e+00 1.339595310829417851e+00 1.341030838588192386e+00 1.341350185005273810e+00 1.344894212140350431e+00 1.406805855638305625e+00 1.556661065833313096e+00 1.557189529929308813e+00 1.828186413885379391e+00 1.829949109758254089e+00 1.986690031626250352e+00 1.986895241721358341e+00 2.032877162525442039e+00 2.034682946708036066e+00 2.173276637851016879e+00 2.226079648161883195e+00 2.361006010150301204e+00 2.361006112562431092e+00 2.942987654105524431e+00 2.977226356869461021e+00 3.428317390686535848e+00 3.428544081274647493e+00 3.803484344418247787e+00
4.332448659628279630e-02 4.334093915781221662e-02 9.828569436920833735e-02 1.068531488518715267e-01 1.000963060202890720e+00 1.237574627590847465e+00 1.237829441329155067e+00 1.317950407434389737e+00 1.318334994561041196e+00 1.345021163736874747e+00 1.361580236462625049e+00 1.361955718133517124e+00 1.406341334272526611e+00 1.557895837239124059e+00 1.558444384815221184e+00 1.828301279326679074e+00 1.830062571593158216e+00 1.988677253112845156e+00 1.988899518644624553e+00 2.030718756866905839e+00 2.032468582996916240e+00 2.155073199951421437e+00 2.240302864089557922e+00 2.363179350332365036e+00 2.363201568511088091e+00 2.910440697322252301e+00 3.016354003254613225e+00 3.426336336504428814e+00 3.426563542098886916e+00 3.802449731631734053e+00
8.638518275798658108e-02 8.640406752452911565e-02 1.135054997883916394e-01 2.128670801966009996e-01 1.002846388321454452e+00 1.228213754544355218e+00 1.228419824256950843e+00 1.299119555857749075e+00 1.299541528555117065e+00 1.345464987174420202e+00 1.380491397516221408e+00 1.380872405010711512e+00 1.404968755844111294e+00 1.561545404823877492e+00 1.562153416379635562e+00 1.828427516212992376e+00 1.830188439917862731e+00 1.994048693047175025e+00 1.994354013334832088e+00 2.025045751610166089e+00 2.026600852121536622e+00 2.120216894729495039e+00 2.263613493031807256e+00 2.369434315948321768e+00 2.369517094454263173e+00 2.871106901996431482e+00 3.074735159116043004e+00 3.420512466135939622e+00 3.420741202133897652e+00 3.799263070827780808e+00
1.288458018408180916e-01 1.288679896894327770e-01 1.338936488963137494e-01 3.177899474898220333e-01 1.006240429419673399e+00 1.209063045126616442e+00 1.209214711193982161e+00 1.287835358245608575e+00 1.288303808423728380e+00 1.346211536061641789e+00 1.396368072131640270e+00 1.396742312636625405e+00 1.402751207049466542e+00 1.567466405476199531e+00 1.568170206738848549e+00 1.827873860047138255e+00 1.829644404675035974e+00 1.999651885308813437e+00 2.000329758462690677e+00 2.019604948706104963e+00 2.020611509045835419e+00 2.080045273185791022e+00 2.285723868954009586e+00 2.379076217505569968e+00 2.379242788868992875e+00 2.836121768463975901e+00 3.139347475925805320e+00 3.411202997108345514e+00 3.411434237188014862e+00 3.793696337398873908e+00
1.563231237680844654e-01 1.702630050167155684e-01 1.702886091726522610e-01 4.199180431984060324e-01 1.011580018423326122e+00 1.181791371926907308e+00 1.181911153162573669e+00 1.283439718433976529e+00 1.283943281757735644e+00 1.347271121693560447e+00 1.399783689722061464e+00 1.409430191906046348e+00 1.409784790688397127e+00 1.575493615676540893e+00 1.576323423102967691e+00 1.825449396884409881e+00 1.827246238109019316e+00 1.996890077037575262e+00 1.998055088604528962e+00 2.023854400634020223e+00 2.024137439985362441e+00 2.037265702155978797e+00 2.305330284159901044e+00 2.391189777183917453e+00 2.391447248109292989e+00 2.805342058584666898e+00 3.207733160071894574e+00 3.399000285386944764e+00 3.399234951478339539e+00 3.785428852463172955e+00
1.786178078828561389e-01 2.100222204922343461e-01 2.100513979494503802e-01 5.167950300205870207e-01 1.019564747398127746e+00 1.150715977131630208e+00 1.150820319689538351e+00 1.282557800194753739e+00 1.283092412455582920e+00 1.348653457843825176e+00 1.396211145298078105e+00 1.420208628640183823e+00 1.420524840061049732e+00 1.585531582749499568e+00 1.586509293999549319e+00 1.819652704751112182e+00 1.821486909795829945e+00 1.988958588912660419e+00 1.990034626604663126e+00 1.993368619088814242e+00 2.035464510039654673e+00 2.035587478117347970e+00 2.322443506380031053e+00 2.404804017991545084e+00 2.405147282612084769e+00 2.778336801529210476e+00 3.277535895343328676e+00 3.384724161624508287e+00 3.384963244528639947e+00 3.774109775087855390e+00
1.993413341634690528e-01 2.472871250600588156e-01 2.473197531879191002e-01 6.049796784243786085e-01 1.031163848663556148e+00 1.119068610925848306e+00 1.119165469271410140e+00 1.283007616452169763e+00 1.283574188343722167e+00 1.350361927690719721e+00 1.392198025525530181e+00 1.429213542438122930e+00 1.429479782726168491e+00 1.597603510366134349e+00 1.598742541195089961e+00 1.809242981787276383e+00 1.811103955647040520e+00 1.949657618422988570e+00 1.982277950556436963e+00 1.983141976465073064e+00 2.048476959136730002e+00 2.048569878560072777e+00 2.337232228344335194e+00 2.418948053468995774e+00 2.419364802736398978e+00 2.754893075794277113e+00 3.346406189801085063e+00 3.369404112143115082e+00 3.369651962315526550e+00 3.759405163918878134e+00
2.174887860699876163e-01 2.809590100989137196e-01 2.809948775366691298e-01 6.803176305708938942e-01 1.047318073633656699e+00 1.089149073424368952e+00 1.089242896837246066e+00 1.283774662027693525e+00 1.284373204177028160e+00 1.352381618669387331e+00 1.387945759989576144e+00 1.436735633365408882e+00 1.436946892068301507e+00 1.611796294398715856e+00 1.613103465178109097e+00 1.793953863326837261e+00 1.795806309557884894e+00 1.907725330473111658e+00 1.978360142096212027e+00 1.979050042225958039e+00 2.060838573676480934e+00 2.060929078880948229e+00 2.349768482061336705e+00 2.432633689864561966e+00 2.433108532193465123e+00 2.735046839577595090e+00 3.354239026726344441e+00 3.354483290532720652e+00 3.412260846659128877e+00 3.741012557983315112e+00
2.323229291472299618e-01 3.096710053493218484e-01 3.097097726808515916e-01 7.389700262863463376e-01 1.062948559515799696e+00 1.063042297738400865e+00 1.067887814988665918e+00 1.284440010529401155e+00 1.285067637600035839e+00 1.354653626740389472e+00 1.383698546098732551e+00 1.442816005557557624e+00 1.442975243019948728e+00 1.628084474674238669e+00 1.629564325552045112e+00 1.774729007224880473e+00 1.776525721392077317e+00 1.869657607173697444e+00 1.976909936866313222e+00 1.977473989493232276e+00 2.071415991558533065e+00 2.071512933630780040e+00 2.359965454171029986e+00 2.444835097399820967e+00 2.445352387798550353e+00 2.719026345808166045e+00 3.340532983024754543e+00 3.340782636030425135e+00 3.473399185182509008e+00 3.718645382997201043e+00
2.432995492779747582e-01 3.318606975620394528e-01 3.319018312024623052e-01 7.791383738243931045e-01 1.042373189742503925e+00 1.042467748113059978e+00 1.089968921059301099e+00 1.284882401940885099e+00 1.285533196820639601e+00 1.357013911296680142e+00 1.379788666136637643e+00 1.447333916136978704e+00 1.447451291704900056e+00 1.645980796295403614e+00 1.647644797542963113e+00 1.753462989115316839e+00 1.755152362127189392e+00 1.838343120958696675e+00 1.976911790135299052e+00 1.977395476787806139e+00 2.079448903491992962e+00 2.079554247866166605e+00 2.367592284148340998e+00 2.454523025948370574e+00 2.455068495448301746e+00 2.707176567992577887e+00 3.329574165515659434e+00 3.329827520244250660e+00 3.528654310461498689e+00 3.692029477475724963e+00
2.500374007052224568e-01 3.459773761351054855e-01 3.460200909205600750e-01 8.017848595575082227e-01 1.029162176191924738e+00 1.029257912229482264e+00 1.107559474475986905e+00 1.285115396538903498e+00 1.285781061580708595e+00 1.359047457784075208e+00 1.376766347426160886e+00 1.450126085843721047e+00 1.450216720406921844e+00 1.663488305396310318e+00 1.665371124393464575e+00 1.733404689146013089e+00 1.734921038217068334e+00 1.817325375681138055e+00 1.977357829342345941e+00 1.977797595093264471e+00 2.084447437313642126e+00 2.084559319018512102e+00 2.372345596152608316e+00 2.460775342678006350e+00 2.461336653411875464e+00 2.699869453567516953e+00 3.322481398525910290e+00 3.322737113056857261e+00 3.577060473965662180e+00 3.661164376230369832e+00
2.523086747831537746e-01 3.508333657489017821e-01 3.508766408521769575e-01 8.090037518607285927e-01 1.024598434589649054e+00 1.024694671811736679e+00 1.114325586568122528e+00 1.285185761362148682e+00 1.285856544284620373e+00 1.359925553630765060e+00 1.375548424470778963e+00 1.451071168054868243e+00 1.451152665037844569e+00 1.672742410088756460e+00 1.674803324709757124e+00 1.723209608802164672e+00 1.724568225295309398e+00 1.809860899948401158e+00 1.977582142696242329e+00 1.978007984359919424e+00 2.086142022816489749e+00 2.086256338149196310e+00 2.373964511922879161e+00 2.462938671829523862e+00 2.463505063031696807e+00 2.697396629804484913e+00 3.320025164506360316e+00 3.320281697059269899e+00 3.609559868151526629e+00 3.634569172666128001e+00
2.571965138530206141e-01 3.431508894476352212e-01 3.693950283322125494e-01 7.985940063357200858e-01 1.023250233548224086e+00 1.029440348711742059e+00 1.117284597815114688e+00 1.265355752648378296e+00 1.281431568146496058e+00 1.355707047041568858e+00 1.391263019803902656e+00 1.449604681316765120e+00 1.451732512429924515e+00 1.675114737170125379e+00 1.678972021118743552e+00 1.723575444553465674e+00 1.725869912353944491e+00 1.813605143333538505e+00 1.977218008047801234e+00 1.979868354897637461e+00 2.084983301581874393e+00 2.085848149952921560e+00 2.373486381282424951e+00 2.463137704424594343e+00 2.463771565627456805e+00 2.695594594914914488e+00 3.318462936968281429e+00 3.324413362064894351e+00 3.608945818295591579e+00 3.634247357523066047e+00
2.710698520246538346e-01 3.488889762259707594e-01 3.964056015983092873e-01 7.708235608766177416e-01 1.019227721792629771e+00 1.039969271510635451e+00 1.126525569801249516e+00 1.225607496856614409e+00 1.268058345979717894e+00 1.345340449244244452e+00 1.415199529573587967e+00 1.449210548714102709e+00 1.452683588160471606e+00 1.680036782373052873e+00 1.691570219868463232e+00 1.725276732106056699e+00 1.729854561004611657e+00 1.824487282661375387e+00 1.976204523522040235e+00 1.984938179146571668e+00 2.081372106628030405e+00 2.084735258077349052e+00 2.372099991301038102e+00 2.462407052476590419e+00 2.465816433038947597e+00 2.690237977438809214e+00 3.318984124635683042e+00 3.331465407646975851e+00 3.607163208356063411e+00 3.633373463171762463e+00
2.915007797001299417e-01 3.691397012002881617e-01 4.309221660846467294e-01 7.321133926936397307e-01 1.012572863451588034e+00 1.050165542026686216e+00 1.141916707816164722e+00 1.181646484351693616e+00 1.245746194619188563e+00 1.333133984492235191e+00 1.418188135721686782e+00 1.452896956846789323e+00 1.465186140198888154e+00 1.686381058885585205e+00 1.707859914323714756e+00 1.729685217055797697e+00 1.737597612908836853e+00 1.841436980367374021e+00 1.974574541780317549e+00 1.992115074229043215e+00 2.075314510840706284e+00 2.082867999779316914e+00 2.369939523258585368e+00 2.461117035189400504e+00 2.469040910478406570e+00 2.681538393913481588e+00 3.321148176263233776e+00 3.341473401137201815e+00 3.604384284413348016e+00 3.632164265670282610e+00
3.146020111509981176e-01 4.023770925332883497e-01 4.732896427631764769e-01 6.877845428531368377e-01 1.003067135887017791e+00 1.057349769421996655e+00 1.138475577056485166e+00 1.160465926476874188e+00 1.216855449835548386e+00 1.321993881814258920e+00 1.405594318692407363e+00 1.452259184451778928e+00 1.489250871545619637e+00 1.692344800316937459e+00 1.721799239741502063e+00 1.738227912437028566e+00 1.751615386141452957e+00 1.862643010261759047e+00 1.972402773139753984e+00 2.000150816828504485e+00 2.066792848559024787e+00 2.080262810201560786e+00 2.367201374814882353e+00 2.459309606466956399e+00 2.473076626512816567e+00 2.670008794216319536e+00 3.324270484181016894e+00 3.354470695197194097e+00 3.600840352826284896e+00 3.630845069562202099e+00
3.365612852098410768e-01 4.440702370254455134e-01 5.240408457941984066e-01 6.422728195324561851e-01 9.899593645988324919e-01 1.061724682922620344e+00 1.099379978636946920e+00 1.163951890287292956e+00 1.197953596345481930e+00 1.313278656531777777e+00 1.387798355860981658e+00 1.450487838599572310e+00 1.511646785824248163e+00 1.696706570010833470e+00 1.732490574438738662e+00 1.749921851441931464e+00 1.771560930126547362e+00 1.885641568528931167e+00 1.969788542117927088e+00 2.008217069806189858e+00 2.055849945905596332e+00 2.076985556150720225e+00 2.364117662943161946e+00 2.457026510150802867e+00 2.477517364925974075e+00 2.656560469793530999e+00 3.327721754117953346e+00 3.370271352285332256e+00 3.596689248940390105e+00 3.629570116067544649e+00
3.548438554916685250e-01 4.865582237682848921e-01 5.817932978067067440e-01 6.022571594208684376e-01 9.721078889297595227e-01 1.063399356267685558e+00 1.067044394516040828e+00 1.129499565954456886e+00 1.210749462378327257e+00 1.308167365803067472e+00 1.367352887029885666e+00 1.447617159808225029e+00 1.531097942403602419e+00 1.699659140766485610e+00 1.742614951916910293e+00 1.763303975729994200e+00 1.793267238944309838e+00 1.907616769289701697e+00 1.966851841827421454e+00 2.016215288033694097e+00 2.042683736148842577e+00 2.073136860019219263e+00 2.360934848200002101e+00 2.454357299505397716e+00 2.481931092579099385e+00 2.642450160920343016e+00 3.331048645776947037e+00 3.388478140044187459e+00 3.591865299591479932e+00 3.628409420159299792e+00
3.673842881653601178e-01 5.100670279864151224e-01 5.864147088538704811e-01 6.448877012892109128e-01 9.493810401080164940e-01 1.040865225006685879e+00 1.062091315803861846e+00 1.088418509084425168e+00 1.224759964587950556e+00 1.308134859199350020e+00 1.345709279224028609e+00 1.443717794470342541e+00 1.547567204866115320e+00 1.702049826697954016e+00 1.752871133573333573e+00 1.777279934807664885e+00 1.814077009334196910e+00 1.925985807309667175e+00 1.963736077787850309e+00 2.023839303225772213e+00 2.028525052518988847e+00 2.068844653549229307e+00 2.357895367999647718e+00 2.451452909808425229e+00 2.485909010312995271e+00 2.629053904940810593e+00 3.333986465532854826e+00 3.408574901807372992e+00 3.586018011997149646e+00 3.627376191602858846e+00
3.715217109100739656e-01 4.969412880233041729e-01 6.178867389234520280e-01 7.065029403098972427e-01 9.242252004824017542e-01 1.021173041697431838e+00 1.031223421281119990e+00 1.071920870083798105e+00 1.233274246156213394e+00 1.313745900342029316e+00 1.324293239589751758e+00 1.438941685530162884e+00 1.560998887403491242e+00 1.704618512679638265e+00 1.762990101109082053e+00 1.790784196803892669e+00 1.832610778225933990e+00 1.939294828672492699e+00 1.960619855241364951e+00 2.011043601626058663e+00 2.034467288843531119e+00 2.064306400022053456e+00 2.355214996595019539e+00 2.448525731803710137e+00 2.489135780882003157e+00 2.617549481548138157e+00 3.336411905483598783e+00 3.429986255485680591e+00 3.578591934581240697e+00 3.626468881959667545e+00
3.653630213520772663e-01 4.812236897222468279e-01 6.653578549651343321e-01 7.626929102352445478e-01 9.007284832378409378e-01 9.816989899594928959e-01 1.005212591286142043e+00 1.070866883851716134e+00 1.236843580473500737e+00 1.304343915856123859e+00 1.323406207167266757e+00 1.433610331913471425e+00 1.571238031735365137e+00 1.707685405330410466e+00 1.772337278998125321e+00 1.802899510004470018e+00 1.847950220642580188e+00 1.947788338421245991e+00 1.957741828779112403e+00 1.995010971022723734e+00 2.043793423098956286e+00 2.059868969851627263e+00 2.353055529894629405e+00 2.445833851785022883e+00 2.491463303615232494e+00 2.608655146381095413e+00 3.338285668220696945e+00 3.452040293706116536e+00 3.569035308084352209e+00 3.625704063738190985e+00
3.524984129312747072e-01 4.740670747758233827e-01 7.163106903937286329e-01 8.079555492058133614e-01 8.835279534987086070e-01 9.298708094656182865e-01 9.905193478006738550e-01 1.070835315506133645e+00 1.237776165767649372e+00 1.288021478630989369e+00 1.333398831882760982e+00 1.428353475856271038e+00 1.578243409344243009e+00 1.710955475032911011e+00 1.780055066141691622e+00 1.812765806759940590e+00 1.859414571477182365e+00 1.952612279394729589e+00 1.955519226457290705e+00 1.980807629798997826e+00 2.051596038282422985e+00 2.056184164541635884e+00 2.351505638276090160e+00 2.443650546643847399e+00 2.492933000917416653e+00 2.602561049640689461e+00 3.339608302163703968e+00 3.473807233691232899e+00 3.557132118217831263e+00 3.625119116694642152e+00
3.408396408046833193e-01 4.720959949642976050e-01 7.683493672164308785e-01 8.333314855854543346e-01 8.762581961335502712e-01 8.804069618537916364e-01 9.779761406019960024e-01 1.070918484054407038e+00 1.237797194488821306e+00 1.277064247993216162e+00 1.340944399165782119e+00 1.424248929932136809e+00 1.582224305846706258e+00 1.713569998531613958e+00 1.785207231999258237e+00 1.819405684249910005e+00 1.866515420124825075e+00 1.953278856219641257e+00 1.955829995429028356e+00 1.970808117136751525e+00 2.052911130929794492e+00 2.057464719083204940e+00 2.350586391482124338e+00 2.442222943765137266e+00 2.493706307564194091e+00 2.599088446581262257e+00 3.340393388605150005e+00 3.493464659813549034e+00 3.543785830263055825e+00 3.624752383039770987e+00
3.363031084518199876e-01 4.718064508649702504e-01 8.170385751892458304e-01 8.217591228200935571e-01 8.455047686617195302e-01 8.825743554765304033e-01 9.722606694792167437e-01 1.070960875153158520e+00 1.237727492600088963e+00 1.273179601631945213e+00 1.343775074543746229e+00 1.422648235853967824e+00 1.583500726943223080e+00 1.714578984070554535e+00 1.787025728374869615e+00 1.821785172688803245e+00 1.868925740939674673e+00 1.952818173671053259e+00 1.956467210027560633e+00 1.967215337730251479e+00 2.052048453131909866e+00 2.059193034091653995e+00 2.350283503434337451e+00 2.441725898442730802e+00 2.493942859139927304e+00 2.597970356912793211e+00 3.340653468921628733e+00 3.503951181066421672e+00 3.535470133982198337e+00 3.624627675120014381e+00
3.395751355943266714e-01 4.712965645004309478e-01 8.042852068972060620e-01 8.117898994722487771e-01 8.513879001640420885e-01 8.979872551337592101e-01 9.775011962079718231e-01 1.070577100972451845e+00 1.236271436018038905e+00 1.272606458366941862e+00 1.338884468038636477e+00 1.419399675390483839e+00 1.589247062601106819e+00 1.717573711400946834e+00 1.785343146988527030e+00 1.822965469454319587e+00 1.867316052821162975e+00 1.951717433120769396e+00 1.956475130125917339e+00 1.969150006855452828e+00 2.051247268371760413e+00 2.057979176639522123e+00 2.350647493652902043e+00 2.442105842888369960e+00 2.493412623508935777e+00 2.596974349974860541e+00 3.344202651041719765e+00 3.503803335617414305e+00 3.532950954603566007e+00 3.624766246001919434e+00
3.490604028263375458e-01 4.695114284331595722e-01 7.765219800357286983e-01 7.998417352346890441e-01 8.581109895146761257e-01 9.281279386934409015e-01 9.914029121354431817e-01 1.069658481724313992e+00 1.230170069940268007e+00 1.270916459096335771e+00 1.327814409313827548e+00 1.410264934321017627e+00 1.604565173353895924e+00 1.724976728360014810e+00 1.780836975071911743e+00 1.825766640182178602e+00 1.863272296178557719e+00 1.949134587011237763e+00 1.956451154563068728e+00 1.974575930881376395e+00 2.048791630354288351e+00 2.054906427995720541e+00 2.351630738181191838e+00 2.443434739663759014e+00 2.491789894471590827e+00 2.594245131355993994e+00 3.354377227621645918e+00 3.503161191313084455e+00 3.525739756329687946e+00 3.625086731132608708e+00
3.635743356320393915e-01 4.655676240696985935e-01 7.493749135010938645e-01 7.895090572343308466e-01 8.610911329610058118e-01 9.611691177656583873e-01 1.010316071198211985e+00 1.068763186020934564e+00 1.215004118798724608e+00 1.268439464620542578e+00 1.318488707401721083e+00 1.396617040454205316e+00 1.625584771586235711e+00 1.733025806744510122e+00 1.774163176398370068e+00 1.829047602454795474e+00 1.858911642479750936e+00 1.946583921082779556e+00 1.956297516394243541e+00 1.982602780324360658e+00 2.044846122397189436e+00 2.051279016871746741e+00 2.352921901789478909e+00 2.446160676909813425e+00 2.489053962956829125e+00 2.590412853543611504e+00 3.369917310301227875e+00 3.501393648864837616e+00 3.514890867152547838e+00 3.625377926305846987e+00
3.809239574254709715e-01 4.580578409155113273e-01 7.259786298122692383e-01 7.856914351117658679e-01 8.577161290188409781e-01 9.940187201509498305e-01 1.030959209718242287e+00 1.068469869974356889e+00 1.188482841984519700e+00 1.265933104327802150e+00 1.315790006720514160e+00 1.379994258216242109e+00 1.648879107299553670e+00 1.738345833565001941e+00 1.765418310403925828e+00 1.832411303827706783e+00 1.856175871734651261e+00 1.945499397312187018e+00 1.955917761928231302e+00 1.992166420005218486e+00 2.040209311114776991e+00 2.048248713919896602e+00 2.354082092234747403e+00 2.450676873991496585e+00 2.485329915693363034e+00 2.586176155156463263e+00 3.389158454531681741e+00 3.496364720204536258e+00 3.503214271143789027e+00 3.625460804450338248e+00
3.981159921689526038e-01 4.462631154230122243e-01 7.080884504087741060e-01 7.902360945779668411e-01 8.468977928087580986e-01 1.025223371632365765e+00 1.050504181223355982e+00 1.069251901515286152e+00 1.153935758006646051e+00 1.263652783555827108e+00 1.318637380281701965e+00 1.362243629338274920e+00 1.671619280603855007e+00 1.740406159457167812e+00 1.755107642078028718e+00 1.836098677958292846e+00 1.854539130976124328e+00 1.946808410982797888e+00 1.955310492986213733e+00 2.002276112030077826e+00 2.035195616001885366e+00 2.046978815482730862e+00 2.354706560513122771e+00 2.456949643123226057e+00 2.480918844991635286e+00 2.582123340437484593e+00 3.410418555704479271e+00 3.483615462120431161e+00 3.496094120167926533e+00 3.625294598072899888e+00
4.117104067871953932e-01 4.317861654008707806e-01 6.970701286089511228e-01 8.007362392350868552e-01 8.302937024779972752e-01 1.053768153415989950e+00 1.064709481175842631e+00 1.072782665338838815e+00 1.116306144745627060e+00 1.261618602526591859e+00 1.324743257052495293e+00 1.345795336800107656e+00 1.690157002410431542e+00 1.740975246851019564e+00 1.745515070776767708e+00 1.840547405780431189e+00 1.851697885192169934e+00 1.950331049590946053e+00 1.954711770111179803e+00 2.012216912525141677e+00 2.029105563291334402e+00 2.048345947264011535e+00 2.354600447404485042e+00 2.464318323991961268e+00 2.476187479387389256e+00 2.578808439693015764e+00 3.432122264840848480e+00 3.468160409797902410e+00 3.489768760589910368e+00 3.624991152161512797e+00
4.183644730328647809e-01 4.189492815326280595e-01 6.932737353922815426e-01 8.117693564888508462e-01 8.121554548481823010e-01 1.068864798505797520e+00 1.078151061184019710e+00 1.080548667316614919e+00 1.081344273457150562e+00 1.261129914014221587e+00 1.332647837314795636e+00 1.333100783959263680e+00 1.697903122135292708e+00 1.741525073571173587e+00 1.741960431179363278e+00 1.846180850395491291e+00 1.846361716708733836e+00 1.954470603461286204e+00 1.954593027667754779e+00 2.021496579031426766e+00 2.021613391607037791e+00 2.051718352785452115e+00 2.353856474884004513e+00 2.471366064138190488e+00 2.471725999535724583e+00 2.576914839711974103e+00 3.451818138506919542e+00 3.452117392745768232e+00 3.484619649508548633e+00 3.624739764315394019e+00
4.137281479462115441e-01 4.228427758605199926e-01 6.943196361582103515e-01 7.991237784115365894e-01 8.233668944253241806e-01 1.051524384077622276e+00 1.068214670977787772e+00 1.086371112142920481e+00 1.101873416761292912e+00 1.263859319659047742e+00 1.324415054259432845e+00 1.343205922112347794e+00 1.692335421720946753e+00 1.740551846219765331e+00 1.745055692006628023e+00 1.839399434768679731e+00 1.853062101175809717e+00 1.952925009954117774e+00 1.956211500376411117e+00 2.013188137692561774e+00 2.029483882701315522e+00 2.051332226914276191e+00 2.353718557415552137e+00 2.466500175859037913e+00 2.476406065009143287e+00 2.577848098169173596e+00 3.436038975103600013e+00 3.461384766500227972e+00 3.490202849997136259e+00 3.624717006013116638e+00
4.132891811284287731e-01 4.227051864281474725e-01 6.925480065342788372e-01 7.917314196406175508e-01 8.273840092921381784e-01 1.028216728668929658e+00 1.066896217019890347e+00 1.089382958321567729e+00 1.123553662255418972e+00 1.272806473039503228e+00 1.316968680137109216e+00 1.354797119031845742e+00 1.679785985406332172e+00 1.738238039000997048e+00 1.749581635958066483e+00 1.831122335555653846e+00 1.860367828072782892e+00 1.951431440400935413e+00 1.957815443292920010e+00 2.005139147077848349e+00 2.036913400250782047e+00 2.049911811569159248e+00 2.353616147993621954e+00 2.461852728818192837e+00 2.480598717668570874e+00 2.580783835450788377e+00 3.420158515927570253e+00 3.458758891886365650e+00 3.505537185640502429e+00 3.624771507316695729e+00
4.111382602271614894e-01 4.271089630169604412e-01 6.791362838386936218e-01 7.937475261098287938e-01 8.238877659504393325e-01 1.011980903071116433e+00 1.065711448831246466e+00 1.093012521801401959e+00 1.144253355253180615e+00 1.286698083973211837e+00 1.309817780535361020e+00 1.366874452082990743e+00 1.664217305389484869e+00 1.734827615009294055e+00 1.752052731584326617e+00 1.821711133126951099e+00 1.866008873144777480e+00 1.949732759995787656e+00 1.959259590661061035e+00 1.999077988799196737e+00 2.043057771509257492e+00 2.047678494383786241e+00 2.353671247017435242e+00 2.458080242259138348e+00 2.483687631340441904e+00 2.585782417913613962e+00 3.404632041550216037e+00 3.451428674346491032e+00 3.522770845533964135e+00 3.624932209865816990e+00
4.023107313588056844e-01 4.428543867465107309e-01 6.525698437733471469e-01 7.863807828203187578e-01 8.310904455170563532e-01 1.002890058697459175e+00 1.065344315348519144e+00 1.099813489715378845e+00 1.164501550746608771e+00 1.295474947224442896e+00 1.310033023262029861e+00 1.378900352390832529e+00 1.647006178608858562e+00 1.730639327821439810e+00 1.751958113379121329e+00 1.811439705303175884e+00 1.867004304054318053e+00 1.947167106663409974e+00 1.960689532576085581e+00 1.997034758792406217e+00 2.040991124305263860e+00 2.051284782718669319e+00 2.354014867274063061e+00 2.455385969426883364e+00 2.485507817239104522e+00 2.592817496476199413e+00 3.389848778662734485e+00 3.441890014607692727e+00 3.538982958672458157e+00 3.625226749009107241e+00
3.905117407011125530e-01 4.670291515025004614e-01 6.172130099198807063e-01 7.574323756615457537e-01 8.579511337716451136e-01 1.000193355331787881e+00 1.065540138901630574e+00 1.110684354117319250e+00 1.184770145136115671e+00 1.286409359112180573e+00 1.327869608921971922e+00 1.390415796401671678e+00 1.628589270778527442e+00 1.725962602680842783e+00 1.749769453536645036e+00 1.800592920254740381e+00 1.861101685269076045e+00 1.942750737955675211e+00 1.962368152756447381e+00 2.000311001080634643e+00 2.034564144303549149e+00 2.057005578528996015e+00 2.354768199012881702e+00 2.453847718311126691e+00 2.486002178590455358e+00 2.601771034729600807e+00 3.376119077978299909e+00 3.430694370076432964e+00 3.553452012750640598e+00 3.625680204498398673e+00
3.772894212933984859e-01 4.979178595828613330e-01 5.768281407409939776e-01 7.178835952849035307e-01 8.922890311685922615e-01 1.003115422976185167e+00 1.065676919102123366e+00 1.125113609877198106e+00 1.205378907861922144e+00 1.273188453052767510e+00 1.348066040773585161e+00 1.401059073143559042e+00 1.609060066531795119e+00 1.721003154796320711e+00 1.746110928550931085e+00 1.789433472838798389e+00 1.848299965055678840e+00 1.935463414063168575e+00 1.964228849070889238e+00 2.008329474687625016e+00 2.026983897805440193e+00 2.062321313669053691e+00 2.356018493490275478e+00 2.453407438214052938e+00 2.485225347410617847e+00 2.612416119391856029e+00 3.363665107307021174e+00 3.418105818300051446e+00 3.566005197424466200e+00 3.626312514311430757e+00
3.634295713755204549e-01 5.291538309639468585e-01 5.386639670017567827e-01 6.724435400993409306e-01 9.286934033397994392e-01 1.011874174682591887e+00 1.065409101918438184e+00 1.141732569248046669e+00 1.226355109787555797e+00 1.257900223823943398e+00 1.367992010273336279e+00 1.410566497321083412e+00 1.588353223139606252e+00 1.715850314081386330e+00 1.741523141089752702e+00 1.778210389749210529e+00 1.830221630261947396e+00 1.924533047784804163e+00 1.966084769811124566e+00 2.015802158409202072e+00 2.022741046531841835e+00 2.067113328724468069e+00 2.357792661803244982e+00 2.453889029465055049e+00 2.483337556672056134e+00 2.624398904096288287e+00 3.352621975920580422e+00 3.404442387195133701e+00 3.576667276137692308e+00 3.627133628784337205e+00
3.493175273960208993e-01 4.891107688833095657e-01 5.743694825023193395e-01 6.242262592755626338e-01 9.615074440230713115e-01 1.029238372701202220e+00 1.064597995531882946e+00 1.158430159151899952e+00 1.239744221069391195e+00 1.249938255729452941e+00 1.386771950734168479e+00 1.418752999245140201e+00 1.566326288590343507e+00 1.710471263987565216e+00 1.736404348689053911e+00 1.767191770657895233e+00 1.808749888271748096e+00 1.909729542908242150e+00 1.967919778103875750e+00 2.009816468155694924e+00 2.033646660540468609e+00 2.071375177535186740e+00 2.360039872418730145e+00 2.455041051783336759e+00 2.480588125600597937e+00 2.637231496979953072e+00 3.343051237264498265e+00 3.390165690607215065e+00 3.585539881458827072e+00 3.628136753987087904e+00
3.349901889830508295e-01 4.464504359799162381e-01 5.726224333517069276e-01 6.184354778337979308e-01 9.845701484801880898e-01 1.058336614371532702e+00 1.063962488487120606e+00 1.170511305882809605e+00 1.228380184170105860e+00 1.270630356185113330e+00 1.403803101370975082e+00 1.425468573097294911e+00 1.542832717177253565e+00 1.704731641299757738e+00 1.730948213533411328e+00 1.756703975124098704e+00 1.785629808263222706e+00 1.891694412181758933e+00 1.969777021261063910e+00 2.002910068804654387e+00 2.046108355456020877e+00 2.075116449674470509e+00 2.362632257235560473e+00 2.456588027598284540e+00 2.477289286442946104e+00 2.650305539688569745e+00 3.334966699029585868e+00 3.375874039192777065e+00 3.592750863478598511e+00 3.629290886101218305e+00
3.200941704243154273e-01 4.073071089916996401e-01 5.241172406575931308e-01 6.609797705694809844e-01 9.988065569013698797e-01 1.059906178723888592e+00 1.099690563748554339e+00 1.168680323274388533e+00 1.229121255145978697e+00 1.292109437749184409e+00 1.418566705555245333e+00 1.430507420642241678e+00 1.517858320282848839e+00 1.698461228580872673e+00 1.724898426502634363e+00 1.747145752437340605e+00 1.762829700986122017e+00 1.871905557043859414e+00 1.971654142377240015e+00 1.996577053421428216e+00 2.057674018049512998e+00 2.078345206486625685e+00 2.365382168168839172e+00 2.458273295110135148e+00 2.473783176606812795e+00 2.662931258583170813e+00 3.328369436065912179e+00 3.362231812983769164e+00 3.598440465011704337e+00 3.630534628278042852e+00
3.038628036402250543e-01 3.749851185033873380e-01 4.775755297480175909e-01 7.031692038298359426e-01 1.008483156799199199e+00 1.055395489265432918e+00 1.143405065618213090e+00 1.154830111375189761e+00 1.242091773137363520e+00 1.312650617626424099e+00 1.430209480860920923e+00 1.433619080247866107e+00 1.491951048681320779e+00 1.691615857587364102e+00 1.716707471706601762e+00 1.738890570684511472e+00 1.743611617145172543e+00 1.852305601569895988e+00 1.973480631815187181e+00 1.990815632233761789e+00 2.067660084902394502e+00 2.081057845550134733e+00 2.368067604397853021e+00 2.459884838756223324e+00 2.470407000994027769e+00 2.674398720282097575e+00 3.323284402351540656e+00 3.349864314613950622e+00 3.602763571494281614e+00 3.631775522198595230e+00
2.860155996063799555e-01 3.527992738333193268e-01 4.351813553269765489e-01 7.425627546124164979e-01 1.015561917795445801e+00 1.048224890497297723e+00 1.137664088471879831e+00 1.188906047022198820e+00 1.258040007963626472e+00 1.331159736768293467e+00 1.429954394173776233e+00 1.440376680375146323e+00 1.468138698505472961e+00 1.684542383059690618e+00 1.703933225968751186e+00 1.731378597472589265e+00 1.733027716150834285e+00 1.834881398488043658e+00 1.975131750990375856e+00 1.985727318497369609e+00 2.075683515475538421e+00 2.083232959004125640e+00 2.370458832848282071e+00 2.461263870493426875e+00 2.467462740330062410e+00 2.684048727330374806e+00 3.319785976951656004e+00 3.339258684197892624e+00 3.605887928606109849e+00 3.632900338987252287e+00
2.689027384325260450e-01 3.418505231789714660e-01 3.988055300043616413e-01 7.762923101034355788e-01 1.020585482928324739e+00 1.038456083941967201e+00 1.124593194124349660e+00 1.231649014007790477e+00 1.272234669207303659e+00 1.346252944412173802e+00 1.414197270338930279e+00 1.446455929050833200e+00 1.455119529607584949e+00 1.678169255779769609e+00 1.689684921678217489e+00 1.726266596452371127e+00 1.728240417196814649e+00 1.821315877645576453e+00 1.976457408719648701e+00 1.981622700183062413e+00 2.081524437407534123e+00 2.084833291652442799e+00 2.372343487981856125e+00 2.462298225351016612e+00 2.465198987628668181e+00 2.691334977674450624e+00 3.317999041317219788e+00 3.330712056779843611e+00 3.607978278618095835e+00 3.633795966933060395e+00
2.566877114652571512e-01 3.413498462132395495e-01 3.702318003130932178e-01 8.001532408098456228e-01 1.023629231671005391e+00 1.028841761214242423e+00 1.116818213944333227e+00 1.268189422865980687e+00 1.281997485491286337e+00 1.356321538868908938e+00 1.389500255107110727e+00 1.449843131372186233e+00 1.451881439807139351e+00 1.673879656555664397e+00 1.679062459477797198e+00 1.723904558632510797e+00 1.725486283037461321e+00 1.812770261575389563e+00 1.977313463964096130e+00 1.978924896434142600e+00 2.085064461335806474e+00 2.085816689613790853e+00 2.373549489070946983e+00 2.462883384091329120e+00 2.463829661457328513e+00 2.695862107095444937e+00 3.318073065839010738e+00 3.324345333502872091e+00 3.609172248379024506e+00 3.634371149030125370e+00
2.523086747831537746e-01 3.508333657489017821e-01 3.508766408521769575e-01 8.090037518607285927e-01 1.024598434589649054e+00 1.024694671811736679e+00 1.114325586568122528e+00 1.285185761362148682e+00 1.285856544284620373e+00 1.359925553630765060e+00 1.375548424470778963e+00 1.451071168054868243e+00 1.451152665037844569e+00 1.672742410088756460e+00 1.674803324709757124e+00 1.723209608802164672e+00 1.724568225295309398e+00 1.809860899948401158e+00 1.977582142696242329e+00 1.978007984359919424e+00 2.086142022816489749e+00 2.086256338149196310e+00 2.373964511922879161e+00 2.462938671829523862e+00 2.463505063031696807e+00 2.697396629804484913e+00 3.320025164506360316e+00 3.320281697059269899e+00 3.609559868151526629e+00 3.634569172666128001e+00
3.363031084518199876e-01 4.718064508649702504e-01 8.170385751892458304e-01 8.217591228200935571e-01 8.455047686617195302e-01 8.825743554765304033e-01 9.722606694792167437e-01 1.070960875153158520e+00 1.237727492600088963e+00 1.273179601631945213e+00 1.343775074543746229e+00 1.422648235853967824e+00 1.583500726943223080e+00 1.714578984070554535e+00 1.787025728374869615e+00 1.821785172688803245e+00 1.868925740939674673e+00 1.952818173671053259e+00 1.956467210027560633e+00 1.967215337730251479e+00 2.052048453131909866e+00 2.059193034091653995e+00 2.350283503434337451e+00 2.441725898442730802e+00 2.493942859139927304e+00 2.597970356912793211e+00 3.340653468921628733e+00 3.503951181066421672e+00 3.535470133982198337e+00 3.624627675120014381e+00
3.407874018015360496e-01 4.701540724925526993e-01 8.143176465203041392e-01 8.205718481101642592e-01 8.447577884724385422e-01 8.834918371465524389e-01 9.768336168668434460e-01 1.057402113969215796e+00 1.238243625189876740e+00 1.279964824001392332e+00 1.344073901115176328e+00 1.422946815280355271e+00 1.583225105496856022e+00 1.714155287887614731e+00 1.781278256405395055e+00 1.826864238220559766e+00 1.868745903578032719e+00 1.948261177629878604e+00 1.955976367306155650e+00 1.971879798740786338e+00 2.050676961960290701e+00 2.061679411857959110e+00 2.349478887151042361e+00 2.439976333460873281e+00 2.491585868200040466e+00 2.599441871271231719e+00 3.343073380405634509e+00 3.484848094782122985e+00 3.538167166417929721e+00 3.638682276474926702e+00
3.537357276727782773e-01 4.652468314073923139e-01 8.056582895458412885e-01 8.181360002058217784e-01 8.433738305475563246e-01 8.861311674828212803e-01 9.831338152396082997e-01 1.028098863464261381e+00 1.239679732359237008e+00 1.295486337248743736e+00 1.345053139014608989e+00 1.424135622930594369e+00 1.582403160765215588e+00 1.712678308603435839e+00 1.769204052749117739e+00 1.836491155496528860e+00 1.868129405888157679e+00 1.940052440016460711e+00 1.954737372516786031e+00 1.980810362486738807e+00 2.046298499452804620e+00 2.069004281586003025e+00 2.347309170669594991e+00 2.434992320416834222e+00 2.484689557934640636e+00 2.603902552200258125e+00 3.349980234692504055e+00 3.441221295601388341e+00 3.546180233214002442e+00 3.667141136008952529e+00
3.737819902863036003e-01 4.572251542649575229e-01 7.921185076551549020e-01 8.152123505204909026e-01 8.418440235813320349e-01 8.900683978462859969e-01 9.534349500283623158e-01 1.027516864064216717e+00 1.241889069271147061e+00 1.312317666583398212e+00 1.346965718711217841e+00 1.426995245144368374e+00 1.581036288588722805e+00 1.709663805713479867e+00 1.755180717803358936e+00 1.845020206515366690e+00 1.866927832486375394e+00 1.931142544420068718e+00 1.953911712951363455e+00 1.991615640532981013e+00 2.038960347212422253e+00 2.080066593115823537e+00 2.344430814822420661e+00 2.427487653163657999e+00 2.473793053700476641e+00 2.611435104077433067e+00 3.359458653306011566e+00 3.387407981299430659e+00 3.558658098317854179e+00 3.697234660197788347e+00
3.989954214570883284e-01 4.463213383185080096e-01 7.739352725040645753e-01 8.121170910357617956e-01 8.392955214161466060e-01 8.914324570630997036e-01 9.042041321060466652e-01 1.049321062159515261e+00 1.244659217286822939e+00 1.326342454090941425e+00 1.350232709084868032e+00 1.432463637506953269e+00 1.579081239402342796e+00 1.704634222688105938e+00 1.740318233054091168e+00 1.849693509187349649e+00 1.865071332302904894e+00 1.922351662970196884e+00 1.954910242579119162e+00 2.004185225390248792e+00 2.029051025506149575e+00 2.093168001799087907e+00 2.341712000322004883e+00 2.418424375785174441e+00 2.459771694651775586e+00 2.622074630571441300e+00 3.322293450202167264e+00 3.376312600163679623e+00 3.574319704158560818e+00 3.725023181702335595e+00
4.255667406903720362e-01 4.344225317432485745e-01 7.466120123720340063e-01 8.091504387203584114e-01 8.316614931095177576e-01 8.539457849618126151e-01 9.024802273598541147e-01 1.075061114690691211e+00 1.247619857133835275e+00 1.336190297859491505e+00 1.355395345874224722e+00 1.441075474968436465e+00 1.576383447181231690e+00 1.697357231205518735e+00 1.724891792760175235e+00 1.849585508981273163e+00 1.862428398530955320e+00 1.914298424254630593e+00 1.958404556603154711e+00 2.016681599269737557e+00 2.019100870717631224e+00 2.106505624187882120e+00 2.339966668805952832e+00 2.408785619911961273e+00 2.443715721247591066e+00 2.635774288495893902e+00 3.256909131196802143e+00 3.390846754038772559e+00 3.591698224524561223e+00 3.749276820184606951e+00
4.151283649639452844e-01 4.578694296848335177e-01 7.040418455745813819e-01 8.062346718796592482e-01 8.107484287820252433e-01 8.390855778974134482e-01 9.081241183090822400e-01 1.101249355610145475e+00 1.250297879154132596e+00 1.342061917649796321e+00 1.362991550868864810e+00 1.452517280049602899e+00 1.572607581152530187e+00 1.687966156915024829e+00 1.709232772412822010e+00 1.845712694654182418e+00 1.858924703451634075e+00 1.907424212293815646e+00 1.963240716077373271e+00 2.005350950115991182e+00 2.033991949666997368e+00 2.118559157625139910e+00 2.339690961097800947e+00 2.399413096173576676e+00 2.426798121843070977e+00 2.652377023828884184e+00 3.189513679750753283e+00 3.405979704464880964e+00 3.609302097267950593e+00 3.769560398347621799e+00
3.960005634548950937e-01 4.863369590344501225e-01 6.531926667936026609e-01 7.945786079247492140e-01 8.050185326127698993e-01 8.329039178018742273e-01 9.136510293152150242e-01 1.126129843928747043e+00 1.252294227260631221e+00 1.344850595877682853e+00 1.373256977334428752e+00 1.465730394874357634e+00 1.567247116796008255e+00 1.677018464837869649e+00 1.694122390821408697e+00 1.839562756675105382e+00 1.855376814796052765e+00 1.901898303394292222e+00 1.965683175247715075e+00 1.996795706952011473e+00 2.049714522367709790e+00 2.128381066525761423e+00 2.340890908208467458e+00 2.390947067950413452e+00 2.410212918694333961e+00 2.671528479524085231e+00 3.123335841991166539e+00 3.420140503391989828e+00 3.625743520428284850e+00 3.785772689026177140e+00
3.746875774795670466e-01 5.118372792657467363e-01 6.065253711155235150e-01 7.860523277511995976e-01 8.038466082663198176e-01 8.270660592721896798e-01 9.184668415604444469e-01 1.148174621123305039e+00 1.253466338507261968e+00 1.345558342368290194e+00 1.385676685178816259e+00 1.479266334926685467e+00 1.559907354094911769e+00 1.665544051757863686e+00 1.680818150436793390e+00 1.832584629149906830e+00 1.852745408722474174e+00 1.897707179175699643e+00 1.961425463099352173e+00 1.995665671576310363e+00 2.064478269148689815e+00 2.135657812033815883e+00 2.343094748285541762e+00 2.383841372378521672e+00 2.395194104243250077e+00 2.692457508264016752e+00 3.061867127267104749e+00 3.432253833093612538e+00 3.639823283624742611e+00 3.798009148595225426e+00
3.535754808357674528e-01 5.321206258162661795e-01 5.713273601316524175e-01 7.812439541552889111e-01 8.036234499279605314e-01 8.214158244683955612e-01 9.221858895428952652e-01 1.165784457839012855e+00 1.253959948023236404e+00 1.345090137643808470e+00 1.398635045904535801e+00 1.491396773694608102e+00 1.551075319088105475e+00 1.655038598899991387e+00 1.670654782524855220e+00 1.826302447956373864e+00 1.851276649270302110e+00 1.894785497383372874e+00 1.953682527107315492e+00 1.998936981396054691e+00 2.076764470262610462e+00 2.140525932325932246e+00 2.345551876535314939e+00 2.378353248591133617e+00 2.383109609826025821e+00 2.713433665658723903e+00 3.009496420083523471e+00 3.441494620758332346e+00 3.650579929319671901e+00 3.806481791083502042e+00
3.373005554076426438e-01 5.443291629921589436e-01 5.511394648700822518e-01 7.787553181551768455e-01 8.041905676710360273e-01 8.168160156213004619e-01 9.245312004057546496e-01 1.177299387416846699e+00 1.254074246875098941e+00 1.344300204088884954e+00 1.409152373250457391e+00 1.500073027381836344e+00 1.543064194975885428e+00 1.647390919819841759e+00 1.664466396323517783e+00 1.821991000272604522e+00 1.850688996544094467e+00 1.893068883924722057e+00 1.947501967141626267e+00 2.002056751249180699e+00 2.084997272967993087e+00 2.143284812693834418e+00 2.347480227365711603e+00 2.373864123232267254e+00 2.376144692755233212e+00 2.730649387685017082e+00 2.972354427050709624e+00 3.447274292062706191e+00 3.657315479929414082e+00 3.811435644004757428e+00
3.310931908074438712e-01 5.420799668789682002e-01 5.510027981665466257e-01 7.779815851824470885e-01 8.047033593328530854e-01 8.148547810422048787e-01 9.253322542547047780e-01 1.181326518469022258e+00 1.254077474812347326e+00 1.343931094484713595e+00 1.413349447331031739e+00 1.503272067372255716e+00 1.539680110822568837e+00 1.644539655948741075e+00 1.662420112104557202e+00 1.820461556278717419e+00 1.850559710263216084e+00 1.892504308720803330e+00 1.945214578711865760e+00 2.003241978513918831e+00 2.087907700485579721e+00 2.144175583691538822e+00 2.348223594228743494e+00 2.371391943468116992e+00 2.374605363690331039e+00 2.737723362139299788e+00 2.958443067130434923e+00 3.449240021962684644e+00 3.659607732210936604e+00 3.813062780682144215e+00
5.363951673203267712e-01 5.405727756983871313e-01 5.406891933784292448e-01 6.859600402935298602e-01 7.707030133413848016e-01 7.711427002907456085e-01 1.064304948592377897e+00 1.138058101071232064e+00 1.138429577951904026e+00 1.412355076478243321e+00 1.453519003882515204e+00 1.453677370494529386e+00 1.584958873997153406e+00 1.585187108112602106e+00 1.707987990941906231e+00 1.817354716307553630e+00 1.817878691194914076e+00 1.931671824664368931e+00 1.931956333169005724e+00 2.047821581721299911e+00 2.048588332982967497e+00 2.120214018365139896e+00 2.374432288883532749e+00 2.374456474551747576e+00 2.377383293104769812e+00 2.699105181436360468e+00 2.956481159098900413e+00 3.568995267551503314e+00 3.569267296607368856e+00 3.814053816079690851e+00
5.190746400768614377e-01 5.191870637905277031e-01 5.428266520074160884e-01 6.803681157398953072e-01 7.895460570353195484e-01 7.899577131533515040e-01 1.069648964359402488e+00 1.130970311703640929e+00 1.131341330672047008e+00 1.407166250433233623e+00 1.482660629827834864e+00 1.482876649037909278e+00 1.555296859595900472e+00 1.555582665689286159e+00 1.706908339822246434e+00 1.825603195221863206e+00 1.826103936401841210e+00 1.928466599322999242e+00 1.928748004878780842e+00 2.039771578026872589e+00 2.040521063292948245e+00 2.138669699847805639e+00 2.363415114528000238e+00 2.381460761496037026e+00 2.381502881100660662e+00 2.694761878748524797e+00 2.965475757127734369e+00 3.568972969615746393e+00 3.569245572229381658e+00 3.813878578976682920e+00
4.954207157357320424e-01 4.955511447993620200e-01 5.686926288463319823e-01 6.756550204654764302e-01 8.078878586346208701e-01 8.082761836956826595e-01 1.075007551742022560e+00 1.121433860876520194e+00 1.121810778347111404e+00 1.398598064898837645e+00 1.508560952650258358e+00 1.508859106819250062e+00 1.529731940991385208e+00 1.530102461918171342e+00 1.705505329926506830e+00 1.835504238230620366e+00 1.835975495272224700e+00 1.928365380215613545e+00 1.928640655250180469e+00 2.029215766578708280e+00 2.029940708334818211e+00 2.156870572277380216e+00 2.346045277737038415e+00 2.391059855716030302e+00 2.391123725669338729e+00 2.681273286535490463e+00 2.996767969589332559e+00 3.564637517942721434e+00 3.564911674736300995e+00 3.810225922220726869e+00
4.709318662836445846e-01 4.711013949603627959e-01 6.113936082731842303e-01 6.721758714993155692e-01 8.248517768923255833e-01 8.252231912451147844e-01 1.079989793543672860e+00 1.110039809055024307e+00 1.110433169434236200e+00 1.387271033163995027e+00 1.493153481850359121e+00 1.493413848201993188e+00 1.546448041434998366e+00 1.546677416167964392e+00 1.703887060234102524e+00 1.846156858233928721e+00 1.846591297476219085e+00 1.931850640384413564e+00 1.932119418088610541e+00 2.016755857737207780e+00 2.017454838694781483e+00 2.173731097514721267e+00 2.326247065293160166e+00 2.402427037511587482e+00 2.402522635834253961e+00 2.663361317051261778e+00 3.044197584748475460e+00 3.556248987016055185e+00 3.556525597338242584e+00 3.802894266493733522e+00
4.470683044257999228e-01 4.472937239164899159e-01 6.665790141406569003e-01 6.708182355756459048e-01 8.395262148121942491e-01 8.398883634220265515e-01 1.084224712933851809e+00 1.097708883820967429e+00 1.098151452516122895e+00 1.373799853787033509e+00 1.466179865790768755e+00 1.466510691707774150e+00 1.575276524066498762e+00 1.575567256800479266e+00 1.702181766194005297e+00 1.856712183012434236e+00 1.857103810596266946e+00 1.938725030535591642e+00 1.938996930711418543e+00 2.003226302711064388e+00 2.003901743753079501e+00 2.186963178139330832e+00 2.306412544621804006e+00 2.414838159061842404e+00 2.414972984169377224e+00 2.644697274954244115e+00 3.101974615700804794e+00 3.544331233238735113e+00 3.544611063505211934e+00 3.791622514596188598e+00
4.254494128849704571e-01 4.257420015312823880e-01 6.695794478484653478e-01 7.322940263639229341e-01 8.508472310386097082e-01 8.512080376300271700e-01 1.085563483815450203e+00 1.085719250826274074e+00 1.088067243046560773e+00 1.358625133959586062e+00 1.440348030271332957e+00 1.440721044123893790e+00 1.603588862754489419e+00 1.603922889764826554e+00 1.700528446958569306e+00 1.866622208408373895e+00 1.866969064316247318e+00 1.947446282082706981e+00 1.947737824146726471e+00 1.990168110031165227e+00 1.990813499039119527e+00 2.191533021206256038e+00 2.291939256568139349e+00 2.427637880353593403e+00 2.427815555133518988e+00 2.627285038053705613e+00 3.165578715751538041e+00 3.529667012695285155e+00 3.529950641077213458e+00 3.776176030168349129e+00
4.077817135027322903e-01 4.081468531671186839e-01 6.707040853808534653e-01 8.022324432824856633e-01 8.576184669453619236e-01 8.579839686499772800e-01 1.075555288554426170e+00 1.075890789073180365e+00 1.089630966895456021e+00 1.341937080054223186e+00 1.416413405963416583e+00 1.416816812662497371e+00 1.630563549731546047e+00 1.630929518151094992e+00 1.699065467018939568e+00 1.875400495650697996e+00 1.875700339651092730e+00 1.953197077714411867e+00 1.953453630814124597e+00 1.982160777964458998e+00 1.982651040392054309e+00 2.181365620228686630e+00 2.289554318206859396e+00 2.440180186578112753e+00 2.440400890031819259e+00 2.612078359816266904e+00 3.231397474946939852e+00 3.513284139011366936e+00 3.513571897967502355e+00 3.756434319696990709e+00
3.956849203220528799e-01 3.961212222358211910e-01 6.732859327361567781e-01 8.587714912428358049e-01 8.591455079818228757e-01 8.732404706669429917e-01 1.068754346533260957e+00 1.069136709063609914e+00 1.090191206377633115e+00 1.323738556775083453e+00 1.394651798168682566e+00 1.395077276084171203e+00 1.655956059111991951e+00 1.656344122279596931e+00 1.697918004538902181e+00 1.881815722142812897e+00 1.882052557121715486e+00 1.949387891392298400e+00 1.949638180279089195e+00 1.986015830003723837e+00 1.986188151830302617e+00 2.158368543818721896e+00 2.298265489542088869e+00 2.451755638787344260e+00 2.452016718657476613e+00 2.599479279393272169e+00 3.296435598562826641e+00 3.496424049154974512e+00 3.496715974720728148e+00 3.732476474096060315e+00
3.904306282309688014e-01 3.909293878383544585e-01 6.771400568603824777e-01 8.538741202294982680e-01 8.542514131539007405e-01 9.412938524160492371e-01 1.066221461899398371e+00 1.066625584827121553e+00 1.089285695544888410e+00 1.304126105104449707e+00 1.375231991821419752e+00 1.375672760081939616e+00 1.679729149863958160e+00 1.680131114592599006e+00 1.697185757874882350e+00 1.883040961881882858e+00 1.883175378333447947e+00 1.943623489389604941e+00 1.943872704900212023e+00 1.995733689510802433e+00 1.995825290514370076e+00 2.129682304739220822e+00 2.312041664417699760e+00 2.461545066043043573e+00 2.461841642146453513e+00 2.589627370089539138e+00 3.358109629848800015e+00 3.480480205620877676e+00 3.480776025197738655e+00 3.704712392958274592e+00
3.926686709878672854e-01 3.932148295441054708e-01 6.819924479314301013e-01 8.434724163030825617e-01 8.438511624241665787e-01 1.001763051821979333e+00 1.067925286123289963e+00 1.068333796330615870e+00 1.086933383922114027e+00 1.284029850450672638e+00 1.358302673595792154e+00 1.358752899050273966e+00 1.696932065974594783e+00 1.701929271237258456e+00 1.702339833466958163e+00 1.876330604989469908e+00 1.876399098635875395e+00 1.943401467395234450e+00 1.943577665891713435e+00 2.005668302878490739e+00 2.005785835334539247e+00 2.100412921627731411e+00 2.327000650856697384e+00 2.468638531149527360e+00 2.468964099896160835e+00 2.582565589027511432e+00 3.413804318984258845e+00 3.466892797178624974e+00 3.467192148769651983e+00 3.674263453782988353e+00
4.022684393502655720e-01 4.028433343097758135e-01 6.875015755677679197e-01 8.289077390877220841e-01 8.292883272074740297e-01 1.047864720958885387e+00 1.073055182828834830e+00 1.073430149889839091e+00 1.083296781561065014e+00 1.266969291254933738e+00 1.344035815678623180e+00 1.344490134195680975e+00 1.697179234287112592e+00 1.722569149834137558e+00 1.722988715760465972e+00 1.863003881318087585e+00 1.863135748024998817e+00 1.948088331771375303e+00 1.948216022734553521e+00 2.014351308932481377e+00 2.014480011504490964e+00 2.073717180668558147e+00 2.341246432826049162e+00 2.472142887836192848e+00 2.472489844654707447e+00 2.578320402308088344e+00 3.456993839770757582e+00 3.457269745638809066e+00 3.459400178451029539e+00 3.644360099859333957e+00
4.183644730328647809e-01 4.189492815326280595e-01 6.932737353922815426e-01 8.117693564888508462e-01 8.121554548481823010e-01 1.068864798505797520e+00 1.078151061184019710e+00 1.080548667316614919e+00 1.081344273457150562e+00 1.261129914014221587e+00 1.332647837314795636e+00 1.333100783959263680e+00 1.697903122135292708e+00 1.741525073571173587e+00 1.741960431179363278e+00 1.846180850395491291e+00 1.846361716708733836e+00 1.954470603461286204e+00 1.954593027667754779e+00 2.021496579031426766e+00 2.021613391607037791e+00 2.051718352785452115e+00 2.353856474884004513e+00 2.471366064138190488e+00 2.471725999535724583e+00 2.576914839711974103e+00 3.451818138506919542e+00 3.452117392745768232e+00 3.484619649508548633e+00 3.624739764315394019e+00
