-1.937182830953285972e-01
-1.732123759624229764e-01
-1.527064688295173278e-01
-1.322005616966116792e-01
-1.116946545637060584e-01
-9.118874743080042367e-02
-7.068284029789480283e-02
-5.017693316498916117e-02
-2.967102603208351952e-02
-9.165118899177881334e-03
1.134078823372775685e-02
3.184669536663339851e-02
5.235260249953900547e-02
7.285850963244466794e-02
9.336441676535028877e-02
1.138703238982559512e-01
1.343762310311615582e-01
1.548821381640671790e-01
1.753880452969728276e-01
1.958939524298784485e-01
2.163998595627841248e-01
2.369057666956897179e-01
2.574116738285954220e-01
2.779175809615010428e-01
2.984234880944066637e-01
3.189293952273122845e-01
3.394353023602179609e-01
3.599412094931235817e-01
3.804471166260292025e-01
4.009530237589348234e-01
4.214589308918405552e-01
4.419648380247461206e-01
4.624707451576517414e-01
4.829766522905573622e-01
5.034825594234629831e-01
5.239884665563686594e-01
5.444943736892743358e-01
5.650002808221799011e-01
5.855061879550855775e-01
6.060120950879912538e-01
6.265180022208968191e-01
6.470239093538024955e-01
6.675298164867080608e-01
6.880357236196137372e-01
7.085416307525194135e-01
7.290475378854250899e-01
7.495534450183306552e-01
7.700593521512363315e-01
7.905652592841418969e-01
8.110711664170475732e-01
8.315770735499531385e-01
8.520829806828588149e-01
8.725888878157644912e-01
8.930947949486700566e-01
9.136007020815757329e-01
9.341066092144815203e-01
9.546125163473868636e-01
9.751184234802926509e-01
9.956243306131981052e-01
1.016130237746103893e+00
1.036636144879009569e+00
1.057142052011915023e+00
1.077647959144820700e+00
1.098153866277726376e+00
1.118659773410632052e+00
1.139165680543537729e+00
1.159671587676443183e+00
1.180177494809348859e+00
1.200683401942254536e+00
1.221189309075160212e+00
1.241695216208065888e+00
1.262201123340971343e+00
1.282707030473877019e+00
1.303212937606782695e+00
1.323718844739688372e+00
1.344224751872594048e+00
1.364730659005499502e+00
1.385236566138405179e+00
1.405742473271311077e+00
1.426248380404216531e+00
1.446754287537122208e+00
1.467260194670027662e+00
1.487766101802933338e+00
1.508272008935839237e+00
1.528777916068744691e+00
1.549283823201650367e+00
1.569789730334555822e+00
1.590295637467461498e+00
1.610801544600367396e+00
1.631307451733272851e+00
1.651813358866178527e+00
1.672319265999083981e+00
1.692825173131989658e+00
1.713331080264895334e+00
1.733836987397801233e+00
1.754342894530706687e+00
1.774848801663612141e+00
1.795354708796518040e+00
1.815860615929423716e+00
1.836366523062329170e+00
1.856872430195234625e+00
1.877378337328140523e+00
1.897884244461046199e+00
1.918390151593951654e+00
1.938896058726857552e+00
1.959401965859763006e+00
1.979907872992668461e+00
2.000413780125574359e+00
2.020919687258480035e+00
2.041425594391385712e+00
2.061931501524291388e+00
2.082437408657197064e+00
2.102943315790102297e+00
2.123449222923007973e+00
2.143955130055914093e+00
2.164461037188819326e+00
2.184966944321725002e+00
2.205472851454630678e+00
2.225978758587536355e+00
2.246484665720442031e+00
2.266990572853347707e+00
2.287496479986253384e+00
2.308002387119158616e+00
2.328508294252064292e+00
2.349014201384970413e+00
2.369520108517875645e+00
2.390026015650781321e+00
2.410531922783686998e+00
2.431037829916592674e+00
2.451543737049498350e+00
2.472049644182404027e+00
2.492555551315309703e+00
2.513061458448214935e+00
2.533567365581121056e+00
2.554073272714026732e+00
2.574579179846931964e+00
2.595085086979837641e+00
2.615590994112743317e+00
2.636096901245648993e+00
2.656602808378554670e+00
2.677108715511460346e+00
2.697614622644366023e+00
2.718120529777271255e+00
2.738626436910177375e+00
2.759132344043083052e+00
2.779638251175988284e+00
2.800144158308893960e+00
2.820650065441799637e+00
2.841155972574705313e+00
2.861661879707610989e+00
2.882167786840516666e+00
2.902673693973422342e+00
2.923179601106327574e+00
2.943685508239233695e+00
2.964191415372139371e+00
2.984697322505044603e+00
3.005203229637950724e+00
3.025709136770855956e+00
3.046215043903761632e+00
3.066720951036667309e+00
3.087226858169572985e+00
3.107732765302478661e+00
3.128238672435383894e+00
3.148744579568290014e+00
3.169250486701195690e+00
3.189756393834100923e+00
3.210262300967007043e+00
3.230768208099912275e+00
3.251274115232817952e+00
3.271780022365723628e+00
3.292285929498629304e+00
3.312791836631534981e+00
3.333297743764440657e+00
3.353803650897346333e+00
3.374309558030252010e+00
3.394815465163157242e+00
3.415321372296063362e+00
3.435827279428969039e+00
3.456333186561874271e+00
3.476839093694780392e+00
3.497345000827685624e+00
3.517850907960591300e+00
3.538356815093496976e+00
3.558862722226402653e+00
3.579368629359308329e+00
3.599874536492213561e+00
3.620380443625119238e+00
3.640886350758024914e+00
3.661392257890931035e+00
3.681898165023836711e+00
3.702404072156741943e+00
3.722909979289647620e+00
3.743415886422553296e+00
3.763921793555458528e+00
3.784427700688365093e+00
3.804933607821270325e+00
3.825439514954176001e+00
3.845945422087081678e+00
3.866451329219986910e+00
3.886957236352892586e+00
