0.000000000000000000e+00
3.546527389608343517e-02
7.093054779216687034e-02
1.063958216882503055e-01
1.418610955843337407e-01
1.773263694804171897e-01
2.127916433765006110e-01
2.482569172725840323e-01
2.837221911686674813e-01
3.191874650647509304e-01
3.546527389608343794e-01
3.901180128569177730e-01
4.276571361466949828e-01
4.651962594364722481e-01
5.027353827262495134e-01
5.402745060160266677e-01
5.778136293058039330e-01
6.153527525955810873e-01
6.500042510169139476e-01
6.846557494382466968e-01
7.193072478595795571e-01
7.539587462809123064e-01
7.886102447022451667e-01
8.232617431235780270e-01
8.579132415449108873e-01
8.925647399662436365e-01
9.272162383875763858e-01
9.618677368089092461e-01
9.965192352302421064e-01
1.031170733651574967e+00
1.065822232072907827e+00
1.098170285491574028e+00
1.130518338910240450e+00
1.162866392328906651e+00
1.195214445747572851e+00
1.227562499166239274e+00
1.259910552584905474e+00
1.292258606003571675e+00
1.324606659422238097e+00
1.356954712840904298e+00
1.389302766259570721e+00
1.421650819678236921e+00
1.454160654082980120e+00
1.486670488487723318e+00
1.519180322892466295e+00
1.551690157297209494e+00
1.584199991701952692e+00
1.616709826106695891e+00
1.649219660511438867e+00
1.681729494916182066e+00
1.714239329320925265e+00
1.746749163725668463e+00
1.779258998130411662e+00
1.811768832535154639e+00
1.843945223926392263e+00
1.876121615317629887e+00
1.908298006708867511e+00
1.940474398100105136e+00
1.972650789491342760e+00
2.004827180882580606e+00
2.037003572273818008e+00
2.067034870905639643e+00
2.097066169537461722e+00
2.127097468169283356e+00
2.157128766801104991e+00
2.187160065432927070e+00
2.217191364064748704e+00
2.247222662696570339e+00
2.277253961328392418e+00
2.307285259960214052e+00
2.337316558592035687e+00
2.367347857223857766e+00
2.397379155855679400e+00
2.427410454487501035e+00
2.457441753119322669e+00
2.487473051751144748e+00
2.487473051751144748e+00
2.519821105169810949e+00
2.552169158588477149e+00
2.584517212007143350e+00
2.616865265425809994e+00
2.649213318844476195e+00
2.681561372263142395e+00
2.713909425681808596e+00
2.746257479100474796e+00
2.778605532519141441e+00
2.810953585937807642e+00
2.843301639356473842e+00
2.843301639356473842e+00
2.875649692775140043e+00
2.907997746193806243e+00
2.940345799612472888e+00
2.972693853031139088e+00
3.005041906449805289e+00
3.037389959868471490e+00
3.069738013287137690e+00
3.102086066705803891e+00
3.134434120124470091e+00
3.166782173543136736e+00
3.199130226961802936e+00
