-8.151711834586867766e-01
-7.931418646966016395e-01
-7.711125459345166133e-01
-7.490832271724314761e-01
-7.270539084103463390e-01
-7.050245896482613128e-01
-6.829952708861761757e-01
-6.609659521240911495e-01
-6.389366333620060123e-01
-6.169073145999208752e-01
-5.948779958378358490e-01
-5.728486770757507118e-01
-5.508193583136656857e-01
-5.287900395515805485e-01
-5.067607207894954113e-01
-4.847314020274103297e-01
-4.627020832653252480e-01
-4.406727645032402219e-01
-4.186434457411550847e-01
-3.966141269790700030e-01
-3.745848082169848658e-01
-3.525554894548997842e-01
-3.305261706928147580e-01
-3.084968519307296764e-01
-2.864675331686445947e-01
-2.644382144065594020e-01
-2.424088956444743481e-01
-2.203795768823892665e-01
-1.983502581203042126e-01
-1.763209393582191309e-01
-1.542916205961339382e-01
-1.322623018340488843e-01
-1.102329830719638026e-01
-8.820366430987873485e-02
-6.617434554779366707e-02
-4.414502678570848826e-02
-2.211570802362341701e-02
-8.638926153834493868e-05
2.194292950054672550e-02
4.397224826263179676e-02
6.600156702471697556e-02
8.803088578680204335e-02
1.100602045488871111e-01
1.320895233109722899e-01
1.541188420730572606e-01
1.761481608351424255e-01
1.981774795972273961e-01
2.202067983593125888e-01
2.422361171213975595e-01
2.642654358834827244e-01
2.862947546455679171e-01
3.083240734076528877e-01
3.303533921697380249e-01
3.523827109318229955e-01
3.744120296939081882e-01
3.964413484559933809e-01
4.184706672180783515e-01
4.404999859801634887e-01
4.625293047422484594e-01
4.845586235043336520e-01
5.065879422664187892e-01
5.286172610285038154e-01
5.506465797905889525e-01
5.726758985526739787e-01
5.947052173147591159e-01
6.167345360768442530e-01
6.387638548389292792e-01
6.607931736010144164e-01
6.828224923630994425e-01
7.048518111251845797e-01
7.268811298872697169e-01
7.489104486493547430e-01
7.709397674114398802e-01
7.929690861735249063e-01
8.149984049356100435e-01
8.370277236976951807e-01
8.590570424597802068e-01
8.810863612218653440e-01
9.031156799839503702e-01
9.251449987460355073e-01
9.471743175081205335e-01
9.692036362702055596e-01
9.912329550322909189e-01
1.013262273794375945e+00
1.035291592556460749e+00
1.057320911318545775e+00
1.079350230080631245e+00
1.101379548842716272e+00
1.123408867604801076e+00
1.145438186366886102e+00
1.167467505128971572e+00
1.189496823891056376e+00
1.211526142653141402e+00
1.233555461415226873e+00
1.255584780177311677e+00
1.277614098939396703e+00
1.299643417701481729e+00
1.321672736463567199e+00
1.343702055225652003e+00
1.365731373987737030e+00
1.387760692749822500e+00
1.409790011511907304e+00
1.431819330273992330e+00
1.453848649036077800e+00
1.475877967798162604e+00
1.497907286560247631e+00
1.519936605322332657e+00
1.541965924084418127e+00
1.563995242846502931e+00
1.586024561608587957e+00
1.608053880370673427e+00
1.630083199132758232e+00
1.652112517894843258e+00
1.674141836656928728e+00
1.696171155419013532e+00
1.718200474181098558e+00
1.740229792943183584e+00
1.762259111705269055e+00
1.784288430467353859e+00
1.806317749229438885e+00
1.828347067991524355e+00
1.850376386753609159e+00
1.872405705515694185e+00
1.894435024277779656e+00
1.916464343039864460e+00
1.938493661801949486e+00
1.960522980564034512e+00
1.982552299326119982e+00
2.004581618088205008e+00
2.026610936850290035e+00
2.048640255612375061e+00
2.070669574374460087e+00
2.092698893136545113e+00
2.114728211898630139e+00
2.136757530660715609e+00
2.158786849422800636e+00
2.180816168184885218e+00
2.202845486946970688e+00
2.224874805709055714e+00
2.246904124471140740e+00
2.268933443233226210e+00
2.290962761995311237e+00
2.312992080757396263e+00
2.335021399519480845e+00
2.357050718281566315e+00
2.379080037043651341e+00
2.401109355805736367e+00
2.423138674567821838e+00
2.445167993329906864e+00
2.467197312091991446e+00
2.489226630854076916e+00
2.511255949616161942e+00
2.533285268378246968e+00
2.555314587140331994e+00
2.577343905902417465e+00
2.599373224664502491e+00
2.621402543426587073e+00
2.643431862188672543e+00
2.665461180950757569e+00
2.687490499712842595e+00
2.709519818474928066e+00
2.731549137237013092e+00
2.753578455999098118e+00
2.775607774761182700e+00
2.797637093523268170e+00
2.819666412285353196e+00
2.841695731047438223e+00
2.863725049809523693e+00
2.885754368571608719e+00
2.907783687333693301e+00
2.929813006095778327e+00
2.951842324857863797e+00
2.973871643619949268e+00
2.995900962382033850e+00
3.017930281144119320e+00
3.039959599906203902e+00
3.061988918668288928e+00
3.084018237430374398e+00
3.106047556192458980e+00
3.128076874954544451e+00
3.150106193716629921e+00
3.172135512478714503e+00
3.194164831240799973e+00
3.216194150002884999e+00
3.238223468764969581e+00
3.260252787527055052e+00
3.282282106289140522e+00
3.304311425051225104e+00
3.326340743813310574e+00
3.348370062575395600e+00
3.370399381337480182e+00
3.392428700099565653e+00
3.414458018861650235e+00
3.436487337623735705e+00
3.458516656385821175e+00
3.480545975147905757e+00
3.502575293909990783e+00
3.524604612672076254e+00
3.546633931434160836e+00
3.568663250196246306e+00
