-7.332836230157634416e-01 -7.331091213720409838e-01 -7.322916011680630222e-01 -3.197337348662603884e-01 -3.192240755682481113e-01 -3.176724473130031479e-01 -2.211781506657172214e-01 -2.205426881167998066e-01 -2.187229228742367526e-01 -5.192482535294089193e-05 -1.071976805214350177e-05 -2.894149553324706393e-08 8.333445899802942591e-01 8.335346575925320911e-01 8.336738819413249679e-01 1.528413162062045805e+00 1.528519766780013667e+00 1.528753585929780279e+00 1.548607245990004433e+00 1.549542409324601966e+00 1.549757452604954899e+00 2.274279763296696455e+00 2.275270337121952480e+00 3.554520445919260307e+00 3.577600611794484742e+00 3.578525973415680017e+00 3.578801660309121946e+00 3.866148832714157990e+00 3.866986180415078689e+00 3.867807901439276108e+00
-7.328883982275713471e-01 -7.307675736397241106e-01 -7.301542899612812887e-01 -3.451475944342236035e-01 -3.218193238783281229e-01 -2.953696641157677050e-01 -2.296484383195490364e-01 -2.217500747882295842e-01 -2.155460533668339396e-01 9.465870869148441946e-02 1.021572540912348420e-01 1.407542742368034505e-01 8.334312062656991094e-01 8.336395680165409328e-01 8.344597893277875267e-01 1.507306025102379099e+00 1.525238742385784718e+00 1.525708044111008910e+00 1.550692009966251117e+00 1.566697941081053980e+00 1.576693241537958201e+00 2.275061758340199969e+00 2.276083571071689793e+00 3.492783517893816470e+00 3.576568150230831744e+00 3.577382699673158140e+00 3.621896835679176085e+00 3.867274019843188526e+00 3.868604363853413552e+00 3.879145118560821448e+00
-7.331814952620727688e-01 -7.232801691365506880e-01 -7.227068094244876173e-01 -3.956514566767799779e-01 -3.301587203469102949e-01 -2.420066662333973662e-01 -2.257909443775244496e-01 -2.212752354242253361e-01 -1.993536611906896738e-01 1.615439656340369456e-01 1.854848357412981485e-01 2.822711689431756654e-01 8.335540911908669859e-01 8.337435888290214425e-01 8.369775876322143038e-01 1.485869338551834229e+00 1.518602845301407989e+00 1.524252369814939723e+00 1.554426786985400266e+00 1.608637787343547343e+00 1.613534997537759974e+00 2.276019511297756370e+00 2.279268760393495352e+00 3.409206473289872807e+00 3.572521064972141058e+00 3.573543233216707193e+00 3.656421843148040640e+00 3.868490036309956359e+00 3.871123780149724691e+00 3.912610978248503013e+00
-7.337411863529198497e-01 -7.112433664599316918e-01 -7.096750799999268500e-01 -4.404714891143726718e-01 -3.418522234725782094e-01 -2.471571110507280178e-01 -2.189322901999508075e-01 -1.879614059084026290e-01 7.051533951217402174e-02 2.120723067303153797e-01 2.544019267579106236e-01 4.211160137995951791e-01 8.338227899903989382e-01 8.340391964157241045e-01 8.405568450224621957e-01 1.471731926856213235e+00 1.509173668192983264e+00 1.526883152504894481e+00 1.559976169909333299e+00 1.646791075835138507e+00 1.669887519926272601e+00 2.277294488885883705e+00 2.282639924830729861e+00 3.320665956111222616e+00 3.567091786557360145e+00 3.568176902420195695e+00 3.676743849001450126e+00 3.869385432887600285e+00 3.874037088034420151e+00 3.956691746204216820e+00
-7.345328823773463744e-01 -6.959281041419729252e-01 -6.898247574781860569e-01 -4.678263415843023076e-01 -3.539950742199246547e-01 -2.460118707544937666e-01 -2.159370943564831447e-01 -1.621134409499396523e-01 2.568825300961877223e-01 2.577358792577542079e-01 3.125582902963745524e-01 5.505788616465540075e-01 8.341435303917210664e-01 8.350943794374301454e-01 8.445846237602119277e-01 1.464038845461505645e+00 1.498962167482740027e+00 1.531786492850082615e+00 1.567834294864144828e+00 1.671044931907298192e+00 1.746450105747820336e+00 2.278925972953723456e+00 2.282453507196723574e+00 3.234822968183575398e+00 3.561645821524052291e+00 3.562435210000323593e+00 3.688566580775078929e+00 3.869347588933348181e+00 3.875562232842443056e+00 4.001108074045183649e+00
-7.355437446066160900e-01 -6.781423081257735852e-01 -6.634975807316533247e-01 -4.753516990422143595e-01 -3.648503800875573244e-01 -2.407382067467637721e-01 -2.132376643103898461e-01 -1.310973497824759748e-01 3.039365148675937101e-01 3.608364501319692441e-01 3.627673554160055769e-01 6.645802100512985255e-01 8.344261955287974875e-01 8.377413047913058186e-01 8.486686356289603328e-01 1.461242074434963678e+00 1.489225895245733788e+00 1.538036905885828975e+00 1.578586656697302582e+00 1.683139456926568522e+00 1.834007926962989421e+00 2.273389615086872428e+00 2.280909305975554524e+00 3.160050176488799156e+00 3.556834925936334102e+00 3.557840990131517778e+00 3.695203841513422738e+00 3.867845718556180312e+00 3.874457952316505693e+00 4.038803782912589568e+00
-7.367532251062895998e-01 -6.586217989368159387e-01 -6.337490489978044872e-01 -4.650963917914048285e-01 -3.739899120095418472e-01 -2.328868084323881815e-01 -2.116115698641940490e-01 -9.330245144826745940e-02 3.522591195735707004e-01 3.995655606456084419e-01 4.457254431476588841e-01 7.579855276534640529e-01 8.346682780182809180e-01 8.427115898951362816e-01 8.527119178044163528e-01 1.461593131847476856e+00 1.480773709478952593e+00 1.545003651590969751e+00 1.592329984393010545e+00 1.682859082966043474e+00 1.928995627469883845e+00 2.250185307531115342e+00 2.283012399745002696e+00 3.104871033438680428e+00 3.553101020527784648e+00 3.555269629059764736e+00 3.697820680966313667e+00 3.864687753845453155e+00 3.870301564283919582e+00 4.065246823150266309e+00
-7.381271598011592827e-01 -6.377750905366417200e-01 -6.060379604664958286e-01 -4.424301261156704523e-01 -3.816960581086561444e-01 -2.235545923649848721e-01 -2.112676723122954014e-01 -3.520231530884209564e-02 4.008877913116365432e-01 4.298245603659687775e-01 5.145964162508656070e-01 8.262132742707620769e-01 8.348438312197675737e-01 8.501427102597335361e-01 8.567949231141235300e-01 1.463208695479720767e+00 1.473888064227661943e+00 1.552246016648853644e+00 1.608285449214122753e+00 1.673248021252102147e+00 2.027571030191431589e+00 2.211925572257923633e+00 2.285196486223211032e+00 3.075128808473171826e+00 3.551061183793100984e+00 3.554309270280405997e+00 3.696452737003165900e+00 3.860036021380000459e+00 3.863594007872971581e+00 4.077461666723195322e+00
-7.396155151021374108e-01 -6.156704396385891398e-01 -5.847883447674731006e-01 -4.172296838637974958e-01 -3.885100472739003719e-01 -2.134469021535263245e-01 -2.105369178334936253e-01 7.172688748750327692e-02 4.447630051165249454e-01 4.539114794378930617e-01 5.723400536304750208e-01 8.349321317485678406e-01 8.588660835359085421e-01 8.609978337343818788e-01 8.658133598673926068e-01 1.464217946662572878e+00 1.468456990893647784e+00 1.559447514703375948e+00 1.624743225277294423e+00 1.660292553603960997e+00 2.101235184438687398e+00 2.189263068985711325e+00 2.287347066897689185e+00 3.071017446783547822e+00 3.550607266057208555e+00 3.554164611764775827e+00 3.690620581447678017e+00 3.854213076249227043e+00 3.855743961369830775e+00 4.073724298994509496e+00
-7.411527532446959832e-01 -5.922240615365107486e-01 -5.717052441637715532e-01 -4.014782817789330771e-01 -3.949451137355866615e-01 -2.051659212581192215e-01 -2.023177232572256068e-01 1.028376802928050726e-01 4.746561203949489216e-01 4.773359407522789200e-01 6.192995294481047353e-01 8.349325935716979119e-01 8.653201041444484876e-01 8.663569345343037353e-01 8.759839209524912240e-01 1.463354763481290011e+00 1.464196514822124318e+00 1.566327742546358648e+00 1.639471994182281955e+00 1.651131576823880787e+00 2.064709622284894852e+00 2.274744557568003867e+00 2.289371801042685117e+00 3.087487254820158178e+00 3.551169289847585731e+00 3.553722816922543437e+00 3.679621568641707086e+00 3.847454547407668013e+00 3.848831115649699708e+00 4.053712135756195600e+00
-7.426608007451926952e-01 -5.677227909532600592e-01 -5.670439248126354359e-01 -4.014952965973552224e-01 -4.012701455841252152e-01 -1.907165840871001272e-01 -1.896425606721090784e-01 1.232702931453709544e-01 4.942384676831204082e-01 4.945423089942454498e-01 6.526401184168345582e-01 8.348551131875692199e-01 8.613837685211627182e-01 8.696688214391805616e-01 8.698518516808254608e-01 1.460733422490998690e+00 1.460927622287994554e+00 1.572582742104322806e+00 1.650416217373954941e+00 1.650694968929400153e+00 2.002822121885608375e+00 2.291184596369042925e+00 2.391030039691159459e+00 3.117440744419480492e+00 3.551594998549675086e+00 3.552357477582892997e+00 3.662635531662893129e+00 3.841783120607400459e+00 3.843028130937094389e+00 4.018910038848531485e+00
-7.440543736943343589e-01 -5.714126931920195940e-01 -5.421699657108565162e-01 -4.123427897591788183e-01 -4.078654891175046981e-01 -1.752204930249275650e-01 -1.676092702879304619e-01 1.379455665836429590e-01 4.967707454064183570e-01 5.141498862650074608e-01 6.630714835340955071e-01 8.347222013078986480e-01 8.367447365237145052e-01 8.677590016697752651e-01 8.741312645433131356e-01 1.457967352580037179e+00 1.458263704487984924e+00 1.577921283358123983e+00 1.656605059401920155e+00 1.659098209173527128e+00 1.945923680271577361e+00 2.292734854121956545e+00 2.511277922803657692e+00 3.154292670425669964e+00 3.548225411169517507e+00 3.552689335267037674e+00 3.638761975309516838e+00 3.837008665295039478e+00 3.839863782959766159e+00 3.973172434545427567e+00
-7.452480545609803109e-01 -5.825831967772588937e-01 -5.175366424096015106e-01 -4.247649377887538491e-01 -4.146448850747489479e-01 -1.578169399369896420e-01 -1.414757952472070479e-01 1.481907118760177888e-01 4.898181309921543769e-01 5.332632985675255233e-01 6.378917231561074264e-01 8.243939885057204320e-01 8.345707338646901619e-01 8.609381527055361971e-01 8.783441707724483072e-01 1.455664449425744023e+00 1.456555442584923865e+00 1.582146520358755026e+00 1.658196987588857141e+00 1.672928619730271071e+00 1.900069696255077600e+00 2.293975656175726296e+00 2.627137624206206556e+00 3.192770803123039958e+00 3.543343214377011385e+00 3.552660143746936505e+00 3.607355074333463918e+00 3.832660254477388673e+00 3.839899937920006057e+00 3.923212527084001255e+00
-7.461642220989952445e-01 -5.963280699344868374e-01 -4.955884192137138822e-01 -4.331350697128277805e-01 -4.217256116324814008e-01 -1.393252766960469125e-01 -1.166207794460429187e-01 1.543893432360849971e-01 4.799843713492881747e-01 5.498277761147313258e-01 5.876643083787818078e-01 8.275780754899790814e-01 8.344294389424784519e-01 8.517590621178277033e-01 8.820434913505881269e-01 1.453806687754198634e+00 1.455872922905403932e+00 1.585177365914857139e+00 1.656768767240537787e+00 1.687314430491778872e+00 1.867128601057557180e+00 2.294878471291975863e+00 2.728268632363492596e+00 3.228575507398727673e+00 3.538362500697982860e+00 3.552190015220250352e+00 3.569798530714535012e+00 3.829391507149773943e+00 3.841544708175230305e+00 3.878187744188803521e+00
-7.467407745891561088e-01 -6.070862661613194433e-01 -4.789423743551822210e-01 -4.370594738326620821e-01 -4.285164163740324828e-01 -1.239328381065410017e-01 -9.789423351434144160e-02 1.571013701827072562e-01 4.722648637105398284e-01 5.416397010547250312e-01 5.612891504893315897e-01 8.340969914430436116e-01 8.343321074323037934e-01 8.438484274528010864e-01 8.846769384992482221e-01 1.452543291574012851e+00 1.455752987237127760e+00 1.586998100863137529e+00 1.654566208154508944e+00 1.697891727553929364e+00 1.847419532160935018e+00 2.295426046714168056e+00 2.800161487866966947e+00 3.256701879053132576e+00 3.534005250908891060e+00 3.534784004907232102e+00 3.551652469854342797e+00 3.827381012466458898e+00 3.843277634872064752e+00 3.847265760832002446e+00
-7.469375838369625153e-01 -6.110729831564695180e-01 -4.720749681147791144e-01 -4.380958691133460814e-01 -4.319373287625713487e-01 -1.177091648228825033e-01 -9.069258967579926778e-02 1.576845789670133224e-01 4.694121542218398502e-01 5.232927703100581640e-01 5.653872595871800577e-01 8.342936865581214168e-01 8.368908415896391118e-01 8.407140289851204873e-01 8.856452076816146990e-01 1.452087230102051096e+00 1.455767061979116983e+00 1.587605822095574215e+00 1.653569035975663848e+00 1.701753985374939271e+00 1.840866666427281917e+00 2.295609475082828421e+00 2.826716660559216887e+00 3.268319427690891565e+00 3.518109923614646029e+00 3.533331020707372705e+00 3.551419313406231737e+00 3.826702092898698115e+00 3.836305632781716657e+00 3.844036047175848125e+00
-7.441400565779419107e-01 -6.035629420207643259e-01 -4.798927764033811827e-01 -4.338450471711573497e-01 -4.208320089983271783e-01 -1.228214534221757914e-01 -9.656293795480956621e-02 1.577159973757271405e-01 4.764176376402959323e-01 5.238791886957543387e-01 5.671908713679467695e-01 8.055807442988329736e-01 8.349604786212342367e-01 8.548152501518181401e-01 9.000983004201305038e-01 1.452490416563741560e+00 1.456012306317096217e+00 1.582143829016708025e+00 1.663649160023841445e+00 1.707834917796911434e+00 1.839444296715141869e+00 2.296952614972684881e+00 2.817655167802004090e+00 3.240345830955881024e+00 3.518213302143374577e+00 3.539981069376531231e+00 3.565273840173784681e+00 3.830169087427149677e+00 3.836334705500681341e+00 3.847903458700308033e+00
-7.358724385900535792e-01 -5.853277401576481020e-01 -4.978449727494402843e-01 -4.259970354429740147e-01 -3.841938506863918357e-01 -1.389182869504616280e-01 -1.086973029831063975e-01 1.597739479471936286e-01 4.932632129450055802e-01 5.243195009813370611e-01 5.757593295261352884e-01 7.645977300708119984e-01 8.369249993820591094e-01 8.605470277694006187e-01 9.263964884219877405e-01 1.453317139524816337e+00 1.457135217540405980e+00 1.569197726322836939e+00 1.687147690914408527e+00 1.729392671082746968e+00 1.835270666599933209e+00 2.299916249237539123e+00 2.791708637681163285e+00 3.176684559833554466e+00 3.518680151463597028e+00 3.541508309566324453e+00 3.605810219645706471e+00 3.833662540087650061e+00 3.836542486795154971e+00 3.865055270821943001e+00
-7.224584130938672688e-01 -5.674471023750928822e-01 -5.175845265442720056e-01 -4.140908393853475755e-01 -3.203303956481575177e-01 -1.648695986181654416e-01 -1.189946053457508757e-01 1.656544052612335949e-01 5.069479639173699592e-01 5.240146442786397518e-01 5.981843864956118972e-01 7.210314255240034553e-01 8.400941265824866111e-01 8.640181857395470288e-01 9.501769158916313351e-01 1.453795190147976202e+00 1.459950344276712331e+00 1.553106008452481035e+00 1.709606840430567098e+00 1.775738894867463946e+00 1.828985816171064593e+00 2.300935056763381503e+00 2.752915761851503440e+00 3.103118309279816689e+00 3.519442275866837999e+00 3.540810567894894678e+00 3.647780885787921257e+00 3.834160835286994917e+00 3.836938418749935131e+00 3.894508153818744045e+00
-7.043457599442661810e-01 -5.653293109717091314e-01 -5.272202130104427509e-01 -3.965615743916596769e-01 -2.299179255525905241e-01 -1.888730442926437880e-01 -1.253780268025963540e-01 1.731502818752033990e-01 5.091632652922110092e-01 5.229510213684893660e-01 6.326255170622320234e-01 6.796963880308032335e-01 8.442512121897659538e-01 8.657343737112537241e-01 9.675372654717958598e-01 1.453942351248561415e+00 1.464524302669133471e+00 1.536301387310673228e+00 1.728155374689377854e+00 1.815330839482992342e+00 1.850969119246711037e+00 2.293080461013023541e+00 2.709017331408539508e+00 3.033520177731000356e+00 3.520353878860173591e+00 3.539702311875342122e+00 3.681520781207300974e+00 3.833864427180301515e+00 3.837224296560700854e+00 3.927878554454368842e+00
-6.821366007753534300e-01 -5.812981072524672221e-01 -5.255042233167219745e-01 -3.729095122589075606e-01 -2.362078954806794140e-01 -1.321208320591575336e-01 6.555202330017942391e-02 1.791034880902343251e-01 5.069710594361860334e-01 5.185921786813583179e-01 6.326021836856781100e-01 6.782082784174331413e-01 8.489771822110980803e-01 8.655665021549100446e-01 9.777660891899048190e-01 1.454044761114452688e+00 1.470599907359715353e+00 1.520348910677482346e+00 1.745347564403178620e+00 1.805454282878139693e+00 1.935638008083072403e+00 2.266624065199025040e+00 2.671185802932373399e+00 2.976246250575436125e+00 3.521228968643838275e+00 3.538644352376441482e+00 3.705390970502747017e+00 3.833498846585178033e+00 3.837345916272787427e+00 3.957462263761484245e+00
-6.569353120727462469e-01 -6.035785628978415085e-01 -5.234101735169895964e-01 -3.442999329066301906e-01 -2.707840959380343193e-01 -1.338191242242404710e-01 1.820145332718889064e-01 2.078341439514177769e-01 5.052226447565965062e-01 5.135815703447146330e-01 6.038693037241079642e-01 7.039495587829789347e-01 8.535411422803651504e-01 8.638761145776752137e-01 9.822704430003902365e-01 1.454167044387242980e+00 1.477729353345943686e+00 1.506748584130008561e+00 1.761657791874744694e+00 1.792492199606212422e+00 2.026644982601807587e+00 2.216004983516555615e+00 2.648466307197198333e+00 2.937939000354365060e+00 3.521888949930564117e+00 3.537874096124798751e+00 3.719559982983369206e+00 3.833271769414306807e+00 3.837342317365658229e+00 3.977478832421545540e+00
-6.353792083599977270e-01 -6.240381020427698822e-01 -5.227430594265667363e-01 -3.201007660690008416e-01 -2.972619514515308925e-01 -1.344995560317336358e-01 1.829699922780237964e-01 2.419241027257140741e-01 5.044690779042854123e-01 5.119152612653535828e-01 5.914771868177660652e-01 7.138063347329425268e-01 8.561246337866899037e-01 8.622626815895405583e-01 9.833812054975004102e-01 1.454223492434284060e+00 1.482546477607630031e+00 1.499672795352380517e+00 1.774179102086559823e+00 1.781030785361624513e+00 2.088135929911243416e+00 2.168323920765331536e+00 2.641559067832465413e+00 2.924333872448154015e+00 3.522207416949222569e+00 3.537519799439362345e+00 3.724258445501959169e+00 3.833245446231569264e+00 3.837270554625035412e+00 3.984529355240805426e+00
-6.489715412078702617e-01 -6.089040217908663344e-01 -5.214214585061925922e-01 -3.289388432722931133e-01 -2.806206054145843898e-01 -1.366789807587601990e-01 1.777343275115336185e-01 2.235858327361130438e-01 5.107125238991087057e-01 5.165238604524597932e-01 6.020488437694089257e-01 7.053501287382567542e-01 8.555957334527258817e-01 8.637982932213473797e-01 9.791540534005844787e-01 1.454736233596703787e+00 1.481530292497073908e+00 1.504091070754945525e+00 1.768819729964258514e+00 1.785189218198082850e+00 2.053752499084303906e+00 2.196531549323863519e+00 2.639682868810335314e+00 2.928434170741875064e+00 3.518096127314024990e+00 3.533472312451454211e+00 3.728029718562455574e+00 3.830235798516166135e+00 3.837977703347543290e+00 3.987755752857014446e+00
-6.648965338177749151e-01 -5.905366074671335452e-01 -5.214012410328355829e-01 -3.393035085568893439e-01 -2.558766432592820550e-01 -1.421685629376869819e-01 1.660851734278396830e-01 1.794343988832895753e-01 5.176584186774176866e-01 5.266261834491898775e-01 6.254632715934368425e-01 6.892060233167848216e-01 8.533934443771065137e-01 8.654074268772371514e-01 9.760268281382433742e-01 1.455728823060239208e+00 1.477221464850357879e+00 1.515818937490298834e+00 1.767101423328169885e+00 1.789745661189673154e+00 1.995998159606090727e+00 2.236486474727699125e+00 2.634552366773258658e+00 2.938632216883163562e+00 3.508054636952692373e+00 3.526430791150388711e+00 3.737531005941407081e+00 3.817608973143328033e+00 3.839334890309959558e+00 4.000002780768464383e+00
-6.777978887253827134e-01 -5.747227603471987134e-01 -5.221035731363457000e-01 -3.434868763906334110e-01 -2.325627923886858517e-01 -1.498487246465440292e-01 9.461259420478757010e-02 1.596529926192667703e-01 5.276897752809689424e-01 5.398795220015811802e-01 6.423020373982807341e-01 6.747614604958108719e-01 8.510914407273475479e-01 8.659150297325712842e-01 9.748254225182860777e-01 1.457387629481105451e+00 1.472233217210144884e+00 1.530081068099787611e+00 1.771018368889929251e+00 1.792836383199149841e+00 1.939592219425450237e+00 2.267317807004728181e+00 2.628826067133589017e+00 2.951706722877347033e+00 3.492404264013525328e+00 3.521994443340384251e+00 3.748955586523419647e+00 3.802583095541174352e+00 3.840611433728141400e+00 4.013926734035660360e+00
-6.861925245224603787e-01 -5.638491410190922259e-01 -5.229063986269691933e-01 -3.429742261127197711e-01 -2.140493428020932842e-01 -1.583073472177548291e-01 -9.269098593024821531e-02 1.503619658092700262e-01 5.353845087494568666e-01 5.579617269135951352e-01 6.278776637101890490e-01 6.823806651911344945e-01 8.493772285290400736e-01 8.656470997273443269e-01 9.748824281671067959e-01 1.459812500554593218e+00 1.467542932776730424e+00 1.542068945043388428e+00 1.779627323091091062e+00 1.794523010732970159e+00 1.894750417834438094e+00 2.285901301679395203e+00 2.624746800943647429e+00 2.962678243194361460e+00 3.478728420652652087e+00 3.519802437044497800e+00 3.758621180553221919e+00 3.790334680402926093e+00 3.841482244128023638e+00 4.024150821240525033e+00
-6.891082354765685203e-01 -5.599359842440254642e-01 -5.232586138283440436e-01 -3.419135868158911795e-01 -2.060065971740540902e-01 -1.630090878338797677e-01 -1.242127418289816349e-01 1.467265489889108265e-01 5.379987048938102978e-01 5.707589650501661005e-01 6.136363841178161804e-01 6.881708015706894388e-01 8.487377997429581544e-01 8.654143183149105578e-01 9.750734655843090737e-01 1.462294166307621879e+00 1.464266621591731488e+00 1.546845108632452392e+00 1.785693654198015290e+00 1.794944143110032808e+00 1.875720748592224041e+00 2.292030314208105768e+00 2.623324024870029803e+00 2.966965123287689021e+00 3.473400348373291369e+00 3.519118571421116393e+00 3.763001979931523078e+00 3.785025021828391623e+00 3.841788118516410666e+00 4.027848309273377225e+00
-6.710228432237237417e-01 -5.612507049605540699e-01 -5.348823187226168230e-01 -3.133655962876664702e-01 -2.216740796670345071e-01 -1.893174835611031170e-01 1.323566095100600637e-01 1.561750177738478185e-01 5.408597797860511536e-01 5.804281107764849290e-01 5.960212220342941958e-01 7.244560761429560403e-01 8.534734153559415670e-01 8.612095747610105656e-01 9.759737065317821703e-01 1.466705673421357714e+00 1.468451851090543547e+00 1.541581862010025894e+00 1.774834300139855880e+00 1.835304533320381015e+00 1.938025541896563286e+00 2.273971633345495569e+00 2.550273500307488117e+00 2.911418775359025712e+00 3.457845398683954130e+00 3.517687263930715957e+00 3.769513670137129679e+00 3.795160850028600041e+00 3.845636377394498151e+00 4.080005932489946474e+00
-6.543721719074339083e-01 -5.660216163068281237e-01 -5.536640485988207905e-01 -2.897440215896794902e-01 -2.329139185966695169e-01 -2.219653389317832737e-01 1.158022368353379544e-01 2.324282368438973234e-01 5.356239286742134897e-01 5.702253713135178037e-01 5.803900003411438524e-01 7.759976449427062883e-01 8.539080568451379305e-01 8.568767733793866137e-01 9.739320109700112527e-01 1.470990847389771483e+00 1.471467950322308926e+00 1.537454257475785457e+00 1.758075464708323876e+00 1.894746677681702796e+00 1.999481043597314489e+00 2.246470545328352220e+00 2.471903637755562766e+00 2.863711610252825501e+00 3.446114335648055693e+00 3.518431707461649793e+00 3.753539733589379424e+00 3.820090935404690580e+00 3.848557833227755687e+00 4.128816379473968290e+00
-6.403483272914585189e-01 -5.775355934858895646e-01 -5.742724201805780027e-01 -2.714206659344372552e-01 -2.556627185815420478e-01 -2.404841505814764024e-01 8.972310377959860639e-02 2.639824026701216297e-01 5.144696104378074786e-01 5.553420118460570265e-01 5.726884256025709385e-01 8.273491802716413934e-01 8.452232780426864878e-01 8.587966443284158480e-01 9.691695728253214570e-01 1.470878735073868127e+00 1.475909253200203164e+00 1.534018610246465242e+00 1.747612354977219784e+00 1.959997108887418404e+00 2.054699937398814402e+00 2.209166321603945882e+00 2.391739872614448981e+00 2.826651746731207115e+00 3.438562551013318647e+00 3.522366985516196536e+00 3.739043642073664131e+00 3.837392283282941907e+00 3.850077177840186327e+00 4.171771780386825945e+00
-6.297915483914228174e-01 -5.950945579663883267e-01 -5.933480634929739761e-01 -2.861501441016514047e-01 -2.572095140204372354e-01 -2.438409790510938369e-01 2.396234142802149136e-02 2.659337792679159485e-01 4.902688918853323474e-01 5.485520091169069357e-01 5.596991693012800528e-01 8.365049461402197517e-01 8.597082469629464541e-01 8.706135279634190649e-01 9.612569978143427063e-01 1.468906976196526326e+00 1.479574463430236797e+00 1.530885182483803675e+00 1.741655883573881791e+00 2.026478156842864919e+00 2.094006518567066877e+00 2.162023084424110397e+00 2.317694567362630576e+00 2.803847089225637301e+00 3.435085931457960484e+00 3.529297090336446896e+00 3.728531263529335504e+00 3.845218383499700909e+00 3.851950397281619143e+00 4.206711305653904276e+00
-6.248977028674579381e-01 -6.150910309393781139e-01 -6.082530103637684427e-01 -3.090616779808268988e-01 -2.473193463493471578e-01 -2.393031747382415586e-01 -9.682302956237713587e-02 2.478788344531852594e-01 4.749577944692455755e-01 5.421490877514699713e-01 5.426838076547093603e-01 8.286900611468932532e-01 8.599752568312505341e-01 8.997921753264411793e-01 9.504270367847006407e-01 1.467467046318716051e+00 1.482409955946311086e+00 1.528031914295382210e+00 1.735041949133237615e+00 2.087595697703561459e+00 2.096627801123222223e+00 2.107873165388893355e+00 2.269999896108513937e+00 2.798720852994383446e+00 3.435129704122042771e+00 3.537811548313124277e+00 3.724687443729016056e+00 3.845310301080959725e+00 3.853432597148174654e+00 4.231634660287808991e+00
-6.335336496660115557e-01 -6.323423816876079240e-01 -6.135868574491589733e-01 -3.233022634381356730e-01 -2.421465014822458406e-01 -2.235391136362971098e-01 -1.437873708423381414e-01 2.175577838730043678e-01 4.681222877284227923e-01 5.212651271317217949e-01 5.327612253104762052e-01 8.224749516413297767e-01 8.594297837293330966e-01 9.061184412561688051e-01 9.401919846566669792e-01 1.469259085194198455e+00 1.484795554762768921e+00 1.525434196189515035e+00 1.723592406824334899e+00 2.040195915392189807e+00 2.049977817750865849e+00 2.148024134063907020e+00 2.262776150354281590e+00 2.813252269747892775e+00 3.437906444676696260e+00 3.545758499051122392e+00 3.729488497422605686e+00 3.843689905640360394e+00 3.850495360944183432e+00 4.244684844408690871e+00
-6.487246938271273855e-01 -6.463634397384324659e-01 -6.169387739164948758e-01 -3.327215039648288575e-01 -2.355098100570250375e-01 -2.042077647354458292e-01 -1.757486432748101568e-01 1.763980586813440610e-01 4.645020828375570066e-01 4.937763672258173031e-01 5.178949766554795664e-01 8.182334658932448601e-01 8.577502328617047089e-01 8.843103757224241024e-01 9.309543998732814352e-01 1.475778083463425316e+00 1.487404374213970204e+00 1.522728519962307292e+00 1.707231239057136918e+00 1.971955062887866594e+00 1.981654155671905837e+00 2.195417274860412160e+00 2.271812903731020405e+00 2.847268299638181066e+00 3.442989523464395685e+00 3.551166049554301374e+00 3.743106343262648128e+00 3.835620276473440171e+00 3.850188221357315310e+00 4.244309325608021766e+00
-6.615081845182814169e-01 -6.614757768917489678e-01 -6.247675183301873991e-01 -3.437064334822313993e-01 -2.283740398217170287e-01 -1.946461927143169068e-01 -1.894404135154165447e-01 1.166868926432173131e-01 4.557624670227460872e-01 4.583552036178062949e-01 4.963388833495419039e-01 8.158901666987329326e-01 8.392140993568117935e-01 8.550725380970635170e-01 9.157644897322619881e-01 1.485749750598926555e+00 1.490899207956085437e+00 1.519227224277842403e+00 1.689289709571131670e+00 1.903449610568669570e+00 1.912512087806675698e+00 2.232149365158117238e+00 2.280560878496594057e+00 2.898889485750648642e+00 3.450739378636684673e+00 3.553300762383662992e+00 3.763481518183060093e+00 3.819861871025664879e+00 3.855313929098177717e+00 4.229553349197838763e+00
-6.768062212950045620e-01 -6.733110303185138035e-01 -6.376540173183612437e-01 -3.608848837727308689e-01 -2.261018586797322594e-01 -2.032698128304833429e-01 -1.883440645851164885e-01 -6.654272192718110879e-02 4.149566775684865871e-01 4.333029871329885929e-01 4.663553771438642692e-01 7.715457407467181117e-01 8.151457647584028354e-01 8.519693841481634777e-01 8.975405479263255382e-01 1.494623861166311629e+00 1.495503734532269924e+00 1.515132107769512348e+00 1.671728187390192355e+00 1.838453258227009446e+00 1.851056262627385873e+00 2.257936908361019235e+00 2.285557662769046150e+00 2.965518426776938998e+00 3.462001738964088471e+00 3.553108590364374653e+00 3.787085490336024485e+00 3.799493983691073495e+00 3.862949283987915372e+00 4.200388298891998495e+00
-6.914085707539164849e-01 -6.852506662436681495e-01 -6.547636151053302100e-01 -3.837022604787496127e-01 -2.416368699967180456e-01 -2.064277898472617612e-01 -1.953207516777493991e-01 -1.475633863960341685e-01 3.672978933611393271e-01 3.940521408164421868e-01 4.214611601492566084e-01 6.866264138235460557e-01 8.158442032809744004e-01 8.488483213547697304e-01 8.801865213011900169e-01 1.495108678394596380e+00 1.500651171456314215e+00 1.515076868788357567e+00 1.651138873564181653e+00 1.779043729278246166e+00 1.802270415702297957e+00 2.273743407813552331e+00 2.286905337640918745e+00 3.044323255413111884e+00 3.477372613322850192e+00 3.552602771841206319e+00 3.776014501151671698e+00 3.810264785407114552e+00 3.870673529628462450e+00 4.157964063570225299e+00
-7.044259619349577672e-01 -6.975333995879982041e-01 -6.743163730043493231e-01 -4.061172707060253795e-01 -2.762485031744129627e-01 -2.097835762176673835e-01 -1.999038786074649743e-01 -1.918132382529667557e-01 3.207402968877853255e-01 3.296346420801389288e-01 3.637855813624039092e-01 5.926129409594844688e-01 8.179629437282364135e-01 8.456986262269496901e-01 8.654221840476182814e-01 1.488206034559703683e+00 1.505151378876947499e+00 1.519398068538163837e+00 1.624634884606507512e+00 1.725575652445441088e+00 1.764812864738746656e+00 2.281361263166520104e+00 2.285577967143754385e+00 3.132115495102468561e+00 3.496616545762659012e+00 3.553738186401889987e+00 3.750552003534936674e+00 3.830265064188429935e+00 3.876243151457428038e+00 4.104712519601291021e+00
-7.151816951374156961e-01 -7.094548040967741942e-01 -6.938030201110826356e-01 -4.189140915416418309e-01 -3.098232139201735902e-01 -2.278729845913434471e-01 -2.087121563825671267e-01 -2.049789326714317184e-01 2.213144304709155630e-01 2.760912602007541405e-01 3.075888558680813789e-01 4.931416437251795459e-01 8.213237826411791120e-01 8.424239615067352638e-01 8.537198975120009470e-01 1.481828602425380836e+00 1.508095455265808349e+00 1.523549341866836881e+00 1.597019065126075832e+00 1.677484841463177334e+00 1.728960524794503684e+00 2.282811783807488393e+00 2.283043452515379546e+00 3.225182562143358744e+00 3.518426081862238153e+00 3.557540250251337355e+00 3.723814224664999006e+00 3.845623290425810747e+00 3.878297992952492113e+00 4.044337213206893544e+00
-7.233436587998876011e-01 -7.195703512207733965e-01 -7.106765171582416496e-01 -4.135369116485464458e-01 -3.294708822382654834e-01 -2.491986139433881586e-01 -2.165808702300243416e-01 -2.109401676796860692e-01 -7.343120188524746017e-02 2.283346734700361369e-01 2.495849735408872117e-01 3.871768345040090264e-01 8.254139260157165037e-01 8.391595450593072325e-01 8.448901781726950722e-01 1.480412846051700981e+00 1.509987526326726615e+00 1.526515852974181131e+00 1.574550989474700957e+00 1.634299674614073439e+00 1.686335069143700016e+00 2.279781757883318605e+00 2.281178487045440573e+00 3.319402936624043843e+00 3.540467398972149571e+00 3.563740330746461016e+00 3.695598672003902241e+00 3.856083635977076263e+00 3.876802141334806162e+00 3.981929420252833918e+00
-7.289095749598769602e-01 -7.267788668218863046e-01 -7.232124228597509585e-01 -3.864589800203351855e-01 -3.324343256918559919e-01 -2.730006888810290189e-01 -2.275787967736112305e-01 -2.160758641905393407e-01 -1.967378095678173067e-01 1.701970366851944250e-01 1.853190854480350203e-01 2.733923055442560313e-01 8.293998278334141494e-01 8.362967293855713136e-01 8.386277940636059913e-01 1.487292395697705327e+00 1.513099471896084625e+00 1.528147716424083979e+00 1.559671005315777181e+00 1.596369178609335915e+00 1.636420782696955900e+00 2.277310806247975883e+00 2.277998626280653749e+00 3.410471287685165720e+00 3.559686300889763455e+00 3.570841551816958059e+00 3.663766674151149871e+00 3.862277144598140755e+00 3.873074303740356328e+00 3.924645823611397688e+00
-7.320861015073779621e-01 -7.310248648331545418e-01 -7.306836018688910306e-01 -3.448979068770383072e-01 -3.239612727297014327e-01 -3.058026301134172398e-01 -2.283128601000199709e-01 -2.186436866317565397e-01 -2.174421304899409602e-01 9.451056691007324317e-02 1.055909650797639543e-01 1.480056865115126630e-01 8.323142902977528346e-01 8.343232061805680999e-01 8.348302178007825924e-01 1.505317908064769172e+00 1.520279916378536766e+00 1.528620821387757012e+00 1.551900127662625861e+00 1.565364688295068252e+00 1.585455405813931851e+00 2.275310008763786751e+00 2.275779492264061954e+00 3.493731816911513466e+00 3.572894447033654775e+00 3.576575890002205771e+00 3.623400863256936333e+00 3.865291795008998665e+00 3.869348913226343001e+00 3.882650436631232882e+00
-7.332836230157634416e-01 -7.331091213720409838e-01 -7.322916011680630222e-01 -3.197337348662603884e-01 -3.192240755682481113e-01 -3.176724473130031479e-01 -2.211781506657172214e-01 -2.205426881167998066e-01 -2.187229228742367526e-01 -5.192482535294089193e-05 -1.071976805214350177e-05 -2.894149553324706393e-08 8.333445899802942591e-01 8.335346575925320911e-01 8.336738819413249679e-01 1.528413162062045805e+00 1.528519766780013667e+00 1.528753585929780279e+00 1.548607245990004433e+00 1.549542409324601966e+00 1.549757452604954899e+00 2.274279763296696455e+00 2.275270337121952480e+00 3.554520445919260307e+00 3.577600611794484742e+00 3.578525973415680017e+00 3.578801660309121946e+00 3.866148832714157990e+00 3.866986180415078689e+00 3.867807901439276108e+00
-7.319181754324294298e-01 -7.313260371973725471e-01 -7.304014717591716943e-01 -3.442207199302805276e-01 -3.426395400787509704e-01 -2.991038606890721874e-01 -2.275937713152893505e-01 -2.186251260778673822e-01 -2.163751588807371895e-01 1.012627731380700835e-01 1.018379383214860212e-01 1.604931324333652432e-01 8.314333266188380644e-01 8.349610167994236942e-01 8.350275221765023348e-01 1.508746696156012757e+00 1.509081829085895832e+00 1.529410220293665690e+00 1.552981433158912461e+00 1.580420062229717759e+00 1.581188754661767559e+00 2.275033003214535388e+00 2.276018144441395386e+00 3.493210428278617830e+00 3.572995577380041698e+00 3.574104781455733182e+00 3.623891616634314694e+00 3.866561576936848432e+00 3.867938357568846186e+00 3.885311572864373453e+00
-7.279759589586853874e-01 -7.254001035829448218e-01 -7.244563186334543881e-01 -3.819491452732057257e-01 -3.806605577805867724e-01 -2.558188016876740134e-01 -2.126988780379786004e-01 -2.103797925865847074e-01 -1.997141354877448594e-01 1.690294192812406560e-01 1.696826534959383348e-01 2.996398691169490092e-01 8.260914113946901116e-01 8.391168740226678802e-01 8.391799644992972151e-01 1.494806566960435790e+00 1.495098553969031130e+00 1.530858921307649112e+00 1.565226053323917066e+00 1.624515714397254618e+00 1.625298141529233131e+00 2.277111775180078013e+00 2.278081153894724320e+00 3.408899433228023135e+00 3.560604935905459456e+00 3.561728127233568131e+00 3.666229280175030691e+00 3.866842267786404275e+00 3.868227180704389756e+00 3.932816372344225986e+00
-7.210052370882820139e-01 -7.150734698896353825e-01 -7.141078509394239715e-01 -3.974893912007413377e-01 -3.962816655710739155e-01 -2.286980865483848602e-01 -2.045149917066454159e-01 -2.020961568072991987e-01 7.284294665121535117e-02 2.158181091147889918e-01 2.163634463088046633e-01 4.231992667961342880e-01 8.191213695318626531e-01 8.454514877122615291e-01 8.455131548274357201e-01 1.490850755402308492e+00 1.491084939789361963e+00 1.532118701624582746e+00 1.591432981681337067e+00 1.663568681359705703e+00 1.664377189909427512e+00 2.279942082445467033e+00 2.280887024786127260e+00 3.316523853324859328e+00 3.543842923857482674e+00 3.544985587090505152e+00 3.702515163030715151e+00 3.864781782972498192e+00 3.866170195913942287e+00 3.996532941407083594e+00
-7.107435182219943304e-01 -7.014518500433186698e-01 -7.004599286697750227e-01 -3.803761455022626192e-01 -3.790960220050804685e-01 -1.961139862642333753e-01 -1.935505440877410832e-01 -1.922625305032965026e-01 2.506120011338309750e-01 2.575705289125095332e-01 2.579238463957370664e-01 5.254710357402918586e-01 8.123985852597795931e-01 8.531147766578066616e-01 8.531760365650813416e-01 1.492529586207191450e+00 1.492721368686887873e+00 1.533574937194043031e+00 1.636106054994432180e+00 1.691490295640677433e+00 1.692316530783184891e+00 2.282588993194470728e+00 2.283503238822829573e+00 3.220470473254552601e+00 3.526196044561109133e+00 3.527360206101930018e+00 3.737234479888773109e+00 3.858160993978280384e+00 3.859551445823579119e+00 4.065569453999347438e+00
-6.974535160563537506e-01 -6.875946259892922185e-01 -6.865818950761365391e-01 -3.365691451098819509e-01 -3.350994345785457962e-01 -1.907831329768568673e-01 -1.881747864525277758e-01 -1.344685033946980968e-01 3.070149745785622497e-01 3.071488528322498524e-01 3.528959240092109373e-01 6.023513989771070998e-01 8.070231479395190144e-01 8.612599151238645723e-01 8.613215884960758739e-01 1.496213607403410473e+00 1.496380746099655878e+00 1.536023301459186641e+00 1.700068479367424557e+00 1.709904648701319640e+00 1.710738084601765685e+00 2.284007438904253728e+00 2.284886697616216988e+00 3.123781170098647308e+00 3.509770307448855764e+00 3.510955531760471260e+00 3.772031883142337172e+00 3.845758174792599071e+00 3.847149303767698036e+00 4.133055731769188945e+00
-6.822630877899114044e-01 -6.760281414016625634e-01 -6.750019185474960270e-01 -2.893510408953483548e-01 -2.876355816555010159e-01 -1.924286664067084429e-01 -1.899317762605366167e-01 5.127466171613091761e-02 3.674644679866016506e-01 3.675072123034680005e-01 4.306068084696161868e-01 6.587283800479113438e-01 8.028605540325850498e-01 8.693995871975281897e-01 8.694620065692449939e-01 1.499685799104065076e+00 1.499841185233142582e+00 1.539892793789592762e+00 1.727174213141111414e+00 1.728003936096057069e+00 1.777704677736663630e+00 2.283293709203566557e+00 2.284134392362461963e+00 3.028303760219451135e+00 3.494915480634328553e+00 3.496120355442152050e+00 3.807013024677488922e+00 3.827914691699891847e+00 3.829306783933453140e+00 4.195055396412591620e+00
-6.672605985871854495e-01 -6.670122564595303283e-01 -6.660070721108130032e-01 -2.657899449267665526e-01 -2.638916748106650556e-01 -1.969030792989316381e-01 -1.946712529949517489e-01 1.540713097576425772e-01 4.244900776810474619e-01 4.246387715255025563e-01 4.901019455758580667e-01 7.069098123912795906e-01 7.988223115606034597e-01 8.775963360268581592e-01 8.776595053988153206e-01 1.501360331558373007e+00 1.501511710486442608e+00 1.545099424140468525e+00 1.753918093600551398e+00 1.754731670160367241e+00 1.858274795309889926e+00 2.279539793039448536e+00 2.280338587100773751e+00 2.934902546261493050e+00 3.480911626520275082e+00 3.482134754519249586e+00 3.806594519036009761e+00 3.807986054547764621e+00 3.841509082102271044e+00 4.249793568320720638e+00
-6.593473200725715744e-01 -6.582930066223022791e-01 -6.548395766384672578e-01 -2.732442672489225899e-01 -2.714168736668223780e-01 -1.931993514109587862e-01 -1.910677771861446772e-01 2.108001927442378909e-01 4.638098951520008284e-01 4.640386103739348456e-01 5.340582922918398756e-01 7.591734468207542719e-01 7.936805871633473286e-01 8.864399307051015198e-01 8.865039871072956101e-01 1.500100461625626158e+00 1.500252514773660506e+00 1.551256847288943863e+00 1.796177821955727394e+00 1.796967020976224738e+00 1.930749598179156257e+00 2.271353638266988995e+00 2.272108803760474860e+00 2.844011439401423313e+00 3.467232169281653231e+00 3.468472039573707200e+00 3.784752909078073380e+00 3.786149579024126410e+00 3.874291198903907052e+00 4.296926337294579845e+00
-6.506556058366579354e-01 -6.495858060426524805e-01 -6.472004822631668430e-01 -2.895524407482300555e-01 -2.878925571113388759e-01 -1.884904448560165424e-01 -1.863418975381685994e-01 2.532789006416705235e-01 4.849580178313037671e-01 4.852418286125469993e-01 5.657781606208146519e-01 7.868992514841373076e-01 8.212431227804208866e-01 8.966689045778244438e-01 8.967342420137156545e-01 1.496116335616313631e+00 1.496271178909967414e+00 1.557942317059036963e+00 1.851759477375102048e+00 1.852523593170998462e+00 1.987755160241284846e+00 2.256571845401345922e+00 2.257285528791117546e+00 2.756568806454218645e+00 3.454537644816799702e+00 3.455791624412561713e+00 3.765158717693464219e+00 3.766563728614011008e+00 3.903798412534146056e+00 4.336623955302923328e+00
-6.448521261581308117e-01 -6.386660995362966053e-01 -6.375726819086272590e-01 -2.983750803736185397e-01 -2.968141713100803103e-01 -1.892353491670901999e-01 -1.870851651751838651e-01 2.864113762215918513e-01 4.942723006945216602e-01 4.945883814865648653e-01 5.881436744938324246e-01 7.790261741033759346e-01 8.909363247623970361e-01 9.082287105406772199e-01 9.082956139793555428e-01 1.490730740616433181e+00 1.490889012997059559e+00 1.564795604963000741e+00 1.913978508423279878e+00 1.914721470805521131e+00 2.026711787846122714e+00 2.232708919237266887e+00 2.233388634186588728e+00 2.675347484032049028e+00 3.444478564032798840e+00 3.445742173709522405e+00 3.749452367389082053e+00 3.750868272428266259e+00 3.928456583970156402e+00 4.368786943690807334e+00
-6.463649794407569926e-01 -6.233468728810055426e-01 -6.222116043538943320e-01 -2.977154182332292232e-01 -2.961656529657625270e-01 -1.946981285195463207e-01 -1.925604942161946720e-01 3.110319674852733973e-01 4.975073268549775607e-01 4.978413353674829289e-01 6.027865363446575087e-01 7.715014692309350997e-01 9.195538912275214027e-01 9.196231344891518944e-01 9.587974169914718070e-01 1.485447436861964121e+00 1.485609102150153626e+00 1.571333286248770555e+00 1.977176401931649563e+00 1.977903363329615916e+00 2.049019458972470176e+00 2.198231278762341478e+00 2.198888106441477142e+00 2.606324768337349607e+00 3.438274797373974234e+00 3.439542666105237956e+00 3.738152296652875073e+00 3.739579452326462938e+00 3.946971823009706171e+00 4.392779143134620590e+00
-6.490289436745989571e-01 -6.091276482402691039e-01 -6.079400364284288649e-01 -2.928318960053023501e-01 -2.912337288667709023e-01 -2.007991825560740962e-01 -1.986707739016902452e-01 3.264915450477295922e-01 4.981119082697651468e-01 4.984565969110392181e-01 6.108777273382486328e-01 7.660639150137561471e-01 9.280071849580400212e-01 9.280779167201917979e-01 1.009794475304599315e+00 1.481595836487873186e+00 1.481760080667855028e+00 1.576491518519923085e+00 2.038041951643457583e+00 2.038764175492608466e+00 2.058791624164227230e+00 2.154021541401196504e+00 2.154661163001753810e+00 2.558659579247387406e+00 3.435557026557201077e+00 3.436825326157558536e+00 3.731317305006562446e+00 3.732753101599701751e+00 3.958437092819639957e+00 4.407684899331892225e+00
-6.502652176985171950e-01 -6.031627341278598120e-01 -6.019490369831280718e-01 -2.902527566037688689e-01 -2.886207766966131238e-01 -2.033758580636744195e-01 -2.012511142966580402e-01 3.317976688420036235e-01 4.980596127936822159e-01 4.984083533442043579e-01 6.134308130443700824e-01 7.640805320581223192e-01 9.311522305463791893e-01 9.312235460610605031e-01 1.028947514285059706e+00 1.480181212712263328e+00 1.480346429165388500e+00 1.578543234650384042e+00 2.061184017819996050e+00 2.083434292704525959e+00 2.084227247357445911e+00 2.113933674021408304e+00 2.114500971610197677e+00 2.541473641668666517e+00 3.434909187558734533e+00 3.436177111791586469e+00 3.729018483701524556e+00 3.730457550623162533e+00 3.962318239815127541e+00 4.412748503742459860e+00
-6.486835252021230236e-01 -6.022825320458159437e-01 -6.007604988525016010e-01 -2.902710876285556907e-01 -2.854883638886805408e-01 -2.051759143866466184e-01 -1.985883868557195286e-01 3.306247331785330812e-01 4.925507096448418776e-01 5.012802530203614992e-01 6.229132963519420363e-01 7.657120475769138013e-01 9.295230247683323732e-01 9.309354603475333834e-01 1.020255625635832164e+00 1.480005860494616687e+00 1.481324428180694097e+00 1.576834726103555795e+00 2.023516173851885647e+00 2.061474489785622310e+00 2.084553217751578646e+00 2.135392096991688415e+00 2.144638079416819831e+00 2.554531271581283569e+00 3.435961081342307821e+00 3.437597004967098524e+00 3.730791199175171435e+00 3.731967142323112441e+00 3.959029034590667351e+00 4.405275833579132438e+00
-6.449778161423767031e-01 -6.013612822112379686e-01 -5.950737865755545419e-01 -2.909458808832515730e-01 -2.762434401291858355e-01 -2.104547711714895020e-01 -1.898889582795534048e-01 3.267926280525845772e-01 4.821224799808837558e-01 5.093694190517478182e-01 6.443793294513858738e-01 7.706237623790896940e-01 9.245791743176596800e-01 9.308120176313324778e-01 9.949900088869289005e-01 1.479007227495778842e+00 1.484350649087883056e+00 1.571702802293688972e+00 1.972140813222674982e+00 2.027363918695173961e+00 2.067345564078930220e+00 2.164696783514305611e+00 2.198837804887543879e+00 2.589935851892637420e+00 3.436615982420300863e+00 3.444259389262343873e+00 3.733884698189042783e+00 3.738481944217124209e+00 3.949267539289570639e+00 4.383238268225857048e+00
-6.422635772109400731e-01 -5.972494811978734663e-01 -5.867368896182141302e-01 -2.925498837861176260e-01 -2.627688829276280114e-01 -2.172911470500729636e-01 -1.749583299049581875e-01 3.192603842167854866e-01 4.758070020978332759e-01 5.209163958843366915e-01 6.666117424689731452e-01 7.788078276582180992e-01 9.168179216510948804e-01 9.319997294522944786e-01 9.557170145466202804e-01 1.477381059053027634e+00 1.488159923542680785e+00 1.563383046802211629e+00 1.921563683217664797e+00 1.991506864500514951e+00 2.043538067748377873e+00 2.192557692366565725e+00 2.258617133832483415e+00 2.639969272898729180e+00 3.437806183769001489e+00 3.454897483619175702e+00 3.738394056491280537e+00 3.749205562816664727e+00 3.933382057631272577e+00 4.347784279861185652e+00
-6.437160984583339962e-01 -5.876850521701145746e-01 -5.775204591012983446e-01 -2.956196192728504646e-01 -2.474181129790351263e-01 -2.235553965723216241e-01 -1.532044028220046483e-01 3.063938100935202913e-01 4.783871018009923093e-01 5.338149729113624842e-01 6.809934611677664895e-01 7.900718604167590309e-01 9.036012991433675090e-01 9.069039985714660856e-01 9.387264050527883708e-01 1.475203097467064239e+00 1.490910720143469925e+00 1.553151717107522201e+00 1.876008494494700862e+00 1.955117776837556054e+00 2.017643810777133506e+00 2.217812677310488478e+00 2.322084610142088668e+00 2.697793690644646691e+00 3.439977680809294558e+00 3.468389764264528274e+00 3.744319036140603352e+00 3.762991523380392334e+00 3.912071742709694711e+00 4.300854065059856346e+00
-6.493934795025487761e-01 -5.738508497528970187e-01 -5.692165825146274782e-01 -3.007748452683254858e-01 -2.319306966695662275e-01 -2.273954247255115246e-01 -1.232902423544926240e-01 2.865217074622597448e-01 4.904129527742692729e-01 5.461827576479421076e-01 6.817932949936728049e-01 8.038494795992380260e-01 8.472010780496617155e-01 8.956556376981184009e-01 9.481058891576171765e-01 1.472605126003857512e+00 1.489890690298062426e+00 1.544277453579397053e+00 1.839006069198330762e+00 1.918862419089987004e+00 1.991044662446914026e+00 2.239922320762154140e+00 2.387873541892259865e+00 2.758613921676055014e+00 3.443502037046604958e+00 3.483223482248039460e+00 3.751404446250212743e+00 3.778411461466648191e+00 3.886663018617745990e+00 4.245227157071114199e+00
-6.577639901680423229e-01 -5.633257520649145311e-01 -5.584721490458999238e-01 -3.083911953531520700e-01 -2.277384142892299734e-01 -2.162941131167693265e-01 -8.096062174148073443e-02 2.576577488320924703e-01 5.089160503827943050e-01 5.566837482782353019e-01 6.668819689650182791e-01 7.917558968056772617e-01 8.190951426747432595e-01 8.839914357075803197e-01 9.600439604188684140e-01 1.469782436617063315e+00 1.483407090218308078e+00 1.540395751794804147e+00 1.812510492090174452e+00 1.883322633168991844e+00 1.963798454777787805e+00 2.258541901486971426e+00 2.454060745659128351e+00 2.818929298941807549e+00 3.448667297874951299e+00 3.497436801015180841e+00 3.759374735577603044e+00 3.792830355917340857e+00 3.859985565705397192e+00 4.184610786983562036e+00
-6.675927112515724904e-01 -5.602522476034507148e-01 -5.440436247903234213e-01 -3.183303224960343791e-01 -2.240736791093869973e-01 -1.994267361660179427e-01 3.645868970642279772e-02 2.160705731628922432e-01 5.283090399068950394e-01 5.645310262275438085e-01 6.400759152034269928e-01 7.452359486907451647e-01 8.342916612257905706e-01 8.729147951558943186e-01 9.705122107135347731e-01 1.466980585888828292e+00 1.474379110024951700e+00 1.541148074055478157e+00 1.796778327448006474e+00 1.849049698031156597e+00 1.935593370748530884e+00 2.273495068554244547e+00 2.517999769511850783e+00 2.875659472055676513e+00 3.455610834669701426e+00 3.508840943247052202e+00 3.767969516445298428e+00 3.798422302560384711e+00 3.840317425657790107e+00 4.123810681401564260e+00
-6.780474492042951606e-01 -5.597011137279821469e-01 -5.319643740925270592e-01 -3.299822067570437611e-01 -2.169990745107975294e-01 -1.803042249418508602e-01 6.255641110675251582e-02 1.618248088136632346e-01 5.395162468670215983e-01 5.693011150227716977e-01 6.171594384282075296e-01 7.106219315713983020e-01 8.468670244256328861e-01 8.642905845270129062e-01 9.761329662671420770e-01 1.464454579092613340e+00 1.467260964260654443e+00 1.543908751449450278e+00 1.791145487786615975e+00 1.816558321684331512e+00 1.906171567903823805e+00 2.284791456768041407e+00 2.576030363972886761e+00 2.925731232765644396e+00 3.464278146093874522e+00 3.515758129366164386e+00 3.776956967084094785e+00 3.784170874327652090e+00 3.838723693363816025e+00 4.069033416556524507e+00
-6.885371354610426708e-01 -5.607188780482512680e-01 -5.229771302145647116e-01 -3.424985943042333503e-01 -2.078004925020600080e-01 -1.631108670766076019e-01 -1.252561421139050946e-01 1.493466364763634258e-01 5.378529795641995292e-01 5.707391308110416617e-01 6.133324047990240668e-01 6.885514947508246664e-01 8.485750448934049617e-01 8.656967072172149225e-01 9.751640119254143535e-01 1.462409718555879978e+00 1.464004238224297039e+00 1.546994974355879515e+00 1.786314196684380073e+00 1.794774253460442059e+00 1.875525466740750602e+00 2.292632618394857325e+00 2.622894238405787615e+00 2.966540138568421359e+00 3.474417603431273260e+00 3.518392010950950777e+00 3.762997532731649386e+00 3.786144809621938112e+00 3.840578652359727396e+00 4.027869823429868212e+00
-6.856218540050840193e-01 -5.647325802732878763e-01 -5.225134075516284504e-01 -3.434193634894891489e-01 -2.151590376745939615e-01 -1.589613972389242735e-01 -9.470588011327513156e-02 1.527324546215542700e-01 5.353159630206253405e-01 5.577838916047117568e-01 6.277172168146546438e-01 6.827183704100781014e-01 8.491956028481661978e-01 8.659706037603824846e-01 9.749292348068877567e-01 1.459855963084505381e+00 1.467350763296037863e+00 1.542246997539617137e+00 1.780102803015726209e+00 1.794374065955266273e+00 1.894623336323503660e+00 2.286355422608679522e+00 2.624445518014791201e+00 2.962287562617060832e+00 3.479784579309304515e+00 3.519083808525820700e+00 3.758544572547317664e+00 3.791586561931175492e+00 3.840266324647043650e+00 4.024070618886956829e+00
-6.772274596446081762e-01 -5.755595518759896168e-01 -5.217538448827980790e-01 -3.438343949359726204e-01 -2.331568339975249038e-01 -1.507146891205559114e-01 9.235635928153966556e-02 1.615009978697468096e-01 5.276834131573300279e-01 5.395611043066876888e-01 6.425894437180822427e-01 6.747760913845007869e-01 8.508906735762703510e-01 8.662568947597122371e-01 9.748373178728704236e-01 1.457405985645686242e+00 1.472065086309142456e+00 1.530277417809767337e+00 1.771338968745329590e+00 1.792676587738520455e+00 1.939576364686937726e+00 2.267605963366255306e+00 2.628655988320681924e+00 2.951388487673172634e+00 3.493412775359129085e+00 3.521323322147572821e+00 3.748846434437619113e+00 3.803919093469270596e+00 3.839394940767648645e+00 4.013759535668619982e+00
-6.643249076118473706e-01 -5.912799546446123600e-01 -5.211591569126038381e-01 -3.395790242610793874e-01 -2.561587215802379469e-01 -1.429059430111560003e-01 1.663540726004348047e-01 1.793048200195302144e-01 5.175972314611531067e-01 5.263536457241204669e-01 6.259524081233353021e-01 6.890792241602031742e-01 8.531837573239759998e-01 8.657314400556235245e-01 9.760194999889784118e-01 1.455736359938146318e+00 1.477068210586699903e+00 1.516008952119206832e+00 1.767331482752777960e+00 1.789580916893521501e+00 1.996035556866245120e+00 2.236628285871157029e+00 2.634477588886122046e+00 2.938414935737770239e+00 3.508774873809630712e+00 3.526003227503637927e+00 3.737397513567335849e+00 3.818999137172150782e+00 3.838137358706738667e+00 3.999775853692560279e+00
-6.484059936657855516e-01 -6.095501213332020773e-01 -5.213009716502018387e-01 -3.291327213212684732e-01 -2.806942358659296199e-01 -1.370877873867531183e-01 1.782462130744220941e-01 2.231291764327625327e-01 5.106313400640940525e-01 5.163813497962218557e-01 6.023883487249754864e-01 7.052853103414677971e-01 8.554148482088534955e-01 8.640428949309129081e-01 9.791445959717053338e-01 1.454738237158667014e+00 1.481414031936316711e+00 1.504231625658061233e+00 1.768998299762588600e+00 1.785029622808143923e+00 2.053799013804364915e+00 2.196570121361880901e+00 2.639654899228242257e+00 2.928332247320442505e+00 3.518236997641169150e+00 3.533516510213952966e+00 3.727924974689715842e+00 3.831398487967634825e+00 3.836999050800621980e+00 3.987553571941177655e+00
-6.353792083599977270e-01 -6.240381020427698822e-01 -5.227430594265667363e-01 -3.201007660690008416e-01 -2.972619514515308925e-01 -1.344995560317336358e-01 1.829699922780237964e-01 2.419241027257140741e-01 5.044690779042854123e-01 5.119152612653535828e-01 5.914771868177660652e-01 7.138063347329425268e-01 8.561246337866899037e-01 8.622626815895405583e-01 9.833812054975004102e-01 1.454223492434284060e+00 1.482546477607630031e+00 1.499672795352380517e+00 1.774179102086559823e+00 1.781030785361624513e+00 2.088135929911243416e+00 2.168323920765331536e+00 2.641559067832465413e+00 2.924333872448154015e+00 3.522207416949222569e+00 3.537519799439362345e+00 3.724258445501959169e+00 3.833245446231569264e+00 3.837270554625035412e+00 3.984529355240805426e+00
-6.342963424164064223e-01 -6.226786332926531609e-01 -5.200976428791039829e-01 -3.137788239946762703e-01 -2.939086877128349040e-01 -1.385257532476731057e-01 1.766265928990951029e-01 2.374752875397388996e-01 5.067744757623691143e-01 5.246374684129287980e-01 5.986940486639268366e-01 7.071361831005695819e-01 8.571735334688127539e-01 8.631861242162153225e-01 9.769681433332817466e-01 1.454884908116620190e+00 1.485710540283069037e+00 1.500104735952802804e+00 1.772891437451456609e+00 1.781253869454847871e+00 2.088944299897865786e+00 2.168265563347415270e+00 2.634590441732407751e+00 2.920320168551564510e+00 3.515979988971923209e+00 3.532573481721943853e+00 3.731724230303422374e+00 3.832479646515329019e+00 3.835693738300563815e+00 3.993230692301396711e+00
-6.334056135113206309e-01 -6.200825785701042925e-01 -5.196826257169380181e-01 -3.074946935846101237e-01 -2.884790481488704317e-01 -1.479638233999324703e-01 1.645209109770534306e-01 2.383983508329400036e-01 5.001464370484326460e-01 5.500696918472269825e-01 6.153087674966049025e-01 7.034367411873311271e-01 8.539076922503465727e-01 8.656199275169823570e-01 9.717165903192570564e-01 1.456011099074720372e+00 1.490648740639405778e+00 1.501781161710590728e+00 1.775816245969933371e+00 1.786426884909430468e+00 2.089799013771218128e+00 2.167788248858383060e+00 2.612840288801202782e+00 2.906140502972984319e+00 3.503729094965356339e+00 3.524086062080110437e+00 3.749523619387877815e+00 3.819959070247529453e+00 3.833018839016767654e+00 4.025560677849122193e+00
-6.328896584749197363e-01 -6.166795423594811920e-01 -5.220508411652279301e-01 -3.000335738865200774e-01 -2.847203886510576987e-01 -1.607152304221511896e-01 1.417644012097455108e-01 2.474145920868710546e-01 4.917418053931256750e-01 5.737628527974291126e-01 6.363038090331318841e-01 7.102705852717148272e-01 8.451016731608171906e-01 8.708865066871424032e-01 9.670904853540466251e-01 1.458134169580819206e+00 1.495949019871190222e+00 1.505127110776130372e+00 1.784070699816113104e+00 1.796538415136541333e+00 2.090545360373675887e+00 2.166913888238204855e+00 2.578140429770014119e+00 2.882180176837394470e+00 3.488112400796502754e+00 3.514885636300908445e+00 3.770208294528746951e+00 3.803113389784624321e+00 3.832138301886637510e+00 4.071491944514625594e+00
-6.327860477887012891e-01 -6.131151582053763205e-01 -5.276829371194817764e-01 -2.915925371472351535e-01 -2.829563126948002050e-01 -1.749917138837659425e-01 1.037391657445465160e-01 2.620385317250674695e-01 4.833832899952809070e-01 5.830889242019650087e-01 6.568635266113705962e-01 7.371473410394083770e-01 8.330126947053353437e-01 8.779450456954415172e-01 9.616822496237992235e-01 1.461419156456446045e+00 1.498843661286240359e+00 1.512136618245216280e+00 1.798242066372341297e+00 1.812136465382759853e+00 2.091088020798700153e+00 2.165664407466497465e+00 2.533110364823666583e+00 2.849363921993752768e+00 3.472898187611495491e+00 3.505014783347598861e+00 3.783433516782728656e+00 3.786771702788114258e+00 3.839006679939577449e+00 4.124094571224967254e+00
-6.331716528010430389e-01 -6.098987901079235829e-01 -5.366803561688613389e-01 -2.870095615623514673e-01 -2.780204103720451680e-01 -1.895580110058130152e-01 1.962950750115814713e-02 2.780944433847570840e-01 4.760779200693052715e-01 5.773110721190385375e-01 6.733088373854263509e-01 7.814059351723163793e-01 8.197628268060672685e-01 8.861901597909892514e-01 9.546503454611704464e-01 1.465440125210314193e+00 1.499008682721292063e+00 1.522532536067652487e+00 1.818469373287748603e+00 1.833923034073932312e+00 2.091394158132892755e+00 2.164031575644964622e+00 2.480635847255199256e+00 2.809153768541533314e+00 3.460149750108792333e+00 3.494332782495957357e+00 3.772042822439103826e+00 3.783427356588338952e+00 3.857590686435579563e+00 4.178981011524061095e+00
-6.341784741931882907e-01 -6.073054983449138744e-01 -5.485339560162063588e-01 -2.875438849804623498e-01 -2.689607761394746110e-01 -2.032463052443891915e-01 -9.938186914492805335e-02 2.930363077983220155e-01 4.707492713873510648e-01 5.637093234803638442e-01 6.828692461430733163e-01 8.059439208750868167e-01 8.336343883925866338e-01 8.951253308721311974e-01 9.465783010998560787e-01 1.469489837718654268e+00 1.497394475692978677e+00 1.534608445386286268e+00 1.844428610444498906e+00 1.862399209078639650e+00 2.091484921276849374e+00 2.161934338001835876e+00 2.423481727711510381e+00 2.763457563714761367e+00 3.450489544058720437e+00 3.482997038120371425e+00 3.759721299790961702e+00 3.775656254547786528e+00 3.881007576782667723e+00 4.232860529222418400e+00
-6.359558757499098602e-01 -6.054092488590402388e-01 -5.620651917459822400e-01 -2.886804294259431303e-01 -2.623760591446465673e-01 -2.137437477514783635e-01 -1.385495385694643089e-01 3.057494777294134658e-01 4.683895000017877508e-01 5.474752789093868532e-01 6.834440664186695047e-01 7.940573543177743554e-01 8.849838088118144874e-01 9.042089151688361692e-01 9.392157611627544034e-01 1.473025902417329780e+00 1.494510997029048882e+00 1.546859686092315611e+00 1.875359152535773566e+00 1.897485460112932953e+00 2.091416761132467883e+00 2.159158107936967053e+00 2.364083865567508713e+00 2.714544438656564029e+00 3.443775535265586996e+00 3.471430947727681904e+00 3.749722920502874590e+00 3.765260081558532423e+00 3.903894728121657831e+00 4.283023272169833362e+00
-6.386213741475769146e-01 -6.041494325639735763e-01 -5.755776866331172581e-01 -2.894906285746202679e-01 -2.631329819011474225e-01 -2.170543553295431194e-01 -1.644763447294904091e-01 3.158428560264423535e-01 4.698721289213941832e-01 5.315044266368620374e-01 6.745776146375711546e-01 7.835808471102494455e-01 9.128284676338976888e-01 9.302162447920315769e-01 9.361724138882951962e-01 1.475822872460442747e+00 1.490845595236577781e+00 1.557934676289841169e+00 1.910291121949234894e+00 1.938087917920896963e+00 2.091254665255047218e+00 2.155263065577352144e+00 2.304477892740315337e+00 2.665084550624794435e+00 3.439515154033000677e+00 3.460290116291528495e+00 3.741959970908971922e+00 3.754476825982229204e+00 3.924057708735033234e+00 4.327197265292077155e+00
-6.421250995280713969e-01 -6.033970241549447833e-01 -5.872550265148600568e-01 -2.897843901089756646e-01 -2.709542407355933769e-01 -2.134227917843472266e-01 -1.821804023990737376e-01 3.232694939595360806e-01 4.755307158818342650e-01 5.176151685935009850e-01 6.581074464314664585e-01 7.751157062044184975e-01 9.203628873395269805e-01 9.312179447545214650e-01 9.728105966168760776e-01 1.477870328654782073e+00 1.486968553313150698e+00 1.566919034984308956e+00 1.948362651898468023e+00 1.981824500278088319e+00 2.091036827965046196e+00 2.149448497351113208e+00 2.246322409166584766e+00 2.618376967480009476e+00 3.437090411849028193e+00 3.450386802600745817e+00 3.736244624153288285e+00 3.744666137222012026e+00 3.940453984453231584e+00 4.363515309434267131e+00
-6.459664478972177992e-01 -6.030136365212523941e-01 -5.957643962269838500e-01 -2.896794784403949885e-01 -2.802464348833402785e-01 -2.079066100243985304e-01 -1.937454764687123743e-01 3.281952331350858065e-01 4.845296911857302491e-01 5.070122260961013039e-01 6.381177172490988259e-01 7.689835928521910891e-01 9.262235167574380812e-01 9.307410881612802056e-01 1.003278108489016107e+00 1.479242716259090873e+00 1.483514686319279186e+00 1.573393885178588691e+00 1.988881207914327431e+00 2.025096986129588661e+00 2.090700232522607394e+00 2.140426969396705292e+00 2.191084778293023394e+00 2.578697116889677954e+00 3.435878353072256086e+00 3.442573340998190012e+00 3.732337739576974123e+00 3.736877667764638034e+00 3.952499043819077684e+00 4.390513174620352288e+00
-6.490672375869843691e-01 -6.029363041131347023e-01 -6.006247017731393134e-01 -2.895859700278947679e-01 -2.869323727735506036e-01 -2.038943840327925305e-01 -2.001262936906132717e-01 3.309314566124998414e-01 4.939317657896757918e-01 5.004244203172993899e-01 6.206910509000341802e-01 7.653037692299269334e-01 9.299417603520268027e-01 9.309839414783520617e-01 1.022417364361830394e+00 1.480021646070592611e+00 1.481115783992646540e+00 1.577261024568938685e+00 2.030649757945262479e+00 2.063048248653723160e+00 2.089594395578903363e+00 2.126832547987820732e+00 2.141290392899965589e+00 2.551348056634671568e+00 3.435293210177199352e+00 3.437646959476583941e+00 3.729959776960401374e+00 3.731984203990604154e+00 3.959848783996805288e+00 4.407136442609902893e+00
-6.502652176985171950e-01 -6.031627341278598120e-01 -6.019490369831280718e-01 -2.902527566037688689e-01 -2.886207766966131238e-01 -2.033758580636744195e-01 -2.012511142966580402e-01 3.317976688420036235e-01 4.980596127936822159e-01 4.984083533442043579e-01 6.134308130443700824e-01 7.640805320581223192e-01 9.311522305463791893e-01 9.312235460610605031e-01 1.028947514285059706e+00 1.480181212712263328e+00 1.480346429165388500e+00 1.578543234650384042e+00 2.061184017819996050e+00 2.083434292704525959e+00 2.084227247357445911e+00 2.113933674021408304e+00 2.114500971610197677e+00 2.541473641668666517e+00 3.434909187558734533e+00 3.436177111791586469e+00 3.729018483701524556e+00 3.730457550623162533e+00 3.962318239815127541e+00 4.412748503742459860e+00
-6.489768300645746280e-01 -6.031574465331178692e-01 -6.002767487086930753e-01 -2.888418732324760652e-01 -2.874872650786469142e-01 -2.029925366523410157e-01 -2.010014719615987600e-01 3.308672734345348143e-01 4.937681767953269740e-01 5.004483972810757075e-01 6.212365585044967720e-01 7.654015321381528736e-01 9.298049861408135275e-01 9.310063463390473304e-01 1.021899697559566222e+00 1.479928419344204604e+00 1.481256790532280876e+00 1.577156692992272902e+00 2.028694838071493756e+00 2.064074271294426666e+00 2.085983350325363528e+00 2.132004046757234761e+00 2.140198533257066327e+00 2.552129730073758651e+00 3.435034177692276369e+00 3.438052911862519156e+00 3.729795003457915481e+00 3.732345886204088359e+00 3.959651436966650451e+00 4.406688595025815225e+00
-6.458004041866753919e-01 -6.026243758092145741e-01 -5.955095598794114542e-01 -2.894194340296515899e-01 -2.797864896253806077e-01 -2.074581752147020286e-01 -1.940769508710326885e-01 3.278760877977340282e-01 4.843227677535036912e-01 5.071464671709444705e-01 6.397153571581510878e-01 7.693770977182636805e-01 9.257705896107514265e-01 9.307985966460515792e-01 1.001289169565960480e+00 1.479119899874912658e+00 1.483788411916152183e+00 1.572986535740504621e+00 1.982755891863842379e+00 2.033811230190594177e+00 2.071926377447269818e+00 2.158369353663343038e+00 2.187809031891758682e+00 2.581513660774402918e+00 3.435451545144571295e+00 3.443574920939728834e+00 3.732074175186683718e+00 3.737903890719793232e+00 3.951720318425441025e+00 4.388758260342228823e+00
-6.428641399900315578e-01 -5.998578739953118744e-01 -5.884361007652859632e-01 -2.906887087199376274e-01 -2.682659355724781314e-01 -2.135156459083880631e-01 -1.822811117835289596e-01 3.221508822931439253e-01 4.770355039371105277e-01 5.169827330597339676e-01 6.604493237474063916e-01 7.760130528220253732e-01 9.193624540244955679e-01 9.314928048509141245e-01 9.687176772100302147e-01 1.477794236832795649e+00 1.487198854544733884e+00 1.566134499370909205e+00 1.936658560866651557e+00 2.001771729785239540e+00 2.051336347619879152e+00 2.183919830153614683e+00 2.240600018974894692e+00 2.624027773848591316e+00 3.436334192008231536e+00 3.452359271235474036e+00 3.735745964871827862e+00 3.746777618767398899e+00 3.938748496535746657e+00 4.359709428402490872e+00
-6.428325696895497154e-01 -5.928617749680944460e-01 -5.802268774055231448e-01 -2.930159532983803716e-01 -2.546309380694975477e-01 -2.195859027379850614e-01 -1.652925823953879381e-01 3.125527325654817723e-01 4.762210040115902876e-01 5.284292397462667656e-01 6.766573971952970501e-01 7.852202191155259747e-01 9.110265103056708336e-01 9.238213183521782890e-01 9.371872054172606381e-01 1.475998760645340635e+00 1.490306670321778215e+00 1.557238233488795087e+00 1.893630092334330994e+00 1.969101052622634684e+00 2.028378951805205777e+00 2.207538447975625484e+00 2.296681931088828232e+00 2.674303641242710583e+00 3.437930025694556413e+00 3.463740288979330284e+00 3.740649053182982797e+00 3.758371269463247177e+00 3.921168954262078454e+00 4.320808824982002250e+00
-6.465248114001421742e-01 -5.816716345955809109e-01 -5.722153313990366863e-01 -2.968614179069563042e-01 -2.404263333748191678e-01 -2.242231988107336593e-01 -1.424816774955174059e-01 2.978175626620720440e-01 4.833431421375177228e-01 5.400059885359329570e-01 6.833910720248356219e-01 7.966986163691814893e-01 8.757932025788810471e-01 9.013298443379719194e-01 9.428747008247855277e-01 1.473813898542119194e+00 1.491332653504222172e+00 1.548131666419523711e+00 1.856507546601618097e+00 1.936338388805275867e+00 2.004633954937088181e+00 2.228755472774592850e+00 2.355136217280388244e+00 2.728361014978234245e+00 3.440511145041404983e+00 3.476745037742122957e+00 3.746589077528644562e+00 3.771805352322784799e+00 3.899751379239156712e+00 4.273861846399350739e+00
-6.529834274852100995e-01 -5.681902241360333727e-01 -5.656107961031089371e-01 -3.026058603781691669e-01 -2.263496021129619840e-01 -2.263052440983157054e-01 -1.124470571270581032e-01 2.767126946499431361e-01 4.972911158809290577e-01 5.505426267577029353e-01 6.778254824568115122e-01 8.098486018435394618e-01 8.243266078545928854e-01 8.909130724418575786e-01 9.527827603592082806e-01 1.471361244059070650e+00 1.488236126581846452e+00 1.541840677646900470e+00 1.827315981812221546e+00 1.903924060936721618e+00 1.980437707176148532e+00 2.247263771017053102e+00 2.414767046699076047e+00 2.783327785962133927e+00 3.444321062675058887e+00 3.490083364700144131e+00 3.753360449976883562e+00 3.785693908185630008e+00 3.875922606827064243e+00 4.221254421828250614e+00
-6.611317008509383086e-01 -5.611974751997185207e-01 -5.543981965106885568e-01 -3.103519434051222325e-01 -2.253032873463610697e-01 -2.118826389211272421e-01 -7.050795953216483503e-02 2.473932840926256482e-01 5.150032116494278611e-01 5.592578722671600611e-01 6.598655823690129374e-01 7.764289538144463210e-01 8.237570619460589105e-01 8.804566719047207668e-01 9.634788604110972043e-01 1.468802306601871610e+00 1.481083279318077039e+00 1.540049486456535721e+00 1.806877426956138066e+00 1.872272132478017159e+00 1.955639778405764861e+00 2.262865516886105155e+00 2.473956157322654725e+00 2.836865193171870470e+00 3.449526197293345309e+00 3.502203739262247595e+00 3.760763011297393987e+00 3.797076131340591854e+00 3.852897326501598663e+00 4.166027450533300147e+00
-6.702070212779182024e-01 -5.591256963586164197e-01 -5.417700142613995906e-01 -3.198474143579307372e-01 -2.211388421671405258e-01 -1.960535081578048400e-01 4.108229133311095543e-02 2.065636808359473109e-01 5.316907597722446699e-01 5.656929257753213758e-01 6.346896030334774341e-01 7.371285802209460725e-01 8.372010341686594304e-01 8.707374214850612804e-01 9.720446040128002396e-01 1.466323718205925219e+00 1.473021904755697387e+00 1.541421765923429721e+00 1.795051987031987428e+00 1.841776942893697866e+00 1.929996611221642677e+00 2.275477865843458236e+00 2.530562742733119208e+00 2.886738552635143229e+00 3.456180213967595893e+00 3.511525672717645818e+00 3.768612626626030249e+00 3.797462253489517270e+00 3.839501497464580027e+00 4.112015227798973882e+00
-6.796673623172249101e-01 -5.589446477925074097e-01 -5.312398916388781922e-01 -3.305789257808373072e-01 -2.143679739038003296e-01 -1.784510625176072840e-01 5.190018898418986837e-02 1.571837506499297876e-01 5.400158577169644758e-01 5.695844982283858604e-01 6.161279384378326451e-01 7.075019188380899937e-01 8.479052620554838882e-01 8.635034179032655688e-01 9.762688659796016077e-01 1.464107763549638674e+00 1.467046381901035090e+00 1.544050939370127384e+00 1.791276534175348267e+00 1.812806018052367962e+00 1.903348577747179249e+00 2.285143406687960344e+00 2.581695643311037180e+00 2.930708050177401880e+00 3.464206478066022221e+00 3.517025007513558510e+00 3.776746489461055400e+00 3.782123459043376101e+00 3.840287839318784258e+00 4.064054616660637720e+00
-6.891082354765685203e-01 -5.599359842440254642e-01 -5.232586138283440436e-01 -3.419135868158911795e-01 -2.060065971740540902e-01 -1.630090878338797677e-01 -1.242127418289816349e-01 1.467265489889108265e-01 5.379987048938102978e-01 5.707589650501661005e-01 6.136363841178161804e-01 6.881708015706894388e-01 8.487377997429581544e-01 8.654143183149105578e-01 9.750734655843090737e-01 1.462294166307621879e+00 1.464266621591731488e+00 1.546845108632452392e+00 1.785693654198015290e+00 1.794944143110032808e+00 1.875720748592224041e+00 2.292030314208105768e+00 2.623324024870029803e+00 2.966965123287689021e+00 3.473400348373291369e+00 3.519118571421116393e+00 3.763001979931523078e+00 3.785025021828391623e+00 3.841788118516410666e+00 4.027848309273377225e+00
-6.885371354610426708e-01 -5.607188780482512680e-01 -5.229771302145647116e-01 -3.424985943042333503e-01 -2.078004925020600080e-01 -1.631108670766076019e-01 -1.252561421139050946e-01 1.493466364763634258e-01 5.378529795641995292e-01 5.707391308110416617e-01 6.133324047990240668e-01 6.885514947508246664e-01 8.485750448934049617e-01 8.656967072172149225e-01 9.751640119254143535e-01 1.462409718555879978e+00 1.464004238224297039e+00 1.546994974355879515e+00 1.786314196684380073e+00 1.794774253460442059e+00 1.875525466740750602e+00 2.292632618394857325e+00 2.622894238405787615e+00 2.966540138568421359e+00 3.474417603431273260e+00 3.518392010950950777e+00 3.762997532731649386e+00 3.786144809621938112e+00 3.840578652359727396e+00 4.027869823429868212e+00
-7.044578989523313517e-01 -5.571417378969327761e-01 -5.235960047282591789e-01 -3.696360319324740740e-01 -2.373909598944205501e-01 -1.891615248826575280e-01 -1.437135801188318684e-01 1.583766404099740399e-01 5.322532580096837052e-01 5.539909329077260525e-01 6.077179820145780509e-01 6.881336501015146156e-01 8.440281541964211875e-01 8.656979652801002345e-01 9.708527646769385955e-01 1.459287958618552095e+00 1.460169046702497919e+00 1.552677070725738018e+00 1.752594614985694133e+00 1.809384214242529376e+00 1.824473434767595270e+00 2.301379186390836828e+00 2.681189510196933412e+00 3.021173123027190321e+00 3.490687653199946894e+00 3.520101054332292367e+00 3.728265051012128239e+00 3.798449866605701608e+00 3.837397924756284162e+00 3.981218196786970420e+00
-7.188909020510191317e-01 -5.464801978886204559e-01 -5.369552354944947536e-01 -3.944809893335687323e-01 -3.096059394639105733e-01 -1.661874416936190979e-01 -1.341545031331733140e-01 1.628577965384755688e-01 5.259513903390313772e-01 5.319051794708017367e-01 5.932590084357798332e-01 7.105780575894823370e-01 8.400459431225427709e-01 8.620009170370805940e-01 9.618530109827388985e-01 1.456938029983624761e+00 1.457221180570334784e+00 1.559248424534521504e+00 1.728979822153471346e+00 1.771186800936566996e+00 1.826422298120180088e+00 2.304299537540245524e+00 2.731507150113612781e+00 3.079646637715455437e+00 3.508033073912150357e+00 3.521058488120524466e+00 3.687660577958683739e+00 3.808754065097270214e+00 3.835323353787811751e+00 3.937151955462637076e+00
-7.308346328027990335e-01 -5.602131880529529484e-01 -5.272468622336147215e-01 -4.139191662543040273e-01 -3.622213084980854814e-01 -1.408418368426456180e-01 -1.286299372320640899e-01 1.623513596581412366e-01 5.084269659809990127e-01 5.220747825904350492e-01 5.809569360890123324e-01 7.431604018171474868e-01 8.371805246354943053e-01 8.555679764046160152e-01 9.471676630950064402e-01 1.454644047148968777e+00 1.456103194814620805e+00 1.566718319833911854e+00 1.714276935267907032e+00 1.727342995070286324e+00 1.834756939959488520e+00 2.303074234468537984e+00 2.772269663356612401e+00 3.140313777390730809e+00 3.520783799710768935e+00 3.524740251793022416e+00 3.641820404427994262e+00 3.816750952113548756e+00 3.834698200124769141e+00 3.898787416566534603e+00
-7.396762627218661512e-01 -5.854321278245177007e-01 -5.030765346006732530e-01 -4.274168270498348021e-01 -3.993235186787154611e-01 -1.240454635450393278e-01 -1.163946576483711332e-01 1.595142099102324629e-01 4.879994761965010253e-01 5.217392854756467413e-01 5.719197178147942262e-01 7.802677193874660855e-01 8.354717302440091142e-01 8.483572791958891024e-01 9.266791664069181644e-01 1.453162405262157231e+00 1.455736821224396627e+00 1.575071003359241439e+00 1.690611347279751264e+00 1.706313730571047182e+00 1.839036770448208014e+00 2.299855465226140261e+00 2.802236438604616797e+00 3.199345394319443869e+00 3.519638195799498881e+00 3.538746858229547598e+00 3.593720751937534708e+00 3.822355558445189594e+00 3.835178402223870187e+00 3.869101016731022913e+00
-7.451034845173029053e-01 -6.042116384012630181e-01 -4.815798003215219780e-01 -4.354219328675913991e-01 -4.228512474047940728e-01 -1.196069688869531994e-01 -9.787805472278378327e-02 1.578478584093075676e-01 4.742450882263802292e-01 5.228391990069475304e-01 5.668062996363928407e-01 8.162905016526093016e-01 8.345967731449382976e-01 8.427739338929619572e-01 9.021670071670987445e-01 1.452348053945299089e+00 1.455729496582636617e+00 1.583399762117861265e+00 1.664075549881736560e+00 1.702730173998491692e+00 1.840570123079040554e+00 2.296822728455892637e+00 2.820553891758341258e+00 3.247840739383880848e+00 3.518470654176486079e+00 3.548080798042749340e+00 3.551807420611960531e+00 3.825632719010264360e+00 3.835965180352309822e+00 3.850394607467480856e+00
-7.469375838369625153e-01 -6.110729831564695180e-01 -4.720749681147791144e-01 -4.380958691133460814e-01 -4.319373287625713487e-01 -1.177091648228825033e-01 -9.069258967579926778e-02 1.576845789670133224e-01 4.694121542218398502e-01 5.232927703100581640e-01 5.653872595871800577e-01 8.342936865581214168e-01 8.368908415896391118e-01 8.407140289851204873e-01 8.856452076816146990e-01 1.452087230102051096e+00 1.455767061979116983e+00 1.587605822095574215e+00 1.653569035975663848e+00 1.701753985374939271e+00 1.840866666427281917e+00 2.295609475082828421e+00 2.826716660559216887e+00 3.268319427690891565e+00 3.518109923614646029e+00 3.533331020707372705e+00 3.551419313406231737e+00 3.826702092898698115e+00 3.836305632781716657e+00 3.844036047175848125e+00
