-8.198517138399994408e-01
-7.931238645544257393e-01
-7.663960152688518157e-01
-7.396681659832781142e-01
-7.129403166977044126e-01
-6.862124674121307111e-01
-6.594846181265570095e-01
-6.327567688409830859e-01
-6.060289195554093844e-01
-5.793010702698356829e-01
-5.525732209842618703e-01
-5.258453716986880577e-01
-4.991175224131143562e-01
-4.723896731275406546e-01
-4.456618238419668976e-01
-4.189339745563930850e-01
-3.922061252708193835e-01
-3.654782759852456264e-01
-3.387504266996719249e-01
-3.120225774140980568e-01
-2.852947281285243553e-01
-2.585668788429505982e-01
-2.318390295573767856e-01
-2.051111802718030563e-01
-1.783833309862293270e-01
-1.516554817006555977e-01
-1.249276324150818823e-01
-9.819978312950805588e-02
-7.147193384393432658e-02
-4.474408455836059728e-02
-1.801623527278676390e-02
8.711614012786963665e-03
3.543946329836069470e-02
6.216731258393441706e-02
8.889516186950814636e-02
1.156230111550819728e-01
1.423508604406555911e-01
1.690787097262295424e-01
1.958065590118032717e-01
2.225344082973770010e-01
2.492622575829507303e-01
2.759901068685244319e-01
3.027179561540981889e-01
3.294458054396718905e-01
3.561736547252458140e-01
3.829015040108195711e-01
4.096293532963932726e-01
4.363572025819670297e-01
4.630850518675407312e-01
4.898129011531144883e-01
5.165407504386881898e-01
5.432685997242618914e-01
5.699964490098357039e-01
5.967242982954096275e-01
6.234521475809833291e-01
6.501799968665570306e-01
6.769078461521307322e-01
7.036356954377045447e-01
7.303635447232782463e-01
7.570913940088519478e-01
7.838192432944258714e-01
8.105470925799995729e-01
8.372749418655733855e-01
8.640027911511470871e-01
8.907306404367207886e-01
9.174584897222944901e-01
9.441863390078683027e-01
9.709141882934421153e-01
9.976420375790155948e-01
1.024369886864589629e+00
1.051097736150163442e+00
1.077825585435737032e+00
1.104553434721310623e+00
1.131281284006884436e+00
1.158009133292458470e+00
1.184736982578031839e+00
1.211464831863605873e+00
1.238192681149179464e+00
1.264920530434753276e+00
1.291648379720326867e+00
1.318376229005900679e+00
1.345104078291474714e+00
1.371831927577048305e+00
1.398559776862622117e+00
1.425287626148195708e+00
1.452015475433769520e+00
1.478743324719343111e+00
1.505471174004917145e+00
1.532199023290490958e+00
1.558926872576064548e+00
1.585654721861638361e+00
1.612382571147211952e+00
1.639110420432785986e+00
1.665838269718359355e+00
1.692566119003933389e+00
1.719293968289506980e+00
1.746021817575080792e+00
1.772749666860654827e+00
1.799477516146228195e+00
1.826205365431802230e+00
1.852933214717375821e+00
1.879661064002949633e+00
1.906388913288523224e+00
1.933116762574097036e+00
1.959844611859670627e+00
1.986572461145244661e+00
2.013300310430818474e+00
2.040028159716392064e+00
2.066756009001966099e+00
2.093483858287539690e+00
2.120211707573113280e+00
2.146939556858686871e+00
2.173667406144260905e+00
2.200395255429834940e+00
2.227123104715408530e+00
2.253850954000982121e+00
2.280578803286555711e+00
2.307306652572129746e+00
2.334034501857703336e+00
2.360762351143277371e+00
2.387490200428850962e+00
2.414218049714424552e+00
2.440945898999998587e+00
2.467673748285572177e+00
2.494401597571146212e+00
2.521129446856719358e+00
2.547857296142293393e+00
2.574585145427866983e+00
2.601312994713441018e+00
2.628040843999015053e+00
2.654768693284588199e+00
2.681496542570162234e+00
2.708224391855735824e+00
2.734952241141309859e+00
2.761680090426883449e+00
2.788407939712457040e+00
2.815135788998030630e+00
2.841863638283604665e+00
2.868591487569178700e+00
2.895319336854752290e+00
2.922047186140325881e+00
2.948775035425899471e+00
2.975502884711473506e+00
3.002230733997047096e+00
3.028958583282620687e+00
3.055686432568194721e+00
3.082414281853768312e+00
3.109142131139341902e+00
3.135869980424916381e+00
3.162597829710489972e+00
3.189325678996063562e+00
3.216053528281636709e+00
3.242781377567211187e+00
3.269509226852784778e+00
3.296237076138358368e+00
3.322964925423932403e+00
3.349692774709505994e+00
3.376420623995079584e+00
3.403148473280653175e+00
3.429876322566227653e+00
3.456604171851801244e+00
3.483332021137374390e+00
3.510059870422948869e+00
3.536787719708522459e+00
3.563515568994096050e+00
3.590243418279669640e+00
3.616971267565243675e+00
3.643699116850817266e+00
3.670426966136390856e+00
3.697154815421965335e+00
3.723882664707538925e+00
3.750610513993112072e+00
3.777338363278685662e+00
3.804066212564260141e+00
3.830794061849833732e+00
3.857521911135407322e+00
3.884249760420981357e+00
3.910977609706554947e+00
3.937705458992128538e+00
3.964433308277702128e+00
3.991161157563276607e+00
4.017889006848849753e+00
4.044616856134423344e+00
4.071344705419996934e+00
4.098072554705571413e+00
4.124800403991145004e+00
4.151528253276718594e+00
4.178256102562293073e+00
4.204983951847866663e+00
4.231711801133439366e+00
4.258439650419012956e+00
4.285167499704587435e+00
4.311895348990161025e+00
4.338623198275734616e+00
4.365351047561309095e+00
4.392078896846882685e+00
4.418806746132456276e+00
4.445534595418029866e+00
4.472262444703604345e+00
4.498990293989177047e+00
