-2.979773689144960282e-05 -8.634828786410550861e-06 -4.782798498588622257e-08 4.911203936770418971e-02 9.998880135650265455e-01 1.239951708086592719e+00 1.240064364555204524e+00 1.338885518030679345e+00 1.339036731432957428e+00 1.341075366412341596e+00 1.341119283982940447e+00 1.342741955153601729e+00 1.402967179562039979e+00 1.556282231234845215e+00 1.556399142620537690e+00 1.827119368964302382e+00 1.827197995265152253e+00 1.986732937844028157e+00 1.986885576491052907e+00 2.031747518899672311e+00 2.031913128894466070e+00 2.171626983791724363e+00 2.225768894433645784e+00 2.360856150328902281e+00 2.360856308283907357e+00 2.942086166015002391e+00 2.976882133994465995e+00 3.428520735696336086e+00 3.428738677685744030e+00 3.803221940959990111e+00
4.416337233221568487e-02 5.399880980477644171e-02 8.541342798950832260e-02 1.022191074536924482e-01 9.933334521337703338e-01 1.224908966356714091e+00 1.238504399861140914e+00 1.328213578938302275e+00 1.333010606373285167e+00 1.337749570737934990e+00 1.342614209788264734e+00 1.352265120042720259e+00 1.415670586579254708e+00 1.560122534894930135e+00 1.563499573915202223e+00 1.827453665526994842e+00 1.827694824396677742e+00 1.986416845299731726e+00 1.986805579689774115e+00 2.030705007073728030e+00 2.031004567345006784e+00 2.171374373399995950e+00 2.227829007279852114e+00 2.361037083237294887e+00 2.361467318818726291e+00 2.935675092953199172e+00 2.976506319833255532e+00 3.429030927437724863e+00 3.434778688084715537e+00 3.803394442323881464e+00
8.813892161953673643e-02 1.078989511359618875e-01 1.474697998505981045e-01 2.035326985607687489e-01 9.749319265818818803e-01 1.187516923705047134e+00 1.229888609084966777e+00 1.310830589544230484e+00 1.322642641857008527e+00 1.335920654744922720e+00 1.346031235715708929e+00 1.364105540359141111e+00 1.440088387264258030e+00 1.571064934951312164e+00 1.581395014486700390e+00 1.828370495893824055e+00 1.828821169314896133e+00 1.985181645230317926e+00 1.985811276789392510e+00 2.027670091331690738e+00 2.029543931240171517e+00 2.170563701441053261e+00 2.234009132321676638e+00 2.361573818810437153e+00 2.363124522859369581e+00 2.917787445774616906e+00 2.975407423884626645e+00 3.430364199701570360e+00 3.451905796517999558e+00 3.803903322038954649e+00
1.309984987060821282e-01 1.613000184858518482e-01 2.132374448084782548e-01 3.029659211714913480e-01 9.474845139475908118e-01 1.140114237037027412e+00 1.206436312735079674e+00 1.296390008690139206e+00 1.310619968877318575e+00 1.335762472612101792e+00 1.351245229667192627e+00 1.379799505170787199e+00 1.463325276008529352e+00 1.587406150467921773e+00 1.603589635723490892e+00 1.829224290999494462e+00 1.830164743025502805e+00 1.981163868000966000e+00 1.983165417469503922e+00 2.023093421790556068e+00 2.030529941830634399e+00 2.169066997834907529e+00 2.244192225709710442e+00 2.362444526851917637e+00 2.365386062311927162e+00 2.891746287742546162e+00 2.973669327820407826e+00 3.432456694869028713e+00 3.477277766633692924e+00 3.804721798453094994e+00
1.721170076259432025e-01 2.139424160963619148e-01 2.792878211041093239e-01 3.993884436971744112e-01 9.138197629487511131e-01 1.090136156708716664e+00 1.168455918628672485e+00 1.286503793700072951e+00 1.296520857855075981e+00 1.337037801031465856e+00 1.358024654619428562e+00 1.399778017004694730e+00 1.481985785722164328e+00 1.606164753449500715e+00 1.624974167462527319e+00 1.827527069536664772e+00 1.833270364128663399e+00 1.971378860663449029e+00 1.980383783732137415e+00 2.017659080640080926e+00 2.035830311284394512e+00 2.166755137733350711e+00 2.257916084159043546e+00 2.363602435799278201e+00 2.367744650674225237e+00 2.861501178281700586e+00 2.971425916127902411e+00 3.435130597499647553e+00 3.507658274961385381e+00 3.805802724340495491e+00
2.107760397560198007e-01 2.656391039154008538e-01 3.444908545772810693e-01 4.914166859262036335e-01 8.762402878946498053e-01 1.041793535651537317e+00 1.121711123474198324e+00 1.278312623830652361e+00 1.280170809803604204e+00 1.338793596783375062e+00 1.366056541022813597e+00 1.423018506925446180e+00 1.496037172516560432e+00 1.624173400087816965e+00 1.642237076831753351e+00 1.823069350072320072e+00 1.838281244048757035e+00 1.957595837167174224e+00 1.976774731687190423e+00 2.012179316772387150e+00 2.044438704289135877e+00 2.163579246843982062e+00 2.274253958085263871e+00 2.364969087924726487e+00 2.369821781275574413e+00 2.830679966243052181e+00 2.968852269176072589e+00 3.438160812525981491e+00 3.540079006939989892e+00 3.807076497459009001e+00
2.461160486440380490e-01 3.162641965579698344e-01 4.079980976201785237e-01 5.772636810320458389e-01 8.367266993394703034e-01 9.979624363273004173e-01 1.070038923674101916e+00 1.261681640597430265e+00 1.270649624999287797e+00 1.340419406136090563e+00 1.374981315078704691e+00 1.447916466668744739e+00 1.505802878859981986e+00 1.639225196223483172e+00 1.653456195137168461e+00 1.816553137947761076e+00 1.845668736417770850e+00 1.941427872358572948e+00 1.972158384356087035e+00 2.007482824335411031e+00 2.054413346085772307e+00 2.159633400171169448e+00 2.291891989221476855e+00 2.366435855510081065e+00 2.371458699575517581e+00 2.802159046157498778e+00 2.966152579848350346e+00 3.441296526075674489e+00 3.572000061677083060e+00 3.808451012473754727e+00
2.771399637623879753e-01 3.657355517242406040e-01 4.684282335355013371e-01 6.544778344074009269e-01 7.975605422188951632e-01 9.610443040200714604e-01 1.015386053414476741e+00 1.241563019089302111e+00 1.263529357223615923e+00 1.341708267408692867e+00 1.384452013594954289e+00 1.472891785439182755e+00 1.511165415970937342e+00 1.650282936094120911e+00 1.658074654922428559e+00 1.810153016884710642e+00 1.855366904911536885e+00 1.923835649071205633e+00 1.966378580858290315e+00 2.004182246853262850e+00 2.064104519221220180e+00 2.155190246395858100e+00 2.309317262499312129e+00 2.367874904341655373e+00 2.372673710483479415e+00 2.777901344150473850e+00 2.963545104325489454e+00 3.444283370656773258e+00 3.601262834033796434e+00 3.809815456329184613e+00
3.027729188941185035e-01 4.139309117873215538e-01 5.223642537993156143e-01 7.194836900769446819e-01 7.628242138041997356e-01 9.334738166757018396e-01 9.589543065890979712e-01 1.220831066749539895e+00 1.257357217490505441e+00 1.342641565429198547e+00 1.394090044317243482e+00 1.496410033909189252e+00 1.511977592083732835e+00 1.656924361740229168e+00 1.657176954492408205e+00 1.806782189845296260e+00 1.866531370082681551e+00 1.905440736136865043e+00 1.959573580967083783e+00 2.002410896568825205e+00 2.072354310727724247e+00 2.150706730193898686e+00 2.325000718309815362e+00 2.369155762251356379e+00 2.373536149696745312e+00 2.758958755737457302e+00 2.961244797003484752e+00 3.446884280592367400e+00 3.626044502666829761e+00 3.811048911494940405e+00
3.219757514196529558e-01 4.604877611137268012e-01 5.603944638828124436e-01 7.423431758805402181e-01 7.672311417293962155e-01 9.018851159921483784e-01 9.178183384175916393e-01 1.201478410358654214e+00 1.252565649187692864e+00 1.343259389631652256e+00 1.403210912187389026e+00 1.508996322121160194e+00 1.516673730403911291e+00 1.652052170154425959e+00 1.660484141570382821e+00 1.808409488604554305e+00 1.877626793391755866e+00 1.887228967530063084e+00 1.952393253460447786e+00 2.001812454105536876e+00 2.078493986355765433e+00 2.146787558713513899e+00 2.337532616971093269e+00 2.370161867151449719e+00 2.374070426780599430e+00 2.745641931178055106e+00 2.959444817009702966e+00 3.448897222583541033e+00 3.644862255571647225e+00 3.812033328644820251e+00
3.338815931576916696e-01 5.043514170024687715e-01 5.665879029888258867e-01 7.520281865974453028e-01 7.935724119211177152e-01 8.460562136353105833e-01 9.141364447891130451e-01 1.186894291145220937e+00 1.249524461105314899e+00 1.343608081100925666e+00 1.410334731193587210e+00 1.504668736590336398e+00 1.531129431975549071e+00 1.646532673204989639e+00 1.661521805689559539e+00 1.814026720765928413e+00 1.871617846294045151e+00 1.886434732515497759e+00 1.946276437036629670e+00 2.001800423131016249e+00 2.082231308447116902e+00 2.144083016129556096e+00 2.345703031320033993e+00 2.370803090735298380e+00 2.374291960923789357e+00 2.737820312246565191e+00 2.958298684937001433e+00 3.450168787504113599e+00 3.656610350334694726e+00 3.812668883605098813e+00
3.379169766566735289e-01 5.420779545027754054e-01 5.430127494320572401e-01 7.816872773874371516e-01 8.010875724024313360e-01 8.034992696852178984e-01 9.149847867971848681e-01 1.181309074936231607e+00 1.248481597706486701e+00 1.343720436067175950e+00 1.413155743044968160e+00 1.502579882355596697e+00 1.536541753496434959e+00 1.644046437427671536e+00 1.661674126375983107e+00 1.817799109856610418e+00 1.864558149933047471e+00 1.889976033788557164e+00 1.943690779006866265e+00 2.001863551704261557e+00 2.083481167287966951e+00 2.143114107182166439e+00 2.348563574327520165e+00 2.371023175422068974e+00 2.374326726132190757e+00 2.735250185880173657e+00 2.957905262199615581e+00 3.450603444226875371e+00 3.660603776691906397e+00 3.812888602446961706e+00
3.450445329884997969e-01 5.433550316828805737e-01 5.461935881814917737e-01 7.788235497235609373e-01 7.885977752590158651e-01 8.028306032035600337e-01 9.292946696637501836e-01 1.180188353098251985e+00 1.237680798681869865e+00 1.346756787705035263e+00 1.420662958009755616e+00 1.500174679682602541e+00 1.535911275071032200e+00 1.641986147223148063e+00 1.664742450528253537e+00 1.818659106417426008e+00 1.862222803117065562e+00 1.891128359947988224e+00 1.942989655107282942e+00 2.003941929159855473e+00 2.081937696367146540e+00 2.142043097261030482e+00 2.349733721774301287e+00 2.371321102055889085e+00 2.374504797584830573e+00 2.732845915077689813e+00 2.957795578883028575e+00 3.455591604432084019e+00 3.657450690726142373e+00 3.812944495394785083e+00
3.660483204810103253e-01 5.479850432073759547e-01 5.533062190794242330e-01 7.595953095694347734e-01 7.724157003082181561e-01 8.019379751163866477e-01 9.606483958996564487e-01 1.176916021081756636e+00 1.211199466367106847e+00 1.355534932590965136e+00 1.436925277228455089e+00 1.493206260405352426e+00 1.535519219547263559e+00 1.636180531472993360e+00 1.672986570815955476e+00 1.820188470096507860e+00 1.854985594770843127e+00 1.895228330965134989e+00 1.941547520736184307e+00 2.009746455186399050e+00 2.077557791488004568e+00 2.138732424755813266e+00 2.353272459504261338e+00 2.372088545533542092e+00 2.375032384562862475e+00 2.726285988531965465e+00 2.957494709387681997e+00 3.469785601518623253e+00 3.648216382956657622e+00 3.813099977186029665e+00
3.993352728332551504e-01 5.540268790771567531e-01 5.612068033679841195e-01 7.284756994594895341e-01 7.638915573269250414e-01 7.988172141430153195e-01 9.965907167920687870e-01 1.171409835990037784e+00 1.178830910815277688e+00 1.368994761265596605e+00 1.451717239979645413e+00 1.482437068259496282e+00 1.539094597888634341e+00 1.627239457763533403e+00 1.684164657336156168e+00 1.820684027934498683e+00 1.843245219153661019e+00 1.902901270328784200e+00 1.940361112114787012e+00 2.018205465510940488e+00 2.071075646038401885e+00 2.133279608043176179e+00 2.358910082470864200e+00 2.373005901362374104e+00 2.375853824156947347e+00 2.717303392773278592e+00 2.957077083877248658e+00 3.491116928442585365e+00 3.633575670079586928e+00 3.813321160114278463e+00
4.416242609619349113e-01 5.573634304215929758e-01 5.648783734822697689e-01 7.017465927023630590e-01 7.581012256556576290e-01 7.923471335314670183e-01 1.030775705417163790e+00 1.148104200468558433e+00 1.163760395830941707e+00 1.385570139470753803e+00 1.458840118696906440e+00 1.469211466410269340e+00 1.549781952975965105e+00 1.615447599416022895e+00 1.695593493857914469e+00 1.819721284573750486e+00 1.829673954636598099e+00 1.912935016393786825e+00 1.939295881271612343e+00 2.028045983692891241e+00 2.063436315690654332e+00 2.126742918634207946e+00 2.365531453435554710e+00 2.373756816599434938e+00 2.376742554114712469e+00 2.708198065280242428e+00 2.956642000409499538e+00 3.516778648511479144e+00 3.614615574517076269e+00 3.813558266327559565e+00
4.886394851123456728e-01 5.526341549261445385e-01 5.576485440469074462e-01 6.864854520658152381e-01 7.594488750098916663e-01 7.818413873559600935e-01 1.055719787728191195e+00 1.130074946065992902e+00 1.152302257991268286e+00 1.402782790245837186e+00 1.456128700981033752e+00 1.458266446580114728e+00 1.566363792978967551e+00 1.601032922506214762e+00 1.704235915630455178e+00 1.817727574570949800e+00 1.819145422005937096e+00 1.923023439097540477e+00 1.936941742378986975e+00 2.038076023663779601e+00 2.055322060823828068e+00 2.121278389543297838e+00 2.371322932456832344e+00 2.374176841251151249e+00 2.377206518503336419e+00 2.701325029375448938e+00 2.956297470251351811e+00 3.543765220422539386e+00 3.592704703243656095e+00 3.813750102144542353e+00
5.362060634248794200e-01 5.368579311835919299e-01 5.370894099342277128e-01 6.837603357661814485e-01 7.687010807031834370e-01 7.689515816852312557e-01 1.062409941601047514e+00 1.136591271722958929e+00 1.136811762419973615e+00 1.412237242495022027e+00 1.452592166670156670e+00 1.452718742776090810e+00 1.584465784530550092e+00 1.584568588369259956e+00 1.707301841049183366e+00 1.815803740725404847e+00 1.816114529285423052e+00 1.931456359194138050e+00 1.931530234317847317e+00 2.046867548104680523e+00 2.047357475204397925e+00 2.119146882855466263e+00 2.374184687428912977e+00 2.374218167580468108e+00 2.376948667429505502e+00 2.698693850309245690e+00 2.956156765365064221e+00 3.569134447007871191e+00 3.569333991536576267e+00 3.813827004463307357e+00
5.092118875730443639e-01 5.119568322756367085e-01 5.799865751110075962e-01 6.791657161817393762e-01 7.630932202543218024e-01 7.801091260458185017e-01 1.062946902169976005e+00 1.119790124171761603e+00 1.156845526453970097e+00 1.405220394578873933e+00 1.445282203861472548e+00 1.467737271804784971e+00 1.567583044675288306e+00 1.598274072987296623e+00 1.705431676587443102e+00 1.813568832473366532e+00 1.822058478516196622e+00 1.923441822765084686e+00 1.938312251888971716e+00 2.039639529707064192e+00 2.053770989924662338e+00 2.120566789560387466e+00 2.371719587845238841e+00 2.373883986098210386e+00 2.377595824192292540e+00 2.700725803206533993e+00 2.956332399317155080e+00 3.547124909133223092e+00 3.588866688467875044e+00 3.813745391505031002e+00
4.759285368293590945e-01 4.804718213299276064e-01 6.217151965345721898e-01 6.569011713599338664e-01 7.748406836154776434e-01 7.868566201292187534e-01 1.069447717912700213e+00 1.104048877446052179e+00 1.179653560680519409e+00 1.392793594038849170e+00 1.436904506881281351e+00 1.491463865767765684e+00 1.548764035740445300e+00 1.605350628542853153e+00 1.702221093957707154e+00 1.811151269107303285e+00 1.834631883501093519e+00 1.913217180777981641e+00 1.944985346654236391e+00 2.032192962097856270e+00 2.058580753885128178e+00 2.124550640057133677e+00 2.365234071477005262e+00 2.373248250635946022e+00 2.377956691560396241e+00 2.707139777232515421e+00 2.956917272802106034e+00 3.525535751834158127e+00 3.602559507687105089e+00 3.813444612367016262e+00
4.393060404190122781e-01 4.439770177382859617e-01 6.186123074961806800e-01 6.618403880010189644e-01 7.818302374050867254e-01 8.020067742136135491e-01 1.083867191290390553e+00 1.094416862273907443e+00 1.201817968278251492e+00 1.380676972844502304e+00 1.428107435531540181e+00 1.517237241934170200e+00 1.528497883729842632e+00 1.603654839841985202e+00 1.700480361151490483e+00 1.809076777954135906e+00 1.851688309827476120e+00 1.901247662294430985e+00 1.951449414712604691e+00 2.025425764130710071e+00 2.060865005553170981e+00 2.130364046131519640e+00 2.355100891245538897e+00 2.372315042153554376e+00 2.377526282080326236e+00 2.718199664609317168e+00 2.957967633824712728e+00 3.505255488860536950e+00 3.609124377744492129e+00 3.812878258670290510e+00
4.004832559964927041e-01 4.041138639521202891e-01 5.708850891119808812e-01 6.954102676951088302e-01 7.647763399951275076e-01 8.387021400557943540e-01 1.095098657365643380e+00 1.104980353134064064e+00 1.222435714611783464e+00 1.370356391673853036e+00 1.419155451784584132e+00 1.505562930577573066e+00 1.543405090635687316e+00 1.594094001208825606e+00 1.699616590332927002e+00 1.807906611083532677e+00 1.871056511742337669e+00 1.888591126282429755e+00 1.957625959236225732e+00 2.019756733632471768e+00 2.060443851801437187e+00 2.137198156085080569e+00 2.341488822978688766e+00 2.371121863585936573e+00 2.376442922850590111e+00 2.733942596889535004e+00 2.959498097311076492e+00 3.487004201767270217e+00 3.607877702132335607e+00 3.812027873887065876e+00
3.601372719597827898e-01 3.620400252520147855e-01 5.172635183165571471e-01 6.889886355139945850e-01 7.685516511382829430e-01 8.820220039841550896e-01 1.106400724396553237e+00 1.130979101201851744e+00 1.241300350494059179e+00 1.362073923815766197e+00 1.410196443867273164e+00 1.481870878064699193e+00 1.565753704286688475e+00 1.579214239956090671e+00 1.696897876063765409e+00 1.808105553018784839e+00 1.872836280568906941e+00 1.894606189730387635e+00 1.963397555350661072e+00 2.015576943220946493e+00 2.057444774131178544e+00 2.144342250268590711e+00 2.325012297846098086e+00 2.369730863346902972e+00 2.374848119082918263e+00 2.754195078623662418e+00 2.961474666416668011e+00 3.471284563433881143e+00 3.598761642675207373e+00 3.810919982270337236e+00
3.185540006469420593e-01 3.186508275996007278e-01 4.596004303020675419e-01 6.355643509756986331e-01 8.029841046908482438e-01 9.302774127683430816e-01 1.125478245423497725e+00 1.160194439095256547e+00 1.258430766489941233e+00 1.355540740325560822e+00 1.401326843688293966e+00 1.457059552416525294e+00 1.561039108780266416e+00 1.582736019218988988e+00 1.689827636629410490e+00 1.809903762234255531e+00 1.860207859495734306e+00 1.915912522253611305e+00 1.968631365460064897e+00 2.013248472601196326e+00 2.052328509370396681e+00 2.151222499455626824e+00 2.306701353451133141e+00 2.368217800111502847e+00 2.372874364321848173e+00 2.778541463401337896e+00 2.963812866399033297e+00 3.458355088963129820e+00 3.582338933274879622e+00 3.809627559735198954e+00
2.741834230701464259e-01 2.761773197146861758e-01 3.990277384937984673e-01 5.642366172991465367e-01 8.422007525930054195e-01 9.820441634677065101e-01 1.148978865212288536e+00 1.191204050093103595e+00 1.273926688066951085e+00 1.350264144711552428e+00 1.392617297904483520e+00 1.431755087227036372e+00 1.540614771036647346e+00 1.592637645149271863e+00 1.676903777966509246e+00 1.813129616607954686e+00 1.848987915189647113e+00 1.936571362944634167e+00 1.973214546004461223e+00 2.013044369062853445e+00 2.045881849281199649e+00 2.157390288892836239e+00 2.287879358269435670e+00 2.366663216467581154e+00 2.370656166792934005e+00 2.806251715571374206e+00 2.966381894700863775e+00 3.448231070793732922e+00 3.559775152853493996e+00 3.808252479207661079e+00
2.292479871354102250e-01 2.327068508549959835e-01 3.363635340368066329e-01 4.825492061049139747e-01 8.809397489544327220e-01 1.035865918381677853e+00 1.174100912160460419e+00 1.222762408061663253e+00 1.287921151913911322e+00 1.345795200640992784e+00 1.384115597893088356e+00 1.406868285025950405e+00 1.518324765625465034e+00 1.594864514707269754e+00 1.657830076869706071e+00 1.817134498961393563e+00 1.840306746567785590e+00 1.954971212992117291e+00 1.977108504381732246e+00 2.014982466701477293e+00 2.039189825883859886e+00 2.162514676777457456e+00 2.269975255090318722e+00 2.365148107849891268e+00 2.368333871046296224e+00 2.836185479075601368e+00 2.969014787019531809e+00 3.440714876441312242e+00 3.532813969050208058e+00 3.806901967540969878e+00
1.839173517702153704e-01 1.881564081880268136e-01 2.723160994253601142e-01 3.936162022889347356e-01 9.173370572303803927e-01 1.090086847481577026e+00 1.198310170041319678e+00 1.253684254226504313e+00 1.300572465581290027e+00 1.341920421180996525e+00 1.375837278888679682e+00 1.383802768638620950e+00 1.494200809135417529e+00 1.590166869019293827e+00 1.633726870840110701e+00 1.821008541268521297e+00 1.834319268114589452e+00 1.969777129597029885e+00 1.980366227124647827e+00 2.018648046867790757e+00 2.033591235219123217e+00 2.166403028176457024e+00 2.254285548634784586e+00 2.363753043193602466e+00 2.366057916949025230e+00 2.866688923401608413e+00 2.971523701594730671e+00 3.435452025692891098e+00 3.503755492720601605e+00 3.805672044388656250e+00
1.382713790125423003e-01 1.424707024068206096e-01 2.076475411720860587e-01 2.994488525655242817e-01 9.497282875923155343e-01 1.142558877807417828e+00 1.218779463900139692e+00 1.282696384398587908e+00 1.312084843312783633e+00 1.338828979250895168e+00 1.364567693164484119e+00 1.367748762636184390e+00 1.468219054906531928e+00 1.580578378023546948e+00 1.607150799921752249e+00 1.824020185269328520e+00 1.830596197219954258e+00 1.979798715230505213e+00 1.983044990195560242e+00 2.023191805944720478e+00 2.030438988004521494e+00 2.169042436228959314e+00 2.241743960721614304e+00 2.362557575442072011e+00 2.363995252367843580e+00 2.895504463011801644e+00 2.973718575279622467e+00 3.432004409463126571e+00 3.475445567062693808e+00 3.804640342774786799e+00
9.235786295141849844e-02 9.570884633811205244e-02 1.435418304664899669e-01 2.015958102695642185e-01 9.760365074137233865e-01 1.189910051002689428e+00 1.232529275932620738e+00 1.308255375911858032e+00 1.322769305307486931e+00 1.337258531868905198e+00 1.351177073175723775e+00 1.359728783046895373e+00 1.440933634041893896e+00 1.569210950422372353e+00 1.582014889870245078e+00 1.825913910017146868e+00 1.828506866042926005e+00 1.984826833215971753e+00 1.985106792808795761e+00 2.027530599747185303e+00 2.030143138697104721e+00 2.170611295723938294e+00 2.232802062712620383e+00 2.361636970024402427e+00 2.362328699169235158e+00 2.919758594095683168e+00 2.975426716565626961e+00 3.429929069969846367e+00 3.451227221274195234e+00 3.803864737767417292e+00
4.623636602193600953e-02 4.809269988604875090e-02 8.351039235886215106e-02 1.013776018684307278e-01 9.936302839739085124e-01 1.225865249301451021e+00 1.238646348082244941e+00 1.328369939258469135e+00 1.332957453144817617e+00 1.337813267823730889e+00 1.343848058114205157e+00 1.351435139981013167e+00 1.415484556216416445e+00 1.559907739122561976e+00 1.563391966903714625e+00 1.826851139106595356e+00 1.827494370917495337e+00 1.986428318272652982e+00 1.986458108018156254e+00 2.030627387953313434e+00 2.031278200895776820e+00 2.171394311386846798e+00 2.227512605842004056e+00 2.361055255707489753e+00 2.361237181553663245e+00 2.936217642417937146e+00 2.976510670681332460e+00 3.428850992444905987e+00 3.434662935469093625e+00 3.803384457031551591e+00
-2.979773689144960282e-05 -8.634828786410550861e-06 -4.782798498588622257e-08 4.911203936770418971e-02 9.998880135650265455e-01 1.239951708086592719e+00 1.240064364555204524e+00 1.338885518030679345e+00 1.339036731432957428e+00 1.341075366412341596e+00 1.341119283982940447e+00 1.342741955153601729e+00 1.402967179562039979e+00 1.556282231234845215e+00 1.556399142620537690e+00 1.827119368964302382e+00 1.827197995265152253e+00 1.986732937844028157e+00 1.986885576491052907e+00 2.031747518899672311e+00 2.031913128894466070e+00 2.171626983791724363e+00 2.225768894433645784e+00 2.360856150328902281e+00 2.360856308283907357e+00 2.942086166015002391e+00 2.976882133994465995e+00 3.428520735696336086e+00 3.428738677685744030e+00 3.803221940959990111e+00
4.380080862689077204e-02 4.380464729947389918e-02 5.925554654332797905e-02 1.136984860690230525e-01 1.000895444367457365e+00 1.237488128658265296e+00 1.237597695950184873e+00 1.317900473560578600e+00 1.317984100262732827e+00 1.342870120562960068e+00 1.361377649169369652e+00 1.361471143120350780e+00 1.402503710397683401e+00 1.557519718222260652e+00 1.557636375255432304e+00 1.827203742961909239e+00 1.827282118568099412e+00 1.988711910511638425e+00 1.988871717749750134e+00 2.029630954608861781e+00 2.029804984470617857e+00 2.154190158604247785e+00 2.240040579338766769e+00 2.362992191739332615e+00 2.362993384875149872e+00 2.908479504012120298e+00 3.016312444410919724e+00 3.426541718895435906e+00 3.426760110427850226e+00 3.801973767101703761e+00
8.200643005663740825e-02 8.725225714093344520e-02 8.726096955319354032e-02 2.254695762578025064e-01 1.003868721445113854e+00 1.228262756475930750e+00 1.228358136942903966e+00 1.299074190541725571e+00 1.299134615270376436e+00 1.343297434182517902e+00 1.380229317011359313e+00 1.380327006448348826e+00 1.401134338807979551e+00 1.561170454768847193e+00 1.561286350004392753e+00 1.827252862732326788e+00 1.827330261727877048e+00 1.994037446561528704e+00 1.994226111366538712e+00 2.024080142536942795e+00 2.024286739607188412e+00 2.120657073557307815e+00 2.264122824420323976e+00 2.369151894892869148e+00 2.369156118782037357e+00 2.867420238940351584e+00 3.074469995207400164e+00 3.420723535062234699e+00 3.420943261976472360e+00 3.798234888967268130e+00
1.086663953147343625e-01 1.299590519837051372e-01 1.299700059963109777e-01 3.333526889193390019e-01 1.008699790677821451e+00 1.209266841908342549e+00 1.209337723770108175e+00 1.287741083265204534e+00 1.287769780711768508e+00 1.344018133287567363e+00 1.396105658644005043e+00 1.396202103063555189e+00 1.398921318317566831e+00 1.567074567293793796e+00 1.567189326864212084e+00 1.826614696949654615e+00 1.826689891850078906e+00 1.999404808403065559e+00 1.999636828208876338e+00 2.018959020000012927e+00 2.019214926306460711e+00 2.081828186359130139e+00 2.287361630674894286e+00 2.378678794088936232e+00 2.378687813359721570e+00 2.830781880147073881e+00 3.138424486302399785e+00 3.411422171654575397e+00 3.411644083880895462e+00 3.792010555705855879e+00
1.355314238142829586e-01 1.714331096546472255e-01 1.714458495839565888e-01 4.353000050222390338e-01 1.015326929215279339e+00 1.182058534315471254e+00 1.182112747496579575e+00 1.283313808599820582e+00 1.283319977856453464e+00 1.345043833590357174e+00 1.395965612365078101e+00 1.409211118204095836e+00 1.409301533797083339e+00 1.575050522220541094e+00 1.575164230802728493e+00 1.824146694273163671e+00 1.824218025280305522e+00 1.996332445593642646e+00 1.996452028263032918e+00 2.023737287113998029e+00 2.023888433979392332e+00 2.039931054876331640e+00 2.307831060518488631e+00 2.390696123550864360e+00 2.390711308053134587e+00 2.799014408340567250e+00 3.206139700623881872e+00 3.399228114430265180e+00 3.399453026447443182e+00 3.783273661554152678e+00
1.609146803606232856e-01 2.110450437530964896e-01 2.110583976949663432e-01 5.290921333008918870e-01 1.023867271222745456e+00 1.150954649587468737e+00 1.151004080245957573e+00 1.282406095666516643e+00 1.282409365855890160e+00 1.346387025507082447e+00 1.392403115930969770e+00 1.420044626695963874e+00 1.420125101532011769e+00 1.584995126515439390e+00 1.585108649174169493e+00 1.818375384503408965e+00 1.818441002821418850e+00 1.988408997213821250e+00 1.988454548265604860e+00 1.996061318397142736e+00 2.035506286362092521e+00 2.035591948136874496e+00 2.325017069731317498e+00 2.404256044489498922e+00 2.404278218473427042e+00 2.772166119155032860e+00 3.275634688814189399e+00 3.384959009565731591e+00 3.385187850639326701e+00 3.771920896504636023e+00
1.838068181980488658e-01 2.479757135055729866e-01 2.479884375509169570e-01 6.122585450329927070e-01 1.034686889144956767e+00 1.119229937195301838e+00 1.119281414181970247e+00 1.282815159623218459e+00 1.282820214081348942e+00 1.348055764889464214e+00 1.388400488391065002e+00 1.429082900211331886e+00 1.429150994704375677e+00 1.596935526526204630e+00 1.597050733437993753e+00 1.808043862642562116e+00 1.808101765954530871e+00 1.951419170431794692e+00 1.981788288160920120e+00 1.981810129152556943e+00 2.048573622418187412e+00 2.048643991271815956e+00 2.338792337973348179e+00 2.418391864850279571e+00 2.418421204679253034e+00 2.750260966925602180e+00 3.344760667950703592e+00 3.369642063293244671e+00 3.369879293406722098e+00 3.757728715371695838e+00
2.034814394323889442e-01 2.811759916768359346e-01 2.811869809383027441e-01 6.821502677783199964e-01 1.048217874787500836e+00 1.089224903453417159e+00 1.089281515060055661e+00 1.283517921018305641e+00 1.283521277964394525e+00 1.350042949286428318e+00 1.384153458048797081e+00 1.436599926525353066e+00 1.436654984684243574e+00 1.610971675957473703e+00 1.611091783063634653e+00 1.792841178216004305e+00 1.792888729607802212e+00 1.907737244378913566e+00 1.978006014808890933e+00 1.978021500803314625e+00 2.060971240167838392e+00 2.061042811653269968e+00 2.349256790052475896e+00 2.432105264068995076e+00 2.432141283266221254e+00 2.733225009210656697e+00 3.354476825183711153e+00 3.354708978985609047e+00 3.411424014757355128e+00 3.740322498884797398e+00
2.193739565314517803e-01 3.093571651055904703e-01 3.093656808232815858e-01 7.364364676126952114e-01 1.062960267559569516e+00 1.063023177048432411e+00 1.064252948289223788e+00 1.284098442217852076e+00 1.284099004720911097e+00 1.352302822677629246e+00 1.379895345560556930e+00 1.442640702736760039e+00 1.442683803472129211e+00 1.627093324944037356e+00 1.627223834615000309e+00 1.773683322517391803e+00 1.773716016760713776e+00 1.867552478260440685e+00 1.976749634224664209e+00 1.976765427035261480e+00 2.071582007103538459e+00 2.071660055920279131e+00 2.356700691285117166e+00 2.444353309349991843e+00 2.444394952143385424e+00 2.720789555175688434e+00 3.340765601966144693e+00 3.341002812980407466e+00 3.473746616802597220e+00 3.719174902656830373e+00
2.310458828229491335e-01 3.310552645737170341e-01 3.310611649747978724e-01 7.740346989752421303e-01 1.042353448512101766e+00 1.042421718219960436e+00 1.080819498003061208e+00 1.284450766724266169e+00 1.284452793305131291e+00 1.354692026665964111e+00 1.375939517088547781e+00 1.447103743069906745e+00 1.447137376865827330e+00 1.644820755098468812e+00 1.644972089783851565e+00 1.752477649524182723e+00 1.752486262199021372e+00 1.834299268351473167e+00 1.976959293049538546e+00 1.976977532290619344e+00 2.079646051175112476e+00 2.079731073508122474e+00 2.361544332191003459e+00 2.454089060687963286e+00 2.454134881794048262e+00 2.712492826908609267e+00 3.329799671505847325e+00 3.330040153755546850e+00 3.530289401666151239e+00 3.693664465151250020e+00
2.381788230514239046e-01 3.448221718787898848e-01 3.448260566318108178e-01 7.955839421898674990e-01 1.029135604519613167e+00 1.029207777708400995e+00 1.093831642567402396e+00 1.284615074043105709e+00 1.284618832560288082e+00 1.356810901681354320e+00 1.372821718285483383e+00 1.449850080358069615e+00 1.449877693615424734e+00 1.662146103090315075e+00 1.662339464914091680e+00 1.732483933368089923e+00 1.732519319654662882e+00 1.811971809207076678e+00 1.977564016493605248e+00 1.977584511664999933e+00 2.084667737701619838e+00 2.084757771517321334e+00 2.364227656592102544e+00 2.460376095908554106e+00 2.460424457743745297e+00 2.707801232085540022e+00 3.322700790512636448e+00 3.322943333777658825e+00 3.579869254579718607e+00 3.663375777966478619e+00
2.405783099713512396e-01 3.495511556438292700e-01 3.495542794381026885e-01 8.025293866841937129e-01 1.024572504419077434e+00 1.024646085691810038e+00 1.098822664891274670e+00 1.284659799735767605e+00 1.284664159034687891e+00 1.357756872636118217e+00 1.371532607400935744e+00 1.450777505038794324e+00 1.450803059112959259e+00 1.671260737414251185e+00 1.671499452981421330e+00 1.722354353105924218e+00 1.722435751895436296e+00 1.804053614090189051e+00 1.977847480590789742e+00 1.977868851402101669e+00 2.086370969482973958e+00 2.086462803225868967e+00 2.365081319549152017e+00 2.462552018807300680e+00 2.462601229071645914e+00 2.706290970472195134e+00 3.320242152609669706e+00 3.320485408273401884e+00 3.613911355536424619e+00 3.635878334954151914e+00
2.463217557276635716e-01 3.536248502488309464e-01 3.592428094881212619e-01 7.927245711713909460e-01 1.023684647510636703e+00 1.027223466124924656e+00 1.103386281355100307e+00 1.264168352295276687e+00 1.280659536171296908e+00 1.353502686044642855e+00 1.387486805156277647e+00 1.449348769627478717e+00 1.451304117831863971e+00 1.672565108735557526e+00 1.675900313502583616e+00 1.723643233775792094e+00 1.723760791532344516e+00 1.807730061686256384e+00 1.977572472458715369e+00 1.979229611504269570e+00 2.085140634180423724e+00 2.086041188401792201e+00 2.364615876984804466e+00 2.462326866732873043e+00 2.463136477991117790e+00 2.704039182581420064e+00 3.320675139294895661e+00 3.322482698591417982e+00 3.613599136202293671e+00 3.635686660092618538e+00
2.619118971615512770e-01 3.659766235978803572e-01 3.866324256150655003e-01 7.662347081697020723e-01 1.020723480125988569e+00 1.032725148197514375e+00 1.116602056257250508e+00 1.223350937517439618e+00 1.267986284273294295e+00 1.343246447303456659e+00 1.411951253914339954e+00 1.448412009597625838e+00 1.452248675570198211e+00 1.675972629960548632e+00 1.687863362742806794e+00 1.727479690507088383e+00 1.728029854147283162e+00 1.818450806512734053e+00 1.976726627072747489e+00 1.983133494080425052e+00 2.081264511217364888e+00 2.084969999892549719e+00 2.363274399509157409e+00 2.461542868541383378e+00 2.464829856618087067e+00 2.697521911935382821e+00 3.321786611779688592e+00 3.328591135844765514e+00 3.612607734591791075e+00 3.635120325417653842e+00
2.833764921672182746e-01 3.868827202800828036e-01 4.276933517350627323e-01 7.287493301060314899e-01 1.015295628023653585e+00 1.037819736728476938e+00 1.136143749531881797e+00 1.178003138014262818e+00 1.245926942695257278e+00 1.331698283815382799e+00 1.416574322356950466e+00 1.452641300481457565e+00 1.462537353786942163e+00 1.680691910276043144e+00 1.703622866929304092e+00 1.733786883808908330e+00 1.736320007591231285e+00 1.835245692118721461e+00 1.975303731284980602e+00 1.989065003357192829e+00 2.074856686211743462e+00 2.083168694569402124e+00 2.361211499787443380e+00 2.460239946715426118e+00 2.467572788816676077e+00 2.687425280318341603e+00 3.323542311506545666e+00 3.338620334877530738e+00 3.610782150465003060e+00 3.634209607960329880e+00
3.064402121770294363e-01 4.161405192735649350e-01 4.778967951676704740e-01 6.852310538143656649e-01 1.006488789554938812e+00 1.041616018150857803e+00 1.133672450722080782e+00 1.157315113448158961e+00 1.216598018320897312e+00 1.321624775897546344e+00 1.404468587718672001e+00 1.451980922649542594e+00 1.486268787934473146e+00 1.685793602799771307e+00 1.718547740582563543e+00 1.742352786458787772e+00 1.750402259081383471e+00 1.856435658404117062e+00 1.973296463846157200e+00 1.996393835665917882e+00 2.066013835317041192e+00 2.080622107907096563e+00 2.358654278805347282e+00 2.458438903384913221e+00 2.471214797396177332e+00 2.674799236464462382e+00 3.325818104787983565e+00 3.352289380570746768e+00 3.607893270304235234e+00 3.633014994857706181e+00
3.280918970035842652e-01 4.520386396862073330e-01 5.332945855943826974e-01 6.398977011407261939e-01 9.928081430039144006e-01 1.044357470246989994e+00 1.094186364137269107e+00 1.162440261072251513e+00 1.196735271661550248e+00 1.313766396167027617e+00 1.386698573241885057e+00 1.450120723269424650e+00 1.508906205809889212e+00 1.690641415050364804e+00 1.730744985652510781e+00 1.752768121315571248e+00 1.769783343862487479e+00 1.879739375552810454e+00 1.970717856420997061e+00 2.004620288121393479e+00 2.054898202975161681e+00 2.077336018804198936e+00 2.355864305603511344e+00 2.456191358543419412e+00 2.475505119787924091e+00 2.660920907472061891e+00 3.328451375913789700e+00 3.369154857520929802e+00 3.603678217227271663e+00 3.631629585668531668e+00
3.465157798937282263e-01 4.895857902935498163e-01 5.906903894098983754e-01 5.989864131689548454e-01 9.729477964582632366e-01 1.046136870205029989e+00 1.062538858123155849e+00 1.127842848822267818e+00 1.209596181584552399e+00 1.308793655525073873e+00 1.366021561502157811e+00 1.447068581794075159e+00 1.528728013855542134e+00 1.694985168600837699e+00 1.741586551306127495e+00 1.764518534428152430e+00 1.791212647311359651e+00 1.902586308246226654e+00 1.967621848512969729e+00 2.013544585915655105e+00 2.041778316287126582e+00 2.073362702605103358e+00 2.353097246527349640e+00 2.453593573079055457e+00 2.480091050678849829e+00 2.647117755215719903e+00 3.331256511596385028e+00 3.388600808474821147e+00 3.597889801525584463e+00 3.630166644335949933e+00
3.597987298687060354e-01 5.089356754284050099e-01 5.839035588772046870e-01 6.476449854836403563e-01 9.482051342503078351e-01 1.038456350302802145e+00 1.046098992168479347e+00 1.085257737102168996e+00 1.223747966977520196e+00 1.308039535553797261e+00 1.343850279152931426e+00 1.442919924335094528e+00 1.545500230378666018e+00 1.698821374568532772e+00 1.752037785453596230e+00 1.777109919251210091e+00 1.812154764412390318e+00 1.922601474445685632e+00 1.964126271480033825e+00 2.022839505445798824e+00 2.027432423679909501e+00 2.068834313517803114e+00 2.350568282050605529e+00 2.450794597748560566e+00 2.484554954018241446e+00 2.634574211818816014e+00 3.334039534437484242e+00 3.409863478472839216e+00 3.590341817597845875e+00 3.628738237596760285e+00
3.647628231660385301e-01 4.924003753877720380e-01 6.159968326015454743e-01 7.017889434617033961e-01 9.227559413331821725e-01 1.019599336230390563e+00 1.026834869323374644e+00 1.057964281432935083e+00 1.232080587300302232e+00 1.312492893577240638e+00 1.321559188437942955e+00 1.437880308529351225e+00 1.559132855291308184e+00 1.702213615299463578e+00 1.762081462882235883e+00 1.790078737739584591e+00 1.831154845707636536e+00 1.938212971954258235e+00 1.960435804291822848e+00 2.011104478453804578e+00 2.033753139671240717e+00 2.064000284330334889e+00 2.348429759172587339e+00 2.447995412384639469e+00 2.488492312857018884e+00 2.624156580813155948e+00 3.336612330501350865e+00 3.432080997520100318e+00 3.580938268574795025e+00 3.627440337601755882e+00
3.582801589116911822e-01 4.752688672103674294e-01 6.641166814771746196e-01 7.508779406801960876e-01 9.006213529246366312e-01 9.803137815895858198e-01 1.002732995498361701e+00 1.055559434576408773e+00 1.234950110001660217e+00 1.300788595305320872e+00 1.320878273328225605e+00 1.432334059929964543e+00 1.569555523540436814e+00 1.705159462180220409e+00 1.771186840622758218e+00 1.802829106461735220e+00 1.847223329885852472e+00 1.949048419401440357e+00 1.956858763515103350e+00 1.995518318646298139e+00 2.043802815109537097e+00 2.059258992740822247e+00 2.346764781145357581e+00 2.445436057649614803e+00 2.491607416599364022e+00 2.616302359615417572e+00 3.338805298738674487e+00 3.454337549725781109e+00 3.569702232403081155e+00 3.626349777277535047e+00
3.435258303107840971e-01 4.683135126896185163e-01 7.161032553361476038e-01 7.919026629019274566e-01 8.844873082785408291e-01 9.293133463841626307e-01 9.867947951398188255e-01 1.055836506479041592e+00 1.234890168686421097e+00 1.283539986164210500e+00 1.330100061745418616e+00 1.426957729856439538e+00 1.576796537514749019e+00 1.707528361578380949e+00 1.778581060254407875e+00 1.814319316022890094e+00 1.859524831362561414e+00 1.953800755241990483e+00 1.955580866133742823e+00 1.981758051869319193e+00 2.052305236395964627e+00 2.055160055465465874e+00 2.345596938012795452e+00 2.443369186477672095e+00 2.493774784175106785e+00 2.611026070575950708e+00 3.340477498879900864e+00 3.475614803333605174e+00 3.556887850055322708e+00 3.625526390421974998e+00
3.297909499443085202e-01 4.670393222796720423e-01 7.693838430476560575e-01 8.199806318668481087e-01 8.761646047684954475e-01 8.767978490089441967e-01 9.733345442933024616e-01 1.056223609857572798e+00 1.234082516869800639e+00 1.271974161861811004e+00 1.337161188959310243e+00 1.422828732570526222e+00 1.581010837745362885e+00 1.709094203574250237e+00 1.783448430278500974e+00 1.822766707405655717e+00 1.867301594334268566e+00 1.951714055736653242e+00 1.958267365395269799e+00 1.972549145545057891e+00 2.052334619564533558e+00 2.057950228215941202e+00 2.344912540529578759e+00 2.442021956831466500e+00 2.495018535736181597e+00 2.608066189910851040e+00 3.341523909294382921e+00 3.494218625252144772e+00 3.543605644786170572e+00 3.625014136988400359e+00
3.243897827098790598e-01 4.670681716140294149e-01 8.192847928814557257e-01 8.271589432884887128e-01 8.296910119335586531e-01 8.746168083566826512e-01 9.674751095011504542e-01 1.056374737362560712e+00 1.233696249686333957e+00 1.267881841154053335e+00 1.339820654484268792e+00 1.421236157897451946e+00 1.582387461851670230e+00 1.709644784518915994e+00 1.785152101363378652e+00 1.825957311117788251e+00 1.869969486842057549e+00 1.950969272614808681e+00 1.958399528061274042e+00 1.969761477586292830e+00 2.051320709647626472e+00 2.059920791391352868e+00 2.344688008599706830e+00 2.441553714296023081e+00 2.495419699973842942e+00 2.607122183958902273e+00 3.341879965257700036e+00 3.503792307936794970e+00 3.535847217474114235e+00 3.624840291790102142e+00
3.279266888939712521e-01 4.657766144133103081e-01 8.037221867425977662e-01 8.227000912924405940e-01 8.300671073002627853e-01 8.912051789422248405e-01 9.733044629452886065e-01 1.056414883703372443e+00 1.231806400201352014e+00 1.267860879632430438e+00 1.335137001867930939e+00 1.417737752633049908e+00 1.588162455204203516e+00 1.711731577892960043e+00 1.783696963431136595e+00 1.826405694074924035e+00 1.869142478030346499e+00 1.951033301492389960e+00 1.958794324937598752e+00 1.971129928295867417e+00 2.050550287693114093e+00 2.059391597898986515e+00 2.344809892656303685e+00 2.442353356549976429e+00 2.494931407723290473e+00 2.605880291492884471e+00 3.344861055034938246e+00 3.503413591085012158e+00 3.533755373308362646e+00 3.624885687608061069e+00
3.379679693685229691e-01 4.619497842199667970e-01 7.764370752379072815e-01 8.123497917754841646e-01 8.306130475671819058e-01 9.217086253203654600e-01 9.883320885800793709e-01 1.056527682880324948e+00 1.224692032580275924e+00 1.267710328608933290e+00 1.324382398674637251e+00 1.407892283072026185e+00 1.603633627227291525e+00 1.717223861370458016e+00 1.779446518310457970e+00 1.827669534905655091e+00 1.866913610192842521e+00 1.951251392577629584e+00 1.959058256438554801e+00 1.975782079115649514e+00 2.048366068058947942e+00 2.057898185844496020e+00 2.345181129388380192e+00 2.444700928091978920e+00 2.493424062582977108e+00 2.602418443430924544e+00 3.353614254035352626e+00 3.502279113348574668e+00 3.527581601126668520e+00 3.625006253956793767e+00
3.529414736002695063e-01 4.556371239202748336e-01 7.491218188240844622e-01 8.015941622916437082e-01 8.303218109181507156e-01 9.548327555536256783e-01 1.008062680897549468e+00 1.056724154319683251e+00 1.208911430454231883e+00 1.267162125799873751e+00 1.314859847002930682e+00 1.393369839352809114e+00 1.624935411082957915e+00 1.724281446037520205e+00 1.772665209393741836e+00 1.829605396606166279e+00 1.863826010929008570e+00 1.951650030958096638e+00 1.958490104080055083e+00 1.983559389716770038e+00 2.045035693138056221e+00 2.055734867748067352e+00 2.345798805088647576e+00 2.448444100307322735e+00 2.490811081430759355e+00 2.597458939218950214e+00 3.367584668358652777e+00 3.500393850844081722e+00 3.517631627876251610e+00 3.625162601406985541e+00
3.705787190344780879e-01 4.468627708855779646e-01 7.250203979745178939e-01 7.949256629848850952e-01 8.280934994619494338e-01 9.880321045243274369e-01 1.028777336726093505e+00 1.057185896465467678e+00 1.182947639221043401e+00 1.265787414350830309e+00 1.311690316875474549e+00 1.376366438609600396e+00 1.648432623153769816e+00 1.730949054427519007e+00 1.763718737647572254e+00 1.832175103833362240e+00 1.860309586673672300e+00 1.952271618578455215e+00 1.957389641866214225e+00 1.993138502863538886e+00 2.040770020004249563e+00 2.053366452896686845e+00 2.346602234367347162e+00 2.453333215466782846e+00 2.487059230273512611e+00 2.592001874590040167e+00 3.385891882308978751e+00 3.497768872968789022e+00 3.504413120456593145e+00 3.625309490565033155e+00
3.882559914146864188e-01 4.360176898158708014e-01 7.063129855323877493e-01 7.946091299218546178e-01 8.233263844620879457e-01 1.020091527334062498e+00 1.046452772868964320e+00 1.059373654663603004e+00 1.149684751284446138e+00 1.263216605753299637e+00 1.314784183977764531e+00 1.359264599614198987e+00 1.671093265252472815e+00 1.735890867740511823e+00 1.753319926700371845e+00 1.835525588974107336e+00 1.856399596631946425e+00 1.953097274131798455e+00 1.956121388867589017e+00 2.003227968014734017e+00 2.035599236624707764e+00 2.051322441399278773e+00 2.347433110380492405e+00 2.459026256911053032e+00 2.482283080533040920e+00 2.587103608557987044e+00 3.407360240679928154e+00 3.488543197377102167e+00 3.494529813051052702e+00 3.625413491735924865e+00
4.034146402020341027e-01 4.244243731716680901e-01 6.948270502276761018e-01 8.001320605940261954e-01 8.162853259265721029e-01 1.050153918352075166e+00 1.053107856657211405e+00 1.069070745062892902e+00 1.113432455282275857e+00 1.259880337861137622e+00 1.322111652794101033e+00 1.344159543706148208e+00 1.689438125735042373e+00 1.738581664221793055e+00 1.743371357013772549e+00 1.839969358218216167e+00 1.851725497798257347e+00 1.953928727406948784e+00 1.955027628567346465e+00 2.012912255781740711e+00 2.029320559571124338e+00 2.050060281145483554e+00 2.348062636548045479e+00 2.465100357852065383e+00 2.476779674597121783e+00 2.583691737427786794e+00 3.430414335435606255e+00 3.470894767724907570e+00 3.490908159569505287e+00 3.625462291867198150e+00
4.140658524525021034e-01 4.145393559381980730e-01 6.912633496805707933e-01 8.081167028214074621e-01 8.083888686399551826e-01 1.053814158780262300e+00 1.076484917059423063e+00 1.079016931154997305e+00 1.079389123905948988e+00 1.257995279522353682e+00 1.331901104166226091e+00 1.332121833192600135e+00 1.697204582528758499e+00 1.738902170968739558e+00 1.739141198075586647e+00 1.845772757059767732e+00 1.845870693790866213e+00 1.954438864575579471e+00 1.954448207617022870e+00 2.021651674534417520e+00 2.021748071573800321e+00 2.049707708876741474e+00 2.348302453522068234e+00 2.470938675285736075e+00 2.471127100862029469e+00 2.582450604796736826e+00 3.452064734634065157e+00 3.452290535645012426e+00 3.488575515972371921e+00 3.625466637964239069e+00
4.086042081456942032e-01 4.197382922967111685e-01 6.926537578855621602e-01 8.016244229647677688e-01 8.135928454571715873e-01 1.048769665287672348e+00 1.053451179035184815e+00 1.084254187202376318e+00 1.101142491276421387e+00 1.260631128861199546e+00 1.322841244490380541e+00 1.342762626981619078e+00 1.691303728493495750e+00 1.737487758424172357e+00 1.742755382299655320e+00 1.839026692080290015e+00 1.852659773395770149e+00 1.954489301831733084e+00 1.954533326871197962e+00 2.013711771251848859e+00 2.029228279577563576e+00 2.049416034009190035e+00 2.348191394481498939e+00 2.465916545256035430e+00 2.476028595763594353e+00 2.583364106797820359e+00 3.434314738880419604e+00 3.463434078592419585e+00 3.494152639337641642e+00 3.625496803313839944e+00
4.092186424647987764e-01 4.200545629097018341e-01 6.925665760614428956e-01 7.993949158626171281e-01 8.126513616596087175e-01 1.024957462721688861e+00 1.052582581665869599e+00 1.086763270054928343e+00 1.123229605402895404e+00 1.269168708663469536e+00 1.314509983564742912e+00 1.354602111827468924e+00 1.678399999028340472e+00 1.734564600263504008e+00 1.747670858867576005e+00 1.830894655607165467e+00 1.860178239931988387e+00 1.953926207789275837e+00 1.955263644607509343e+00 2.005914234963483533e+00 2.036287511429947461e+00 2.048172041181784753e+00 2.348007382404573740e+00 2.461277710064722513e+00 2.480297837602788658e+00 2.586171057575224808e+00 3.416729875863837584e+00 3.461503561849349264e+00 3.510405222835433658e+00 3.625585137910241951e+00
4.160005047740851780e-01 4.176871947458440926e-01 6.832162025966825869e-01 8.021909668392307458e-01 8.077090235467299095e-01 1.008334290701278446e+00 1.051589136138121328e+00 1.089949846171610615e+00 1.144182396581809202e+00 1.282731398018269964e+00 1.306157693828382982e+00 1.366836369549137231e+00 1.662594388696111425e+00 1.730518807324193720e+00 1.750185514590050673e+00 1.821654429823714505e+00 1.866346818720348022e+00 1.952305282257896568e+00 1.956560909749079924e+00 1.999919227704160640e+00 2.041859747658075097e+00 2.046380618298316634e+00 2.347882219089427736e+00 2.457512949212434794e+00 2.483464220367798347e+00 2.590932000355916198e+00 3.399872673098087272e+00 3.454174691691485499e+00 3.528905101344238293e+00 3.625780393927880763e+00
4.083337926716166799e-01 4.346467411571993678e-01 6.615696689735589553e-01 7.808635397672432088e-01 8.284739844582055257e-01 9.991549317631661653e-01 1.050862593619054097e+00 1.096601467085354109e+00 1.164450625957221597e+00 1.292658356467836889e+00 1.303819699908267182e+00 1.378951498902515338e+00 1.645190631209422438e+00 1.725687602087154326e+00 1.749890789349947573e+00 1.811603274168520183e+00 1.868202448198369003e+00 1.949066270784174160e+00 1.958373881781286130e+00 1.997768657981213725e+00 2.039396043949970760e+00 2.050262465600664274e+00 2.347962327856721654e+00 2.454826219979130641e+00 2.485337534699576079e+00 2.597650474449335167e+00 3.384229568670864552e+00 3.444395884771862981e+00 3.546198020841651033e+00 3.626130725869256555e+00
3.977893194234389251e-01 4.596738977390537606e-01 6.305278963327819453e-01 7.494293162621232796e-01 8.584642388824964554e-01 9.966740967928848782e-01 1.050374237357583951e+00 1.107714547681352579e+00 1.184482600631282301e+00 1.282543157632533903e+00 1.321659078019301159e+00 1.390513833101880259e+00 1.626584962654189281e+00 1.720340815423912151e+00 1.747358910919441177e+00 1.801051312957436146e+00 1.863313640533084348e+00 1.943572093510334886e+00 1.960627148420097443e+00 2.000938497807912775e+00 2.032906720813814516e+00 2.055841637072291839e+00 2.348391697877781681e+00 2.453295521109328803e+00 2.485841495908871934e+00 2.606264218655246268e+00 3.370182685732570071e+00 3.432812764511745218e+00 3.561410278965304155e+00 3.626674484558703337e+00
3.849782567233259734e-01 4.916011103193344001e-01 5.937302139590955319e-01 7.099084026984737728e-01 8.939687309060947440e-01 9.998852644888599484e-01 1.049820569388025149e+00 1.122792932568449142e+00 1.204658201212677193e+00 1.268682313447500487e+00 1.341866824531489533e+00 1.401176782394827791e+00 1.606863375615729783e+00 1.714680259048376731e+00 1.743283608298437981e+00 1.790269857770169226e+00 1.851399038495528560e+00 1.935145806605150121e+00 1.963096025404825307e+00 2.009121548835452575e+00 2.024878408517661210e+00 2.061102784175179448e+00 2.349286138764745235e+00 2.452862438783690813e+00 2.485024180671407734e+00 2.616621764015128360e+00 3.357989187382707463e+00 3.419709680381633365e+00 3.574321603509840184e+00 3.627430952695364752e+00
3.703653358144558538e-01 5.288823801902096111e-01 5.538963653086366179e-01 6.645451988172359492e-01 9.314482054094482821e-01 1.008656727602083913e+00 1.048978839941579144e+00 1.140472963502029202e+00 1.225231500620038494e+00 1.252747497436466517e+00 1.362039935626421228e+00 1.410675548813545843e+00 1.585974143164481376e+00 1.708848842102943077e+00 1.738240377437652251e+00 1.779481542448727804e+00 1.833935755416266744e+00 1.923213084790193816e+00 1.965563131889756621e+00 2.016241203993355491e+00 2.020563398063190963e+00 2.065939155130112059e+00 2.350700294653397915e+00 2.453349792574690102e+00 2.483053664342705247e+00 2.628455422940833675e+00 3.347771629472904298e+00 3.405403016909313241e+00 3.584966855484982506e+00 3.628393746600948155e+00
3.542565363332852435e-01 5.131378726790311040e-01 5.698045017877174656e-01 6.154239084513958291e-01 9.653311939687505561e-01 1.025767093427596421e+00 1.047750377361749363e+00 1.158575236938216513e+00 1.236009291871790650e+00 1.246279735227582286e+00 1.381339149122118526e+00 1.418806182531124893e+00 1.563801363160730817e+00 1.702944478771583725e+00 1.732624638374612891e+00 1.768876349492466193e+00 1.812798840556449909e+00 1.907621564527731239e+00 1.967937131365854908e+00 2.007870090969893884e+00 2.033350058168453600e+00 2.070341797856144250e+00 2.352602937527675131e+00 2.454504693660473968e+00 2.480197939872433199e+00 2.641360553169013414e+00 3.339521591114208654e+00 3.390346594880380149e+00 3.593503606284290441e+00 3.629528874028729479e+00
3.367834584830062261e-01 4.733831397708232469e-01 5.638762717302457927e-01 6.132390637732235694e-01 9.884154163556732042e-01 1.046077674532135404e+00 1.056228087399204485e+00 1.171820547081925845e+00 1.223090034789735991e+00 1.267659473296197881e+00 1.399135012839134662e+00 1.425378608878058895e+00 1.540234304958997935e+00 1.697035008437121073e+00 1.726587735547267632e+00 1.758644266968433456e+00 1.789780489562523780e+00 1.888963955343079260e+00 1.970181560841411716e+00 2.000333673256119660e+00 2.046051530082112269e+00 2.074300920177257535e+00 2.354875216049995945e+00 2.456050505514898230e+00 2.476791604143944614e+00 2.654789506447744252e+00 3.333116752400924643e+00 3.375146217273989890e+00 3.600148397202503681e+00 3.630777100063548701e+00
3.179347491328695652e-01 4.366534298123151969e-01 5.125723384009267525e-01 6.567686547787298101e-01 1.001871993858802545e+00 1.043871606505014649e+00 1.097092928135366741e+00 1.168493655590739033e+00 1.225394197457289058e+00 1.288967943933494009e+00 1.414879795282291797e+00 1.430096368371921223e+00 1.515312684882418104e+00 1.691178600439550817e+00 1.719834558240392663e+00 1.749016810428011492e+00 1.766891897933120070e+00 1.868604172869278823e+00 1.972257728866408710e+00 1.993828755812628639e+00 2.057726851642820431e+00 2.077789015535985939e+00 2.357331657851775120e+00 2.457730362173035310e+00 2.473195199587737481e+00 2.668066894816276680e+00 3.328349128921702871e+00 3.360522773207481606e+00 3.605145224562857909e+00 3.632058849632587627e+00
2.978071746511998241e-01 4.050499910961601890e-01 4.632126374203247021e-01 6.991481532507185515e-01 1.010689727659686232e+00 1.040951783823368615e+00 1.141856862862353772e+00 1.151324366788415210e+00 1.240253940508871944e+00 1.309501601297815343e+00 1.428079730990061691e+00 1.432126947915487447e+00 1.489714018728757638e+00 1.685467691578337757e+00 1.711152404595638776e+00 1.740303091009978598e+00 1.747047515843107135e+00 1.848397675506518123e+00 1.974109715234691143e+00 1.988361392648357429e+00 2.067780950468475876e+00 2.080760544627163533e+00 2.359752258315733986e+00 2.459333592843788274e+00 2.469755115322866068e+00 2.680429699040461244e+00 3.324960251553108481e+00 3.347244371374474614e+00 3.608750226538978367e+00 3.633281321124704366e+00
2.772757274311439257e-01 3.802617965554095925e-01 4.186128981361293966e-01 7.382400819116671231e-01 1.016944878750150716e+00 1.037033745740556512e+00 1.131456193586206194e+00 1.186989233495012064e+00 1.257044158339802431e+00 1.328204649627087841e+00 1.428177906311759449e+00 1.438335273299625738e+00 1.466831053077663816e+00 1.680114502549596933e+00 1.698984031254793026e+00 1.732895389086112292e+00 1.733649084657567618e+00 1.830321115390825870e+00 1.975666383093439338e+00 1.983936580710968567e+00 2.075848643541057914e+00 2.083158501730178358e+00 2.361914219620013355e+00 2.460705094587266384e+00 2.466771571199132485e+00 2.691090676090901468e+00 3.322678329846255885e+00 3.336047643129048446e+00 3.611218452613750962e+00 3.634349066067969591e+00
2.586698859781215165e-01 3.629461340603106212e-01 3.822515309279210793e-01 7.712209248933693528e-01 1.021253187616721236e+00 1.032001958566778788e+00 1.114169632331845960e+00 1.230041046937127236e+00 1.271475665005638245e+00 1.343629272611156944e+00 1.410971001153425997e+00 1.445446229033000352e+00 1.454754109961593489e+00 1.675547182442656435e+00 1.685444130642178129e+00 1.726618756871507010e+00 1.727220866282615397e+00 1.816134231966965329e+00 1.976850899296495045e+00 1.980631042226419947e+00 2.081717149679743084e+00 2.084923987221257491e+00 2.363617990287751436e+00 2.461742141787532034e+00 2.464479341354234521e+00 2.699317340891035588e+00 3.321252907349034000e+00 3.327566535094561129e+00 3.612784827760819883e+00 3.635176786263665250e+00
2.454110792416299980e-01 3.528570767870061187e-01 3.580812547169890392e-01 7.941458282335579488e-01 1.023801110926694458e+00 1.026900129775805137e+00 1.102741093445584353e+00 1.266941755583084861e+00 1.281214290846653947e+00 1.354022263890027222e+00 1.385797456023999175e+00 1.449505140946467874e+00 1.451447918740306431e+00 1.672395164371329734e+00 1.675241270985022402e+00 1.723332161650073635e+00 1.723652877382897852e+00 1.807131754379902588e+00 1.977594011127770335e+00 1.978570668980006664e+00 2.085272695798836562e+00 2.086006212077188060e+00 2.364706932448389143e+00 2.462384230695940257e+00 2.463041473831239170e+00 2.704513777005530528e+00 3.320483756241473294e+00 3.322280569302589193e+00 3.613640654464097324e+00 3.635699675834145772e+00
2.405783099713512396e-01 3.495511556438292700e-01 3.495542794381026885e-01 8.025293866841937129e-01 1.024572504419077434e+00 1.024646085691810038e+00 1.098822664891274670e+00 1.284659799735767605e+00 1.284664159034687891e+00 1.357756872636118217e+00 1.371532607400935744e+00 1.450777505038794324e+00 1.450803059112959259e+00 1.671260737414251185e+00 1.671499452981421330e+00 1.722354353105924218e+00 1.722435751895436296e+00 1.804053614090189051e+00 1.977847480590789742e+00 1.977868851402101669e+00 2.086370969482973958e+00 2.086462803225868967e+00 2.365081319549152017e+00 2.462552018807300680e+00 2.462601229071645914e+00 2.706290970472195134e+00 3.320242152609669706e+00 3.320485408273401884e+00 3.613911355536424619e+00 3.635878334954151914e+00
3.243897827098790598e-01 4.670681716140294149e-01 8.192847928814557257e-01 8.271589432884887128e-01 8.296910119335586531e-01 8.746168083566826512e-01 9.674751095011504542e-01 1.056374737362560712e+00 1.233696249686333957e+00 1.267881841154053335e+00 1.339820654484268792e+00 1.421236157897451946e+00 1.582387461851670230e+00 1.709644784518915994e+00 1.785152101363378652e+00 1.825957311117788251e+00 1.869969486842057549e+00 1.950969272614808681e+00 1.958399528061274042e+00 1.969761477586292830e+00 2.051320709647626472e+00 2.059920791391352868e+00 2.344688008599706830e+00 2.441553714296023081e+00 2.495419699973842942e+00 2.607122183958902273e+00 3.341879965257700036e+00 3.503792307936794970e+00 3.535847217474114235e+00 3.624840291790102142e+00
3.290222404123829825e-01 4.656222458620848381e-01 8.184900211555822258e-01 8.228354113938501913e-01 8.299566417987733757e-01 8.755392139006153984e-01 9.725387792784569996e-01 1.044360631968985764e+00 1.234193805162808966e+00 1.274827154904202731e+00 1.340161522699153895e+00 1.421555262729550462e+00 1.582115248941145413e+00 1.709417242372226253e+00 1.779727388015384770e+00 1.830965667460097146e+00 1.869763042489176463e+00 1.946750002494322951e+00 1.958919766392130724e+00 1.972722692742230333e+00 2.049809270471615097e+00 2.062496423655170830e+00 2.344512308374083531e+00 2.439766089277835892e+00 2.493001785782272162e+00 2.607887870752508608e+00 3.344321346025427744e+00 3.483920900625772976e+00 3.538642142950515712e+00 3.639021840890312554e+00
3.423757192717369335e-01 4.613009758115597103e-01 8.112078494463140776e-01 8.167390095192473831e-01 8.305813175962746264e-01 8.781428636114413377e-01 9.800607855657123002e-01 1.018899666235744794e+00 1.235646514962999820e+00 1.291062372798969182e+00 1.341269770871306832e+00 1.422812233071646393e+00 1.581302941880662116e+00 1.708481722148011084e+00 1.767877642196159282e+00 1.841178588025081719e+00 1.868972380897339525e+00 1.938901742015830987e+00 1.957920274005321648e+00 1.980047075937735546e+00 2.045310292736920221e+00 2.069889447864005749e+00 2.343994061948845520e+00 2.434675421263333472e+00 2.485934218865681444e+00 2.610379061659229727e+00 3.351294425243466435e+00 3.438936409213436463e+00 3.546720120121506170e+00 3.667326986986210624e+00
3.629984492634328319e-01 4.541590730956583388e-01 7.957461587737095776e-01 8.137983622743905077e-01 8.311182387396829352e-01 8.820828829040613384e-01 9.522351745676554957e-01 1.022740130145933568e+00 1.237908963916833249e+00 1.309092592091505303e+00 1.343410164892670400e+00 1.425820319075221221e+00 1.579947348977937205e+00 1.706223098422848361e+00 1.753814908455074484e+00 1.851224206827854823e+00 1.867236020194209756e+00 1.930084213862651277e+00 1.956459874381275332e+00 1.989890519726754459e+00 2.037947583298130194e+00 2.081136945612221290e+00 2.343191847184374677e+00 2.427018316682004073e+00 2.474778672961198023e+00 2.615084374352563579e+00 3.360774565243130674e+00 3.383979570062221498e+00 3.559230707825637108e+00 3.696784713848733084e+00
3.889230172632615057e-01 4.442995017414443915e-01 7.766364753120696962e-01 8.105232526896933853e-01 8.309810446618772772e-01 8.869897500591087391e-01 9.032423367705633144e-01 1.046310281551629418e+00 1.240690309676665493e+00 1.324272056563276845e+00 1.347030881851505546e+00 1.431572508623281781e+00 1.577989792639453714e+00 1.701993029465265206e+00 1.738778218144143350e+00 1.857555022940997613e+00 1.864987076280838929e+00 1.921142595475090697e+00 1.956455127049771647e+00 2.001825147595256649e+00 2.028095939211091547e+00 2.094703527504378826e+00 2.342284878502174372e+00 2.417793964543939911e+00 2.460435151338175697e+00 2.622591052055139649e+00 3.318504865887779154e+00 3.377341806251059175e+00 3.574927383755749144e+00 3.723706871525191531e+00
4.179544368395314291e-01 4.319250408519635931e-01 7.505251844306550790e-01 8.072470221952791070e-01 8.296161755474007471e-01 8.559929275313974406e-01 8.924952625995218325e-01 1.073216723144981177e+00 1.243549810727407667e+00 1.334829273553283624e+00 1.352693705141777336e+00 1.440592943149536564e+00 1.575242976875022682e+00 1.695421191470208200e+00 1.723135048189620600e+00 1.855420128218091547e+00 1.865620823416959562e+00 1.912752224177223015e+00 1.958936188147880841e+00 2.014168805622130520e+00 2.017977437882627623e+00 2.108689538472858338e+00 2.341612207442784310e+00 2.408031382108929197e+00 2.444027430982112392e+00 2.633413300202116503e+00 3.252935641876938622e+00 3.392099225456742584e+00 3.592354889281837771e+00 3.747208480570615841e+00
4.168176745240963488e-01 4.483249034369455877e-01 7.116184004546041164e-01 8.042622264295722356e-01 8.213664485416958261e-01 8.271842604364116891e-01 8.981710519940960813e-01 1.100316428820432346e+00 1.245989868769403097e+00 1.340998213709238218e+00 1.360869012381946241e+00 1.452417070246827091e+00 1.571322196800541748e+00 1.686583520034093731e+00 1.707312575683904043e+00 1.848390689234509887e+00 1.866258811417741859e+00 1.905475580112435008e+00 1.962960878111486451e+00 2.004339292278367601e+00 2.031164192935060786e+00 2.121227035494148705e+00 2.341593028553196731e+00 2.398615365414527023e+00 2.426771156867086887e+00 2.647864600576585126e+00 3.186180241326821871e+00 3.407296228928000215e+00 3.610023165097309583e+00 3.767131308094572972e+00
3.995406985550581380e-01 4.774945623683672369e-01 6.625762113504513051e-01 8.017418860301798178e-01 8.021721633702041387e-01 8.226642736276064127e-01 9.035756169239961277e-01 1.125843542885031079e+00 1.247647704381998679e+00 1.343928802265923039e+00 1.371692199941561219e+00 1.465806271113966774e+00 1.565672673263388992e+00 1.676039869154244188e+00 1.692200726021672263e+00 1.839900101948193312e+00 1.865684217506848208e+00 1.899629380650921018e+00 1.964806897581020673e+00 1.995904773201282456e+00 2.046538706399330110e+00 2.130966907781989939e+00 2.342503311993319848e+00 2.390212698408890279e+00 2.409902083825689711e+00 2.665910906033005290e+00 3.121094412317832578e+00 3.421485437968197818e+00 3.626539325078712128e+00 3.783484310969159381e+00
3.801866383713773945e-01 5.036104377705892254e-01 6.140418484654315279e-01 7.914962644116845247e-01 8.001004616820016624e-01 8.172761756433968294e-01 9.082777122350268462e-01 1.148231527082248959e+00 1.248457042493584135e+00 1.344795478073203432e+00 1.384608898307980507e+00 1.479253790764120335e+00 1.557894771245996512e+00 1.664823056214109531e+00 1.679136532219321465e+00 1.831425171521476880e+00 1.864896378185109560e+00 1.895263549630142652e+00 1.960227521818850960e+00 1.994695346430454208e+00 2.060917559095220231e+00 2.137440701164636359e+00 2.344238055361932638e+00 2.383278491954178069e+00 2.394681900893721682e+00 2.686891380914089744e+00 3.060726448742698835e+00 3.433611085623309300e+00 3.640694675909856848e+00 3.796275910936617759e+00
3.603461496722059620e-01 5.245281116625544193e-01 5.749380850337043602e-01 7.856166515743245871e-01 7.993672820805377555e-01 8.115455502661580445e-01 9.119109448905811099e-01 1.165907572072156340e+00 1.248640213944806066e+00 1.344553206259166078e+00 1.397988079128173577e+00 1.491112985874591956e+00 1.548553365985973818e+00 1.654447354104544576e+00 1.669392261066779737e+00 1.824258496905530880e+00 1.864499229811486636e+00 1.892277283367109098e+00 1.952330271462382694e+00 1.997766280313858056e+00 2.072794149127179519e+00 2.141052846556030786e+00 2.346280242061122401e+00 2.378052678265142106e+00 2.382468510345412405e+00 2.708887982755870727e+00 3.009019214430319167e+00 3.442856460660883577e+00 3.651516400800672635e+00 3.805476242238737150e+00
3.442715483315439418e-01 5.381803552338383367e-01 5.503916953386177591e-01 7.826125498216202070e-01 7.998601026104226186e-01 8.064232561598113636e-01 9.142022993822760402e-01 1.177338892093044542e+00 1.248549572826119336e+00 1.343990641823680665e+00 1.408825996767794297e+00 1.499503085892682552e+00 1.540107030295926105e+00 1.646868944211345775e+00 1.663577595641298146e+00 1.819477101300702282e+00 1.864494958666697455e+00 1.890543936443589867e+00 1.946029846469050417e+00 2.000733273947209678e+00 2.080698076534449381e+00 2.142677542704221505e+00 2.347926225506864917e+00 2.373620574884240053e+00 2.375643106777813429e+00 2.727486360805951193e+00 2.971940568836984209e+00 3.448637472234823864e+00 3.658295968080736760e+00 3.811030518048837745e+00
3.379169766566735289e-01 5.420779545027754054e-01 5.430127494320572401e-01 7.816872773874371516e-01 8.010875724024313360e-01 8.034992696852178984e-01 9.149847867971848681e-01 1.181309074936231607e+00 1.248481597706486701e+00 1.343720436067175950e+00 1.413155743044968160e+00 1.502579882355596697e+00 1.536541753496434959e+00 1.644046437427671536e+00 1.661674126375983107e+00 1.817799109856610418e+00 1.864558149933047471e+00 1.889976033788557164e+00 1.943690779006866265e+00 2.001863551704261557e+00 2.083481167287966951e+00 2.143114107182166439e+00 2.348563574327520165e+00 2.371023175422068974e+00 2.374326726132190757e+00 2.735250185880173657e+00 2.957905262199615581e+00 3.450603444226875371e+00 3.660603776691906397e+00 3.812888602446961706e+00
5.362060634248794200e-01 5.368579311835919299e-01 5.370894099342277128e-01 6.837603357661814485e-01 7.687010807031834370e-01 7.689515816852312557e-01 1.062409941601047514e+00 1.136591271722958929e+00 1.136811762419973615e+00 1.412237242495022027e+00 1.452592166670156670e+00 1.452718742776090810e+00 1.584465784530550092e+00 1.584568588369259956e+00 1.707301841049183366e+00 1.815803740725404847e+00 1.816114529285423052e+00 1.931456359194138050e+00 1.931530234317847317e+00 2.046867548104680523e+00 2.047357475204397925e+00 2.119146882855466263e+00 2.374184687428912977e+00 2.374218167580468108e+00 2.376948667429505502e+00 2.698693850309245690e+00 2.956156765365064221e+00 3.569134447007871191e+00 3.569333991536576267e+00 3.813827004463307357e+00
5.148792970700671878e-01 5.151887171231502860e-01 5.439152399103454050e-01 6.781180842980529810e-01 7.877620021006376261e-01 7.880137915433720330e-01 1.067786494680860621e+00 1.129782065813990322e+00 1.130013652708782512e+00 1.407264582532921970e+00 1.481961911329892967e+00 1.482123016103350288e+00 1.554743956883327893e+00 1.554879149079696044e+00 1.706220220931408571e+00 1.824033771248907643e+00 1.824329748450852273e+00 1.928240473150709677e+00 1.928317332532300865e+00 2.038906414969885894e+00 2.039397027555310160e+00 2.137404791179941199e+00 2.363614251762176988e+00 2.380969861103136687e+00 2.380998414797744545e+00 2.693583814281414135e+00 2.965253988656033179e+00 3.569087933583184657e+00 3.569287745699786463e+00 3.813582420285195340e+00
4.908636526308489123e-01 4.911957875726000733e-01 5.733237976348573017e-01 6.733654575139461640e-01 8.062512406153193867e-01 8.065053741153251909e-01 1.073174065243621689e+00 1.120538560293253827e+00 1.120785021513561741e+00 1.399226206860415544e+00 1.508516310740804833e+00 1.508728890004568335e+00 1.528663329601243737e+00 1.528853826907057289e+00 1.704814777694388495e+00 1.833915012307497205e+00 1.834191713228014331e+00 1.928081988775408817e+00 1.928168161002154157e+00 2.028483118211457548e+00 2.028961946735163391e+00 2.156094533378130063e+00 2.346826711999851600e+00 2.390343309296925955e+00 2.390356424698949933e+00 2.678284047866879902e+00 2.996967758996310849e+00 3.564731302098271826e+00 3.564932326206088575e+00 3.809509487498456082e+00
4.660832851675743016e-01 4.664442654545973288e-01 6.198729582737364519e-01 6.698498668986421212e-01 8.232876905764474618e-01 8.235443209699390144e-01 1.078183742022132074e+00 1.109357217153030373e+00 1.109621490037298708e+00 1.388538567232345589e+00 1.492908005874727939e+00 1.492990366213824638e+00 1.545638422305247062e+00 1.545734949271730940e+00 1.703193904174322482e+00 1.844559892585770688e+00 1.844812195288401346e+00 1.931483474188873339e+00 1.931587142863171902e+00 2.016173345268257755e+00 2.016632564137594397e+00 2.173829198578000277e+00 2.327376983321165493e+00 2.401553162536878894e+00 2.401563488525543910e+00 2.658772307346298547e+00 3.044461122472077896e+00 3.556330809934283188e+00 3.556533934499193084e+00 3.801618022157043697e+00
4.419937668973312195e-01 4.423879964560028522e-01 6.678053672934050056e-01 6.779177370714997153e-01 8.379597163081542455e-01 8.382182840545384650e-01 1.082463577233307328e+00 1.097087773415315270e+00 1.097373643705934265e+00 1.375548412410920074e+00 1.465710049698826678e+00 1.465846706431437108e+00 1.574633577133890183e+00 1.574774491057876258e+00 1.701486132580651178e+00 1.855132192635315258e+00 1.855355247454067769e+00 1.938288498290317907e+00 1.938416729223510160e+00 2.002795688707236010e+00 2.003230461338273205e+00 2.187797298954076819e+00 2.307646434957704606e+00 2.413896554814487061e+00 2.413934814009974339e+00 2.639447628296289761e+00 3.101853494529899891e+00 3.544415011175759744e+00 3.544621023178022856e+00 3.789927578993883550e+00
4.202119568893714074e-01 4.206414050384779668e-01 6.673478664139390615e-01 7.423615995208519003e-01 8.491976221533692470e-01 8.494572051033910665e-01 1.084977203909828880e+00 1.085104327331210650e+00 1.085897564998231424e+00 1.360443170973180571e+00 1.439724575503648296e+00 1.439890499110230149e+00 1.602900357371794149e+00 1.603060574985913256e+00 1.699830715962453276e+00 1.865107901699833981e+00 1.865298905522858375e+00 1.946988114789526048e+00 1.947134954633688242e+00 1.989892001100714403e+00 1.990290026460248995e+00 2.192447004709941805e+00 2.293143003135435176e+00 2.426729490169401871e+00 2.426797221779354974e+00 2.622494901867573169e+00 3.164943044020904761e+00 3.529768225073977028e+00 3.529977760218041549e+00 3.774440676948829232e+00
4.024536260692205270e-01 4.029166057449198313e-01 6.684782461584262148e-01 8.091684333639671545e-01 8.557862588142330917e-01 8.560461275926048996e-01 1.074601167980685723e+00 1.074906424277323191e+00 1.087731272688893025e+00 1.343245667003246435e+00 1.415670485638595988e+00 1.415858018266262786e+00 1.629634549746722394e+00 1.629807927534030032e+00 1.698366194322124656e+00 1.874031371705128457e+00 1.874188166086961260e+00 1.952774064892462524e+00 1.952850238724330501e+00 1.982027316786479032e+00 1.982296560907567784e+00 2.181740641571415118e+00 2.290380222964180756e+00 2.439377911069541494e+00 2.439474337244178059e+00 2.608731130992011593e+00 3.230507082591793644e+00 3.513415843432520891e+00 3.513629332220274293e+00 3.755130781531494488e+00
3.903591170554140954e-01 3.908492925691641195e-01 6.710911067320290968e-01 8.566369484396485490e-01 8.568975991615263021e-01 8.751694203425109952e-01 1.067542602217906644e+00 1.067865004043423438e+00 1.088301115711777012e+00 1.323947547543298464e+00 1.393829069892858374e+00 1.394032963491533827e+00 1.654618765229942445e+00 1.654802788995747731e+00 1.697217832035621043e+00 1.880675120095220310e+00 1.880788946343244339e+00 1.949067873983443722e+00 1.949149986349548058e+00 1.985933699092832683e+00 1.985979618136935798e+00 2.158140233770844407e+00 2.297909306254620532e+00 2.451090875044089401e+00 2.451213531025784764e+00 2.598252936235571298e+00 3.295815011580407461e+00 3.496593247792198156e+00 3.496810864639660288e+00 3.731977388295959042e+00
3.852200588462986741e-01 3.857264748924010833e-01 6.749870220637044227e-01 8.513232458774590006e-01 8.515853804173943997e-01 9.374915733717060773e-01 1.064809558228519526e+00 1.065142403533712701e+00 1.087380766773063501e+00 1.302865357684037217e+00 1.374374199944190744e+00 1.374589689237861734e+00 1.677900385808599459e+00 1.678094120508480058e+00 1.696485372449918483e+00 1.882160016955970683e+00 1.882208557609440502e+00 1.943423654659046873e+00 1.943520222048354062e+00 1.995708904398832750e+00 1.995760800598036733e+00 2.128958179150139518e+00 2.309883386485976686e+00 2.461008058704859724e+00 2.461153401359465587e+00 2.590796182511173829e+00 3.358345157944185200e+00 3.480685811155948439e+00 3.480907462243373107e+00 3.705115342378319632e+00
3.876882090249375024e-01 3.881969135532261639e-01 6.798864587788382430e-01 8.404639172188025364e-01 8.407290191742138319e-01 9.925958625122571766e-01 1.066404452900914457e+00 1.066741865181085824e+00 1.084999443391191143e+00 1.281422534454997431e+00 1.357453620619692547e+00 1.357675969338896893e+00 1.696230698494230582e+00 1.699650986765758320e+00 1.699856965758537619e+00 1.875658127121197616e+00 1.875682844531543658e+00 1.943319181978328425e+00 1.943366506401869254e+00 2.005741230407349640e+00 2.005828979138032153e+00 2.099248684417278188e+00 2.323001518923196507e+00 2.468189567012518904e+00 2.468353519145484842e+00 2.585944097248893403e+00 3.415347076505724111e+00 3.467126019099060930e+00 3.467351636644415258e+00 3.675297972357175258e+00
3.976072219949534636e-01 3.981041001295990145e-01 6.854440987629489834e-01 8.255034994745807930e-01 8.257722438416476018e-01 1.034580343608789477e+00 1.071504314223444609e+00 1.071838432958304832e+00 1.081299663094125396e+00 1.263741778318568931e+00 1.343230121577166036e+00 1.343454373742293040e+00 1.696479489788305539e+00 1.720004307955403045e+00 1.720222835311523424e+00 1.862485975893438228e+00 1.862557588398619624e+00 1.948090249566444720e+00 1.948099437923791699e+00 2.014494855478094593e+00 2.014594130295469743e+00 2.072117495021444267e+00 2.335977754483100632e+00 2.471729099530970419e+00 2.471907429943875467e+00 2.583270553702937011e+00 3.457240998270386001e+00 3.457454125964225966e+00 3.462398176852496068e+00 3.645441277947671921e+00
4.140658524525021034e-01 4.145393559381980730e-01 6.912633496805707933e-01 8.081167028214074621e-01 8.083888686399551826e-01 1.053814158780262300e+00 1.076484917059423063e+00 1.079016931154997305e+00 1.079389123905948988e+00 1.257995279522353682e+00 1.331901104166226091e+00 1.332121833192600135e+00 1.697204582528758499e+00 1.738902170968739558e+00 1.739141198075586647e+00 1.845772757059767732e+00 1.845870693790866213e+00 1.954438864575579471e+00 1.954448207617022870e+00 2.021651674534417520e+00 2.021748071573800321e+00 2.049707708876741474e+00 2.348302453522068234e+00 2.470938675285736075e+00 2.471127100862029469e+00 2.582450604796736826e+00 3.452064734634065157e+00 3.452290535645012426e+00 3.488575515972371921e+00 3.625466637964239069e+00
