-5.629373122728222045e-02
-3.647980978687604542e-02
-1.666588834646987732e-02
3.148033093936290772e-03
2.296195453434246581e-02
4.277587597474864084e-02
6.258979741515480200e-02
8.240371885556098397e-02
1.022176402959671521e-01
1.220315617363733202e-01
1.418454831767795021e-01
1.616594046171856702e-01
1.814733260575918383e-01
2.012872474979980064e-01
2.211011689384041745e-01
2.409150903788103426e-01
2.607290118192165385e-01
2.805429332596227066e-01
3.003568547000288746e-01
3.201707761404350427e-01
3.399846975808412108e-01
3.597986190212473789e-01
3.796125404616535470e-01
3.994264619020597706e-01
4.192403833424658832e-01
4.390543047828721068e-01
4.588682262232782194e-01
4.786821476636843875e-01
4.984960691040906111e-01
5.183099905444968902e-01
5.381239119849028363e-01
5.579378334253091154e-01
5.777517548657152835e-01
5.975656763061213406e-01
6.173795977465276197e-01
6.371935191869337878e-01
6.570074406273400669e-01
6.768213620677460129e-01
6.966352835081522921e-01
7.164492049485584602e-01
7.362631263889647393e-01
7.560770478293706853e-01
7.758909692697769644e-01
7.957048907101832436e-01
8.155188121505894117e-01
8.353327335909954687e-01
8.551466550314016368e-01
8.749605764718079159e-01
8.947744979122138620e-01
9.145884193526201411e-01
9.344023407930263092e-01
9.542162622334323663e-01
9.740301836738386454e-01
9.938441051142448135e-01
1.013658026554651093e+00
1.033471947995057150e+00
1.053285869435463207e+00
1.073099790875869486e+00
1.092913712316275765e+00
1.112727633756681822e+00
1.132541555197088101e+00
1.152355476637494158e+00
1.172169398077900437e+00
1.191983319518306494e+00
1.211797240958712774e+00
1.231611162399118831e+00
1.251425083839524888e+00
1.271239005279931167e+00
1.291052926720337446e+00
1.310866848160743725e+00
1.330680769601149560e+00
1.350494691041555839e+00
1.370308612481962118e+00
1.390122533922368397e+00
1.409936455362774455e+00
1.429750376803180512e+00
1.449564298243586791e+00
1.469378219683993070e+00
1.489192141124399127e+00
1.509006062564805184e+00
1.528819984005211463e+00
1.548633905445617520e+00
1.568447826886023799e+00
1.588261748326430078e+00
1.608075669766836135e+00
1.627889591207242193e+00
1.647703512647648472e+00
1.667517434088054751e+00
1.687331355528460808e+00
1.707145276968866865e+00
1.726959198409273144e+00
1.746773119849679423e+00
1.766587041290085702e+00
1.786400962730491537e+00
1.806214884170897816e+00
1.826028805611304096e+00
1.845842727051710153e+00
1.865656648492116210e+00
1.885470569932522489e+00
1.905284491372928990e+00
1.925098412813335269e+00
1.944912334253741548e+00
1.964726255694147161e+00
1.984540177134553440e+00
2.004354098574959497e+00
2.024168020015365776e+00
2.043981941455772056e+00
2.063795862896178335e+00
2.083609784336584614e+00
2.103423705776990893e+00
2.123237627217396728e+00
2.143051548657803007e+00
2.162865470098209286e+00
2.182679391538615121e+00
2.202493312979021400e+00
2.222307234419427679e+00
2.242121155859833959e+00
2.261935077300239794e+00
2.281748998740646073e+00
2.301562920181052352e+00
2.321376841621458631e+00
2.341190763061864910e+00
2.361004684502270745e+00
2.380818605942677024e+00
2.400632527383083303e+00
2.420446448823489138e+00
2.440260370263895418e+00
2.460074291704301697e+00
2.479888213144707976e+00
2.499702134585114255e+00
2.519516056025520534e+00
2.539329977465926369e+00
2.559143898906332204e+00
2.578957820346738483e+00
2.598771741787144762e+00
2.618585663227551041e+00
2.638399584667957321e+00
2.658213506108363600e+00
2.678027427548769879e+00
2.697841348989176158e+00
2.717655270429581993e+00
2.737469191869987828e+00
2.757283113310394107e+00
2.777097034750800386e+00
2.796910956191206665e+00
2.816724877631612944e+00
2.836538799072019224e+00
2.856352720512425059e+00
2.876166641952831338e+00
2.895980563393237617e+00
2.915794484833643452e+00
2.935608406274049731e+00
2.955422327714456010e+00
2.975236249154862289e+00
2.995050170595268568e+00
3.014864092035674403e+00
3.034678013476080682e+00
3.054491934916486962e+00
3.074305856356893241e+00
3.094119777797299076e+00
3.113933699237705355e+00
3.133747620678111634e+00
3.153561542118517469e+00
3.173375463558923748e+00
3.193189384999330027e+00
3.213003306439736306e+00
3.232817227880142585e+00
3.252631149320548865e+00
3.272445070760954700e+00
3.292258992201360979e+00
3.312072913641766814e+00
3.331886835082173093e+00
3.351700756522579372e+00
3.371514677962985651e+00
3.391328599403391930e+00
3.411142520843798209e+00
3.430956442284204488e+00
3.450770363724609879e+00
3.470584285165016158e+00
3.490398206605422438e+00
3.510212128045828717e+00
3.530026049486234996e+00
3.549839970926641275e+00
3.569653892367047554e+00
3.589467813807453833e+00
3.609281735247859668e+00
3.629095656688265503e+00
3.648909578128671782e+00
3.668723499569078061e+00
3.688537421009484341e+00
3.708351342449890620e+00
3.728165263890296455e+00
3.747979185330702734e+00
3.767793106771109013e+00
3.787607028211514848e+00
3.807420949651921127e+00
3.827234871092326962e+00
3.847048792532733241e+00
3.866862713973139520e+00
3.886676635413545799e+00
