0.000000000000000000e+00
3.546358489627559479e-02
7.092716979255118959e-02
1.063907546888267774e-01
1.418543395851023792e-01
1.773179244813779809e-01
2.127815093776535549e-01
2.482450942739291566e-01
2.837086791702047583e-01
3.191722640664803601e-01
3.546358489627559618e-01
3.900994338590315635e-01
4.276367693839036588e-01
4.651741049087757540e-01
5.027114404336477937e-01
5.402487759585199445e-01
5.777861114833919842e-01
6.153234470082641350e-01
6.499732951850690776e-01
6.846231433618741313e-01
7.192729915386790740e-01
7.539228397154841277e-01
7.885726878922890704e-01
8.232225360690941240e-01
8.578723842458990667e-01
8.925222324227040094e-01
9.271720805995090631e-01
9.618219287763141168e-01
9.964717769531190594e-01
1.031121625129924002e+00
1.065771473306729167e+00
1.098120373119550353e+00
1.130469272932371760e+00
1.162818172745192946e+00
1.195167072558014354e+00
1.227515972370835540e+00
1.259864872183656725e+00
1.292213771996478133e+00
1.324562671809299319e+00
1.356911571622120505e+00
1.389260471434941913e+00
1.421609371247763098e+00
1.454117657402682395e+00
1.486625943557601692e+00
1.519134229712520989e+00
1.551642515867440286e+00
1.584150802022359583e+00
1.616659088177278880e+00
1.649167374332198177e+00
1.681675660487117474e+00
1.714183946642036771e+00
1.746692232796956068e+00
1.779200518951875365e+00
1.811708805106794662e+00
1.843883664128113553e+00
1.876058523149432444e+00
1.908233382170751558e+00
1.940408241192070449e+00
1.972583100213389340e+00
2.004757959234708231e+00
2.036932818256027122e+00
2.066962686675924754e+00
2.096992555095822386e+00
2.127022423515720018e+00
2.157052291935617649e+00
2.187082160355515281e+00
2.217112028775412913e+00
2.247141897195310989e+00
2.277171765615208621e+00
2.307201634035106252e+00
2.337231502455003884e+00
2.367261370874901516e+00
2.397291239294799148e+00
2.427321107714696780e+00
2.457350976134594411e+00
2.487380844554492043e+00
2.487380844554492043e+00
2.519729744367313451e+00
2.552078644180134415e+00
2.584427543992955822e+00
2.616776443805777230e+00
2.649125343618598194e+00
2.681474243431419602e+00
2.713823143244241010e+00
2.746172043057062417e+00
2.778520942869883381e+00
2.810869842682704789e+00
2.843218742495525753e+00
2.843218742495525753e+00
2.875567642308347160e+00
2.907916542121168124e+00
2.940265441933989532e+00
2.972614341746810940e+00
3.004963241559631903e+00
3.037312141372453311e+00
3.069661041185274719e+00
3.102009940998096127e+00
3.134358840810917091e+00
3.166707740623738498e+00
3.199056640436559462e+00
