--- Overall Relaxation Summary (All Iterations) ---
Analysis Date: 2025-07-02 03:37:21

Num Atoms    Int. Symbol     Crystal System     Energy per Atom (eV/atom) Iter   Sample   GA Params                                         
------------ --------------- ------------------ ------------------------- ------ -------- -------------------------------------------------- 
10           I-42m           tetragonal         -2.581651                 3      6        D1:17.783, R21:0.000, Cell:(-0.124, -0.050, 0.138, 8.134, 24.341, 21.447, -0.124, -0.050, 0.138, 8.134, 24.341, 21.447)
80           Cmc2_1          orthorhombic       -2.581455                 3      12       D1:81.742, R21:0.623, Cell:(-0.146, -0.039, -0.131, 11.535, 6.884, -8.647, -0.146, -0.039, -0.131, 11.535, 6.884, -8.647)
80           P-31m           trigonal           -2.579382                 2      15       D1:32.609, R21:0.949, Cell:(-0.102, -0.094, 0.015, 15.037, -3.168, -9.749, -0.102, -0.094, 0.015, 15.037, -3.168, -9.749)
80           P-31m           trigonal           -2.579382                 2      6        D1:47.945, R21:0.250, Cell:(0.026, 0.064, 0.097, -8.010, -16.927, 0.000, 0.026, 0.064, 0.097, -8.010, -16.927, 0.000)
40           P-31m           trigonal           -2.579382                 3      24       D1:48.885, R21:0.623, Cell:(0.037, -0.039, -0.190, 0.000, 1.878, -10.021, 0.037, -0.039, -0.190, 0.000, 1.878, -10.021)
80           P-3             trigonal           -2.579382                 2      27       D1:72.149, R21:0.623, Cell:(0.037, -0.039, -0.131, 0.000, 0.000, 0.000, 0.037, -0.039, -0.131, 0.000, 0.000, 0.000)
20           P-3             trigonal           -2.579382                 2      19       D1:31.623, R21:0.000, Cell:(0.100, -0.063, 0.100, 0.000, 0.000, 0.000, 0.100, -0.063, 0.100, 0.000, 0.000, 0.000)
10           P-31m           trigonal           -2.579382                 2      4        D1:56.234, R21:0.000, Cell:(0.050, 0.050, 0.036, 0.000, -7.941, -11.843, 0.050, 0.050, 0.036, 0.000, -7.941, -11.843)
40           P-3             trigonal           -2.579382                 2      3        D1:88.939, R21:0.051, Cell:(-0.019, -0.091, 0.185, -13.898, -3.168, -9.749, -0.019, -0.091, 0.185, -13.898, -3.168, -9.749)
80           P-31m           trigonal           -2.579382                 2      9        D1:56.588, R21:0.623, Cell:(-0.146, -0.039, -0.131, -11.094, 0.000, 0.000, -0.146, -0.039, -0.131, -11.094, 0.000, 0.000)
10           P-31m           trigonal           -2.579382                 3      5        D1:37.096, R21:0.914, Cell:(0.151, -0.039, -0.164, -15.318, 1.010, -27.067, 0.151, -0.039, -0.164, -15.318, 1.010, -27.067)
40           P-3             trigonal           -2.579382                 2      23       D1:31.623, R21:0.000, Cell:(0.050, 0.050, 0.050, -11.383, -7.815, 0.000, 0.050, 0.050, 0.050, -11.383, -7.815, 0.000)
80           P-31m           trigonal           -2.579382                 2      25       D1:94.125, R21:0.066, Cell:(-0.056, -0.010, -0.004, -23.382, -7.611, 0.000, -0.056, -0.010, -0.004, -23.382, -7.611, 0.000)
10           P-3             trigonal           -2.579382                 2      13       D1:51.642, R21:0.536, Cell:(0.151, -0.152, -0.117, -23.630, 20.773, -3.035, 0.151, -0.152, -0.117, -23.630, 20.773, -3.035)
20           P-3             trigonal           -2.579382                 3      26       D1:37.096, R21:0.159, Cell:(0.151, -0.152, 0.008, -29.299, -3.168, -9.749, 0.151, -0.152, 0.008, -29.299, -3.168, -9.749)
80           P-3             trigonal           -2.579382                 3      18       D1:100.000, R21:0.000, Cell:(0.100, -0.063, 0.150, 0.000, 0.000, 0.000, 0.100, -0.063, 0.150, 0.000, 0.000, 0.000)
80           P-3             trigonal           -2.579382                 3      28       D1:31.623, R21:0.637, Cell:(-0.056, 0.098, 0.164, 17.537, 8.380, -19.880, -0.056, 0.098, 0.164, 17.537, 8.380, -19.880)
20           P-31m           trigonal           -2.579382                 3      14       D1:56.588, R21:0.623, Cell:(-0.146, -0.152, -0.164, -15.318, 1.010, -27.067, -0.146, -0.152, -0.164, -15.318, 1.010, -27.067)
40           P-3             trigonal           -2.579382                 2      30       D1:10.000, R21:0.000, Cell:(-0.030, -0.050, -0.050, 0.000, 0.000, 0.000, -0.030, -0.050, -0.050, 0.000, 0.000, 0.000)
80           P-3             trigonal           -2.579382                 3      19       D1:31.623, R21:0.000, Cell:(0.166, 0.000, 0.000, 0.000, 0.000, -24.846, 0.166, 0.000, 0.000, 0.000, 0.000, -24.846)
20           P-31m           trigonal           -2.579382                 3      25       D1:72.149, R21:0.000, Cell:(0.050, 0.050, 0.050, 0.000, 0.000, 0.000, 0.050, 0.050, 0.050, 0.000, 0.000, 0.000)
20           P-3             trigonal           -2.579382                 3      29       D1:94.125, R21:0.216, Cell:(0.100, -0.169, 0.100, 0.000, 2.385, 0.000, 0.100, -0.169, 0.100, 0.000, 2.385, 0.000)
10           P-31m           trigonal           -2.579382                 3      13       D1:54.013, R21:0.250, Cell:(0.026, 0.064, 0.097, -8.010, 0.000, 0.000, 0.026, 0.064, 0.097, -8.010, 0.000, 0.000)
10           P-3             trigonal           -2.579382                 2      8        D1:100.000, R21:0.000, Cell:(-0.100, -0.100, -0.100, 0.000, -24.297, -28.737, -0.100, -0.100, -0.100, 0.000, -24.297, -28.737)
10           P-3             trigonal           -2.579382                 3      1        D1:32.609, R21:0.949, Cell:(-0.102, -0.094, 0.015, 15.037, -3.168, -9.749, -0.102, -0.094, 0.015, 15.037, -3.168, -9.749)
40           P-31m           trigonal           -2.579382                 3      10       D1:37.096, R21:0.536, Cell:(0.151, -0.152, -0.117, -23.630, 20.773, -3.035, 0.151, -0.152, -0.117, -23.630, 20.773, -3.035)
10           P-3             trigonal           -2.579382                 1      29       D1:37.096, R21:0.536, Cell:(0.151, -0.152, -0.164, -15.318, 1.010, -27.067, 0.151, -0.152, -0.164, -15.318, 1.010, -27.067)
20           P-31m           trigonal           -2.579382                 3      15       D1:31.623, R21:0.000, Cell:(-0.038, -0.034, -0.131, 8.471, 2.573, 0.000, -0.038, -0.034, -0.131, 8.471, 2.573, 0.000)
80           P-31m           trigonal           -2.579382                 2      22       D1:10.000, R21:0.000, Cell:(0.177, -0.100, -0.100, 0.000, 0.000, -12.206, 0.177, -0.100, -0.100, 0.000, 0.000, -12.206)
20           P-3             trigonal           -2.579382                 3      11       D1:48.598, R21:0.536, Cell:(0.151, -0.152, -0.164, 7.869, 8.380, 12.910, 0.151, -0.152, -0.164, 7.869, 8.380, 12.910)
10           P-31m           trigonal           -2.579382                 3      9        D1:31.623, R21:0.000, Cell:(0.050, 0.050, -0.131, -11.094, 0.000, 0.000, 0.050, 0.050, -0.131, -11.094, 0.000, 0.000)
10           P-3             trigonal           -2.579382                 1      36       D1:97.420, R21:0.236, Cell:(0.156, -0.102, -0.162, -16.933, -16.569, 15.487, 0.156, -0.102, -0.162, -16.933, -16.569, 15.487)
20           P-3             trigonal           -2.579382                 2      28       D1:94.125, R21:0.216, Cell:(-0.056, -0.010, 0.164, 17.537, 8.380, 21.447, -0.056, -0.010, 0.164, 17.537, 8.380, 21.447)
40           P-3             trigonal           -2.579382                 3      27       D1:93.212, R21:0.454, Cell:(0.009, -0.067, 0.103, 10.579, -21.473, 12.910, 0.009, -0.067, 0.103, 10.579, -21.473, 12.910)
10           P-3             trigonal           -2.579381                 3      4        D1:31.623, R21:0.000, Cell:(-0.103, -0.152, -0.164, -15.318, -14.910, -27.067, -0.103, -0.152, -0.164, -15.318, -14.910, -27.067)
10           P-3             trigonal           -2.579381                 2      5        D1:7.009, R21:0.428, Cell:(0.153, 0.154, -0.044, -10.204, 0.000, 0.000, 0.153, 0.154, -0.044, -10.204, 0.000, 0.000)
20           P-3             trigonal           -2.579381                 3      7        D1:26.472, R21:0.098, Cell:(0.146, -0.157, -0.049, -8.671, 8.380, 0.000, 0.146, -0.157, -0.049, -8.671, 8.380, 0.000)
10           P-3             trigonal           -2.579381                 2      18       D1:100.000, R21:0.000, Cell:(0.000, 0.000, 0.000, 0.000, 0.000, -22.533, 0.000, 0.000, 0.000, 0.000, 0.000, -22.533)
10           P-3             trigonal           -2.579381                 2      26       D1:10.000, R21:0.993, Cell:(-0.100, -0.100, -0.100, -11.094, -24.297, -28.737, -0.100, -0.100, -0.100, -11.094, -24.297, -28.737)
20           P-3             trigonal           -2.579381                 3      8        D1:2.719, R21:0.580, Cell:(-0.146, -0.039, 0.050, -26.892, 0.272, 0.000, -0.146, -0.039, 0.050, -26.892, 0.272, 0.000)
10           P-3             trigonal           -2.579381                 2      11       D1:37.096, R21:0.536, Cell:(0.151, -0.152, -0.164, -15.318, 8.380, 12.910, 0.151, -0.152, -0.164, -15.318, 8.380, 12.910)
10           P-3             trigonal           -2.579381                 2      17       D1:37.096, R21:0.536, Cell:(0.050, 0.050, 0.050, 0.000, -29.625, 0.000, 0.050, 0.050, 0.050, 0.000, -29.625, 0.000)
40           P-3             trigonal           -2.579381                 2      20       D1:93.212, R21:0.454, Cell:(0.009, -0.067, 0.103, 10.579, -3.168, -9.749, 0.009, -0.067, 0.103, 10.579, -3.168, -9.749)
10           P-3             trigonal           -2.579381                 2      16       D1:31.623, R21:0.000, Cell:(0.151, -0.152, -0.164, -15.318, 1.010, -27.067, 0.151, -0.152, -0.164, -15.318, 1.010, -27.067)
20           P-3             trigonal           -2.579381                 2      24       D1:17.783, R21:0.000, Cell:(-0.050, -0.050, -0.050, 0.000, 0.000, 19.653, -0.050, -0.050, -0.050, 0.000, 0.000, 19.653)
10           P-3             trigonal           -2.579381                 2      14       D1:26.472, R21:0.098, Cell:(-0.019, -0.091, -0.165, 10.579, 20.603, -12.281, -0.019, -0.091, -0.165, 10.579, 20.603, -12.281)
80           P-1             triclinic          -2.579381                 3      17       D1:72.149, R21:0.623, Cell:(0.037, -0.039, -0.131, 0.000, 0.000, -11.843, 0.037, -0.039, -0.131, 0.000, 0.000, -11.843)
20           P-3             trigonal           -2.579381                 2      12       D1:52.699, R21:0.440, Cell:(0.040, -0.083, -0.164, -8.599, 1.010, -27.067, 0.040, -0.083, -0.164, -8.599, 1.010, -27.067)
40           P-3             trigonal           -2.579381                 2      7        D1:10.000, R21:0.000, Cell:(-0.100, -0.100, -0.100, 0.000, 0.000, 10.631, -0.100, -0.100, -0.100, 0.000, 0.000, 10.631)
10           P-3             trigonal           -2.579380                 2      1        D1:37.096, R21:0.536, Cell:(0.151, -0.152, -0.164, -15.318, 1.010, -27.067, 0.151, -0.152, -0.164, -15.318, 1.010, -27.067)
80           P-1             triclinic          -2.577928                 1      1        D1:10.000, R21:0.000, Cell:(-0.100, -0.100, -0.100, 0.000, 0.000, 0.000, -0.100, -0.100, -0.100, 0.000, 0.000, 0.000)
80           P-1             triclinic          -2.577927                 1      2        D1:10.000, R21:0.000, Cell:(-0.050, -0.050, -0.050, 0.000, 0.000, 0.000, -0.050, -0.050, -0.050, 0.000, 0.000, 0.000)
80           P-1             triclinic          -2.577927                 1      14       D1:31.623, R21:0.000, Cell:(0.050, 0.050, 0.050, 0.000, 0.000, 0.000, 0.050, 0.050, 0.050, 0.000, 0.000, 0.000)
40           P-3             trigonal           -2.577578                 1      47       D1:64.576, R21:0.454, Cell:(0.009, -0.067, 0.103, -23.741, -4.807, 13.469, 0.009, -0.067, 0.103, -23.741, -4.807, 13.469)
20           P-3             trigonal           -2.577578                 1      41       D1:52.699, R21:0.440, Cell:(-0.161, -0.083, -0.117, -23.630, 20.773, -3.035, -0.161, -0.083, -0.117, -23.630, 20.773, -3.035)
20           P-3             trigonal           -2.577578                 1      39       D1:72.149, R21:0.623, Cell:(0.037, -0.039, -0.131, -11.094, -24.297, -28.737, 0.037, -0.039, -0.131, -11.094, -24.297, -28.737)
80           P-3             trigonal           -2.577578                 1      35       D1:7.009, R21:0.428, Cell:(0.153, 0.154, -0.132, -10.204, 26.082, -11.843, 0.153, 0.154, -0.132, -10.204, 26.082, -11.843)
20           P-3             trigonal           -2.577578                 1      44       D1:54.013, R21:0.250, Cell:(0.026, 0.064, 0.097, -8.010, -16.927, 10.631, 0.026, 0.064, 0.097, -8.010, -16.927, 10.631)
20           P-3             trigonal           -2.577578                 2      2        D1:26.472, R21:0.098, Cell:(0.146, -0.157, -0.049, -8.671, 8.380, 21.447, 0.146, -0.157, -0.049, -8.671, 8.380, 21.447)
10           P-3             trigonal           -2.577578                 3      30       D1:72.149, R21:0.623, Cell:(0.037, 0.100, -0.162, 10.579, 20.603, -12.281, 0.037, 0.100, -0.162, 10.579, 20.603, -12.281)
40           P-1             triclinic          -2.577073                 1      7        D1:17.783, R21:0.000, Cell:(-0.050, -0.050, -0.050, 0.000, 0.000, 0.000, -0.050, -0.050, -0.050, 0.000, 0.000, 0.000)
40           Cmc2_1          orthorhombic       -2.575926                 2      21       D1:26.472, R21:0.098, Cell:(-0.019, -0.091, -0.051, -23.741, -11.883, 13.469, -0.019, -0.091, -0.051, -23.741, -11.883, 13.469)
40           C2/m            monoclinic         -2.572007                 1      37       D1:94.125, R21:0.216, Cell:(-0.056, -0.010, -0.004, -23.382, -7.611, 19.653, -0.056, -0.010, -0.004, -23.382, -7.611, 19.653)
10           C2/m            monoclinic         -2.572007                 3      16       D1:7.009, R21:0.428, Cell:(-0.173, 0.154, -0.132, -10.204, 26.082, 28.969, -0.173, 0.154, -0.132, -10.204, 26.082, 28.969)
40           C2/m            monoclinic         -2.572007                 3      22       D1:72.149, R21:0.623, Cell:(0.037, -0.010, -0.004, -23.382, -7.611, 0.000, 0.037, -0.010, -0.004, -23.382, -7.611, 0.000)
20           C2/m            monoclinic         -2.565352                 3      21       D1:37.096, R21:0.536, Cell:(0.050, 0.050, -0.165, 10.579, 20.603, -12.281, 0.050, 0.050, -0.165, 10.579, 20.603, -12.281)
80           P-1             triclinic          -2.564895                 1      21       D1:100.000, R21:0.000, Cell:(-0.100, -0.100, -0.100, 0.000, 0.000, 0.000, -0.100, -0.100, -0.100, 0.000, 0.000, 0.000)
80           P-1             triclinic          -2.564895                 1      28       D1:1.256, R21:0.777, Cell:(0.009, 0.023, -0.099, 15.738, 23.107, -9.803, 0.009, 0.023, -0.099, 15.738, 23.107, -9.803)
80           P-1             triclinic          -2.564895                 1      32       D1:26.472, R21:0.098, Cell:(-0.019, -0.091, -0.165, 10.579, -3.168, -9.749, -0.019, -0.091, -0.165, 10.579, -3.168, -9.749)
40           P-1             triclinic          -2.564895                 1      38       D1:29.754, R21:0.310, Cell:(0.094, -0.132, -0.111, 5.166, 15.551, 7.524, 0.094, -0.132, -0.111, 5.166, 15.551, 7.524)
80           P-1             triclinic          -2.564895                 1      12       D1:31.623, R21:0.000, Cell:(-0.050, -0.050, -0.050, 0.000, 0.000, 0.000, -0.050, -0.050, -0.050, 0.000, 0.000, 0.000)
40           P-1             triclinic          -2.564895                 1      10       D1:17.783, R21:0.000, Cell:(0.100, 0.100, 0.100, 0.000, 0.000, 0.000, 0.100, 0.100, 0.100, 0.000, 0.000, 0.000)
20           P-1             triclinic          -2.564895                 1      45       D1:49.577, R21:0.155, Cell:(-0.104, 0.036, 0.090, 7.203, -1.133, 7.994, -0.104, 0.036, 0.090, 7.203, -1.133, 7.994)
20           P-1             triclinic          -2.564895                 1      43       D1:88.939, R21:0.051, Cell:(0.171, -0.157, -0.049, 17.537, 8.380, 21.447, 0.171, -0.157, -0.049, 17.537, 8.380, 21.447)
20           P-1             triclinic          -2.564895                 1      11       D1:31.623, R21:0.000, Cell:(-0.100, -0.100, -0.100, 0.000, 0.000, 0.000, -0.100, -0.100, -0.100, 0.000, 0.000, 0.000)
20           P-1             triclinic          -2.564895                 1      25       D1:100.000, R21:0.000, Cell:(0.100, 0.100, 0.100, 0.000, 0.000, 0.000, 0.100, 0.100, 0.100, 0.000, 0.000, 0.000)
80           P-1             triclinic          -2.564895                 1      6        D1:17.783, R21:0.000, Cell:(-0.100, -0.100, -0.100, 0.000, 0.000, 0.000, -0.100, -0.100, -0.100, 0.000, 0.000, 0.000)
80           P-1             triclinic          -2.564895                 1      4        D1:10.000, R21:0.000, Cell:(0.050, 0.050, 0.050, 0.000, 0.000, 0.000, 0.050, 0.050, 0.050, 0.000, 0.000, 0.000)
20           P-1             triclinic          -2.564895                 1      19       D1:56.234, R21:0.000, Cell:(0.050, 0.050, 0.050, 0.000, 0.000, 0.000, 0.050, 0.050, 0.050, 0.000, 0.000, 0.000)
40           P-1             triclinic          -2.564895                 1      8        D1:17.783, R21:0.000, Cell:(0.000, 0.000, 0.000, 0.000, 0.000, 0.000, 0.000, 0.000, 0.000, 0.000, 0.000, 0.000)
80           P-1             triclinic          -2.564895                 1      9        D1:17.783, R21:0.000, Cell:(0.050, 0.050, 0.050, 0.000, 0.000, 0.000, 0.050, 0.050, 0.050, 0.000, 0.000, 0.000)
80           P-1             triclinic          -2.564895                 1      3        D1:10.000, R21:0.000, Cell:(0.000, 0.000, 0.000, 0.000, 0.000, 0.000, 0.000, 0.000, 0.000, 0.000, 0.000, 0.000)
80           P-1             triclinic          -2.564895                 1      15       D1:31.623, R21:0.000, Cell:(0.100, 0.100, 0.100, 0.000, 0.000, 0.000, 0.100, 0.100, 0.100, 0.000, 0.000, 0.000)
10           P-1             triclinic          -2.564895                 1      13       D1:31.623, R21:0.000, Cell:(0.000, 0.000, 0.000, 0.000, 0.000, 0.000, 0.000, 0.000, 0.000, 0.000, 0.000, 0.000)
20           P-1             triclinic          -2.564895                 1      20       D1:56.234, R21:0.000, Cell:(0.100, 0.100, 0.100, 0.000, 0.000, 0.000, 0.100, 0.100, 0.100, 0.000, 0.000, 0.000)
40           P-1             triclinic          -2.564895                 1      23       D1:100.000, R21:0.000, Cell:(0.000, 0.000, 0.000, 0.000, 0.000, 0.000, 0.000, 0.000, 0.000, 0.000, 0.000, 0.000)
20           P-1             triclinic          -2.564895                 1      5        D1:10.000, R21:0.000, Cell:(0.100, 0.100, 0.100, 0.000, 0.000, 0.000, 0.100, 0.100, 0.100, 0.000, 0.000, 0.000)
40           P-1             triclinic          -2.564895                 1      22       D1:100.000, R21:0.000, Cell:(-0.050, -0.050, -0.050, 0.000, 0.000, 0.000, -0.050, -0.050, -0.050, 0.000, 0.000, 0.000)
20           P-1             triclinic          -2.564895                 2      29       D1:88.939, R21:0.051, Cell:(0.171, -0.157, -0.004, -23.382, -7.611, 19.653, 0.171, -0.157, -0.004, -23.382, -7.611, 19.653)
20           P-1             triclinic          -2.564894                 1      16       D1:56.234, R21:0.000, Cell:(-0.100, -0.100, -0.100, 0.000, 0.000, 0.000, -0.100, -0.100, -0.100, 0.000, 0.000, 0.000)
20           P-1             triclinic          -2.564894                 1      49       D1:23.642, R21:0.244, Cell:(0.111, -0.057, 0.200, 12.476, 21.574, -10.387, 0.111, -0.057, 0.200, 12.476, 21.574, -10.387)
10           P-1             triclinic          -2.564894                 1      31       D1:32.609, R21:0.949, Cell:(-0.102, -0.094, 0.015, 15.037, 20.603, 10.115, -0.102, -0.094, 0.015, 15.037, 20.603, 10.115)
20           P-1             triclinic          -2.564894                 1      33       D1:45.371, R21:0.437, Cell:(0.067, 0.111, 0.155, 10.718, -5.301, -11.168, 0.067, 0.111, 0.155, 10.718, -5.301, -11.168)
10           P-1             triclinic          -2.564894                 1      24       D1:100.000, R21:0.000, Cell:(0.050, 0.050, 0.050, 0.000, 0.000, 0.000, 0.050, 0.050, 0.050, 0.000, 0.000, 0.000)
80           P-1             triclinic          -2.564892                 1      17       D1:56.234, R21:0.000, Cell:(-0.050, -0.050, -0.050, 0.000, 0.000, 0.000, -0.050, -0.050, -0.050, 0.000, 0.000, 0.000)
20           P1              triclinic          -2.564637                 1      46       D1:92.351, R21:0.906, Cell:(-0.051, 0.000, -0.197, -8.725, -27.601, 4.359, -0.051, 0.000, -0.197, -8.725, -27.601, 4.359)
10           P1              triclinic          -2.561829                 3      23       D1:94.125, R21:0.613, Cell:(-0.173, -0.039, -0.131, -11.094, 16.349, -28.737, -0.173, -0.039, -0.131, -11.094, 16.349, -28.737)
80           P-1             triclinic          -2.561115                 2      10       D1:88.939, R21:0.051, Cell:(0.058, -0.157, -0.049, 17.537, 23.604, -27.067, 0.058, -0.157, -0.049, 17.537, 23.604, -27.067)
20           P1              triclinic          -2.557004                 3      20       D1:26.472, R21:0.098, Cell:(-0.019, -0.091, 0.050, 0.000, -29.625, 29.753, -0.019, -0.091, 0.050, 0.000, -29.625, 29.753)
80           P1              triclinic          -2.551854                 3      2        D1:37.096, R21:0.185, Cell:(0.151, -0.152, -0.131, -11.094, 0.000, 25.473, 0.151, -0.152, -0.131, -11.094, 0.000, 25.473)
40           P-1             triclinic          -2.544853                 1      26       D1:27.642, R21:0.269, Cell:(0.089, 0.001, 0.188, 13.885, -22.852, 22.832, 0.089, 0.001, 0.188, 13.885, -22.852, 22.832)
10           P1              triclinic          -2.535579                 1      48       D1:32.101, R21:0.889, Cell:(-0.108, 0.147, -0.154, 21.610, -4.980, -28.269, -0.108, 0.147, -0.154, 21.610, -4.980, -28.269)
80           P1              triclinic          -2.530671                 3      3        D1:56.588, R21:0.623, Cell:(-0.146, -0.039, -0.164, -15.318, 1.010, -3.925, -0.146, -0.039, -0.164, -15.318, 1.010, -3.925)
10           P1              triclinic          -2.448519                 1      18       D1:56.234, R21:0.000, Cell:(0.000, 0.000, 0.000, 0.000, 0.000, 0.000, 0.000, 0.000, 0.000, 0.000, 0.000, 0.000)
80           P1              triclinic          -2.447825                 1      40       D1:56.611, R21:0.489, Cell:(-0.096, 0.105, -0.019, 22.064, -0.218, 6.366, -0.096, 0.105, -0.019, 22.064, -0.218, 6.366)
80           P1              triclinic          -2.430468                 1      30       D1:70.432, R21:0.803, Cell:(0.133, 0.108, -0.105, 19.133, -10.634, 18.617, 0.133, 0.108, -0.105, 19.133, -10.634, 18.617)
80           P1              triclinic          -2.426014                 1      50       D1:71.606, R21:0.243, Cell:(-0.107, 0.055, -0.118, 0.828, 21.194, 23.812, -0.107, 0.055, -0.118, 0.828, 21.194, 23.812)
20           P1              triclinic          -2.424661                 1      34       D1:47.067, R21:0.327, Cell:(-0.126, -0.139, 0.091, 25.733, -17.622, 20.264, -0.126, -0.139, 0.091, 25.733, -17.622, 20.264)
