-4.793397890858340227e-01
-4.521458963393734654e-01
-4.249520035929127970e-01
-3.977581108464521842e-01
-3.705642180999915158e-01
-3.433703253535309030e-01
-3.161764326070702902e-01
-2.889825398606096218e-01
-2.617886471141489535e-01
-2.345947543676883684e-01
-2.074008616212277556e-01
-1.802069688747670873e-01
-1.530130761283064744e-01
-1.258191833818458061e-01
-9.862529063538520713e-02
-7.143139788892453879e-02
-4.423750514246393289e-02
-1.704361239600332353e-02
1.015028035045733787e-02
3.734417309691799580e-02
6.453806584337855312e-02
9.173195858983922146e-02
1.189258513362998759e-01
1.461197440827605443e-01
1.733136368292211016e-01
2.005075295756817699e-01
2.277014223221424105e-01
2.548953150686029678e-01
2.820892078150636362e-01
3.092831005615243045e-01
3.364769933079849729e-01
3.636708860544455302e-01
3.908647788009061985e-01
4.180586715473668669e-01
4.452525642938274242e-01
4.724464570402881480e-01
4.996403497867487054e-01
5.268342425332093182e-01
5.540281352796700975e-01
5.812220280261306549e-01
6.084159207725912122e-01
6.356098135190518805e-01
6.628037062655124378e-01
6.899975990119729952e-01
7.171914917584337745e-01
7.443853845048943318e-01
7.715792772513551112e-01
7.987731699978156685e-01
8.259670627442762258e-01
8.531609554907370052e-01
8.803548482371975625e-01
9.075487409836581199e-01
9.347426337301188992e-01
9.619365264765794565e-01
9.891304192230400139e-01
1.016324311969500682e+00
1.043518204715961240e+00
1.070712097462421797e+00
1.097905990208882576e+00
1.125099882955343134e+00
1.152293775701803913e+00
1.179487668448264470e+00
1.206681561194725028e+00
1.233875453941185807e+00
1.261069346687646364e+00
1.288263239434106922e+00
1.315457132180567701e+00
1.342651024927028258e+00
1.369844917673488816e+00
1.397038810419949595e+00
1.424232703166410374e+00
1.451426595912870710e+00
1.478620488659331489e+00
1.505814381405792268e+00
1.533008274152252604e+00
1.560202166898713383e+00
1.587396059645174162e+00
1.614589952391634498e+00
1.641783845138095277e+00
1.668977737884556056e+00
1.696171630631016392e+00
1.723365523377477171e+00
1.750559416123937950e+00
1.777753308870398286e+00
1.804947201616859065e+00
1.832141094363319844e+00
1.859334987109780180e+00
1.886528879856240959e+00
1.913722772602701738e+00
1.940916665349162074e+00
1.968110558095622853e+00
1.995304450842083632e+00
2.022498343588544412e+00
2.049692236335004747e+00
2.076886129081465526e+00
2.104080021827926306e+00
2.131273914574386641e+00
2.158467807320847420e+00
2.185661700067308200e+00
2.212855592813768535e+00
2.240049485560229314e+00
2.267243378306690094e+00
2.294437271053150429e+00
2.321631163799611208e+00
2.348825056546071988e+00
2.376018949292532323e+00
2.403212842038993102e+00
2.430406734785453882e+00
2.457600627531914217e+00
2.484794520278374996e+00
2.511988413024835776e+00
2.539182305771296111e+00
2.566376198517756890e+00
2.593570091264217670e+00
2.620763984010678005e+00
2.647957876757138784e+00
2.675151769503599564e+00
2.702345662250059899e+00
2.729539554996520234e+00
2.756733447742981014e+00
2.783927340489441793e+00
2.811121233235902128e+00
2.838315125982362908e+00
2.865509018728823687e+00
2.892702911475284022e+00
2.919896804221744802e+00
2.947090696968205581e+00
2.974284589714665916e+00
3.001478482461126696e+00
3.028672375207587475e+00
3.055866267954047810e+00
3.083060160700508590e+00
3.110254053446969369e+00
3.137447946193429704e+00
3.164641838939890484e+00
3.191835731686351263e+00
3.219029624432811598e+00
3.246223517179272378e+00
3.273417409925733157e+00
3.300611302672193492e+00
3.327805195418654716e+00
3.354999088165115051e+00
3.382192980911575386e+00
3.409386873658036610e+00
3.436580766404496945e+00
3.463774659150957280e+00
3.490968551897418504e+00
3.518162444643878839e+00
3.545356337390339174e+00
3.572550230136800398e+00
3.599744122883260733e+00
3.626938015629721068e+00
3.654131908376182292e+00
3.681325801122642627e+00
3.708519693869102962e+00
3.735713586615564186e+00
3.762907479362024521e+00
3.790101372108484412e+00
3.817295264854946524e+00
3.844489157601406859e+00
3.871683050347867194e+00
3.898876943094327530e+00
3.926070835840787865e+00
3.953264728587248200e+00
3.980458621333710312e+00
4.007652514080170647e+00
4.034846406826630982e+00
4.062040299573091318e+00
4.089234192319551653e+00
4.116428085066011988e+00
4.143621977812474100e+00
4.170815870558934435e+00
4.198009763305394770e+00
4.225203656051855106e+00
4.252397548798315441e+00
4.279591441544775776e+00
4.306785334291237888e+00
4.333979227037698223e+00
4.361173119784158558e+00
4.388367012530618894e+00
4.415560905277079229e+00
4.442754798023541341e+00
4.469948690770001676e+00
4.497142583516462011e+00
4.524336476262922346e+00
4.551530369009382682e+00
4.578724261755843017e+00
4.605918154502305129e+00
4.633112047248765464e+00
4.660305939995225799e+00
4.687499832741686134e+00
4.714693725488146470e+00
4.741887618234606805e+00
4.769081510981068917e+00
4.796275403727529252e+00
4.823469296473989587e+00
4.850663189220449922e+00
4.877857081966910258e+00
4.905050974713370593e+00
4.932244867459831816e+00
