0.000000000000000000e+00
3.494760102740446933e-02
6.989520205480893866e-02
1.048428030822134149e-01
1.397904041096178773e-01
1.747380051370223397e-01
2.096856061644268299e-01
2.446332071918312923e-01
2.795808082192357547e-01
3.145284092466402170e-01
3.494760102740446794e-01
3.844236113014491418e-01
4.193712123288536042e-01
4.539603669472026537e-01
4.885495215655517032e-01
5.231386761839007526e-01
5.577278308022498576e-01
5.923169854205988516e-01
6.269061400389479566e-01
6.614952946572969505e-01
6.937785056344227819e-01
7.260617166115485022e-01
7.583449275886742225e-01
7.906281385658000538e-01
8.229113495429258851e-01
8.551945605200516054e-01
8.874777714971773257e-01
9.197609824743031570e-01
9.520441934514289883e-01
9.843274044285547086e-01
1.016610615405680429e+00
1.048893826382806260e+00
1.081177037359932092e+00
1.113460248337057923e+00
1.145743459314183532e+00
1.178506817508866877e+00
1.211270175703550223e+00
1.244033533898233568e+00
1.276796892092917135e+00
1.309560250287600480e+00
1.342323608482283825e+00
1.375086966676967171e+00
1.407850324871650516e+00
1.440613683066334083e+00
1.472873007091630493e+00
1.505132331116926903e+00
1.537391655142223312e+00
1.569650979167519722e+00
1.601910303192816354e+00
1.634169627218112542e+00
1.666428951243409173e+00
1.698688275268705583e+00
1.730947599294001993e+00
1.763206923319298403e+00
1.795466247344594812e+00
1.827725571369891222e+00
1.859984895395187632e+00
1.894574050013536626e+00
1.929163204631885842e+00
1.963752359250234836e+00
1.998341513868583830e+00
2.032930668486932824e+00
2.067519823105282040e+00
2.102108977723630812e+00
2.132374488014686431e+00
2.162639998305741607e+00
2.192905508596797226e+00
2.223171018887852401e+00
2.253436529178908021e+00
2.283702039469963196e+00
2.313967549761018816e+00
2.344233060052073991e+00
2.374498570343129611e+00
2.404764080634184786e+00
2.435029590925240406e+00
2.465295101216296025e+00
2.495560611507351201e+00
2.525826121798406376e+00
2.556091632089461996e+00
2.586357142380517615e+00
2.586357142380517615e+00
2.619120500575200960e+00
2.651883858769884306e+00
2.684647216964567651e+00
2.717410575159250996e+00
2.750173933353934341e+00
2.782937291548617686e+00
2.815700649743301476e+00
2.848464007937984821e+00
2.881227366132668166e+00
2.881227366132668166e+00
2.913990724327351511e+00
2.946754082522034857e+00
2.979517440716718202e+00
3.012280798911401547e+00
3.045044157106084892e+00
3.077807515300768237e+00
3.110570873495452027e+00
3.143334231690135372e+00
3.176097589884818717e+00
