-2.866186854493756235e-05 -8.973342037413656208e-06 -3.128735233974156726e-08 8.882038493468133455e-02 1.000294668504372320e+00 1.240148244899894170e+00 1.240409900968053591e+00 1.338551995133757666e+00 1.338963297489833337e+00 1.339810985390388121e+00 1.340118168365841411e+00 1.344825188561443063e+00 1.406285664936914204e+00 1.556819230389976605e+00 1.557326434229171275e+00 1.828148330398154719e+00 1.829832648311789711e+00 1.987050911864298275e+00 1.987251753403632470e+00 2.033086213697400613e+00 2.034812541740730119e+00 2.173136554547046906e+00 2.224919715889111416e+00 2.361383714668809031e+00 2.361383890072317193e+00 2.943013837046033032e+00 2.978126378451511957e+00 3.429093298743928653e+00 3.429319088423459672e+00 3.804239486172018569e+00
-8.199785049502396339e-02 5.228636924311486078e-02 1.021511627076094469e-01 1.400422811265178424e-01 9.938771540268669380e-01 1.225650541038159291e+00 1.238895594920877530e+00 1.328201948488219930e+00 1.332529517051506129e+00 1.336433295872066607e+00 1.342183156976878511e+00 1.353243634260990369e+00 1.418684245775413633e+00 1.560321621246419044e+00 1.564715075406246658e+00 1.827712119561373916e+00 1.831627236509780987e+00 1.986810210943107169e+00 1.987370059166914338e+00 2.031775845987679574e+00 2.033758501596611534e+00 2.172861641620686068e+00 2.227115411013090629e+00 2.361486584595488658e+00 2.362163181321539795e+00 2.937099946336751533e+00 2.977733962879767216e+00 3.428023915610897809e+00 3.436622744994119127e+00 3.804424974601830378e+00
-5.576253159281770871e-02 1.056126799485525014e-01 1.552051933873511147e-01 2.208653886947526679e-01 9.757673665591347634e-01 1.189425691474080393e+00 1.230261906782660342e+00 1.311156681587099859e+00 1.322237447973626079e+00 1.332845046853060600e+00 1.345575953907562461e+00 1.364931632625887348e+00 1.442674677836766284e+00 1.570818077095710308e+00 1.582894263974023552e+00 1.827533916669963787e+00 1.835260298023809078e+00 1.985473595217006615e+00 1.987246762913249087e+00 2.028527721223428060e+00 2.031323608143897896e+00 2.172051673914545677e+00 2.233587130003246823e+00 2.361949756930170619e+00 2.364098736981421922e+00 2.920257826535705536e+00 2.976593090033333500e+00 3.429495416225962323e+00 3.452997520380367114e+00 3.804966081634770791e+00
9.692065379255231095e-02 1.610295139926604391e-01 2.138289082322499812e-01 3.033713801383371989e-01 9.485648095636701749e-01 1.143217139984983755e+00 1.206806530244204589e+00 1.296165432352212710e+00 1.310482193009842922e+00 1.332742048348579234e+00 1.350749673466335121e+00 1.379662814570133067e+00 1.465294441314604290e+00 1.587058498653744154e+00 1.605079615991979125e+00 1.827714863986903637e+00 1.838997584967498655e+00 1.982746520033336957e+00 1.984300917475296133e+00 2.023990400229462416e+00 2.030723368378997584e+00 2.170628644165742305e+00 2.244026476372989354e+00 2.362737989034165764e+00 2.366616948202682202e+00 2.894933249916471496e+00 2.974806482388125950e+00 3.432185629989149334e+00 3.477466460824483629e+00 3.805819248834411361e+00
1.629801107814410066e-01 2.172092811444014948e-01 2.764179885494985056e-01 3.900458934470045214e-01 9.150078461995097001e-01 1.094104427900146836e+00 1.169024502526762932e+00 1.285337959009907438e+00 1.296850937213813504e+00 1.334933410786649066e+00 1.357636701687974456e+00 1.398742645566688481e+00 1.483101569412546672e+00 1.606229190943927243e+00 1.626161114119178519e+00 1.827728400236237727e+00 1.841471390757851267e+00 1.974363911439650732e+00 1.980882757266269945e+00 2.018419905378631807e+00 2.035090319622557598e+00 2.168377616166790034e+00 2.257874251000671961e+00 2.363842721265109414e+00 2.369059191692420185e+00 2.864541649334543028e+00 2.972530034458979564e+00 3.435478851670062284e+00 3.507498863053026383e+00 3.806918847898643321e+00
2.123783591997980835e-01 2.702287929700204483e-01 3.422496547590999083e-01 4.802822883844398705e-01 8.774158357454705515e-01 1.045926326009025908e+00 1.122545184546361208e+00 1.276430628546570301e+00 1.281294602021370466e+00 1.337421935384374816e+00 1.365813877273793553e+00 1.421862749507896817e+00 1.496397824620738781e+00 1.624825725535234966e+00 1.643087270877017447e+00 1.825633311357528044e+00 1.843700604327194625e+00 1.961045006338723695e+00 1.977213038652591459e+00 2.012896673980591800e+00 2.043607853539247454e+00 2.165149300237622310e+00 2.274190451943769453e+00 2.365222991213050463e+00 2.371006590501565370e+00 2.832831477622571370e+00 2.969956129210500340e+00 3.438926801327481630e+00 3.540130628030894844e+00 3.808184063781273831e+00
2.515452565520809314e-01 3.200526194345455488e-01 4.080574441215733539e-01 5.705847228478200250e-01 8.378082609781024592e-01 1.001279524453987602e+00 1.071031974696269540e+00 1.262051413440171022e+00 1.270353318162357192e+00 1.339433929922809519e+00 1.374811071050815459e+00 1.447356584799283752e+00 1.505847442500455324e+00 1.640243702257883518e+00 1.654164248111835711e+00 1.819459900806178254e+00 1.848732250963520229e+00 1.944579963387968569e+00 1.972706926735161348e+00 2.008344839124136083e+00 2.054244355286874324e+00 2.161033459960933989e+00 2.291688600941689025e+00 2.366794559721965729e+00 2.372372144194574428e+00 2.803256364110718213e+00 2.967295127530631405e+00 3.442178793662400871e+00 3.572471153094014085e+00 3.809524512746551572e+00
2.819824336672847043e-01 3.684930297728699622e-01 4.705576146228832579e-01 6.556440770644378357e-01 7.984842055837181318e-01 9.626494327988576183e-01 1.016338891483361984e+00 1.242256554376674815e+00 1.264309196337604968e+00 1.340909980469294993e+00 1.384223622184731051e+00 1.473270735624607086e+00 1.511383510909652728e+00 1.651347816390873691e+00 1.658826557651443601e+00 1.811460064038078244e+00 1.857174656521783485e+00 1.925617653365084392e+00 1.967179679334033038e+00 2.005276159748871745e+00 2.065131672133615481e+00 2.156383505135295309e+00 2.308905409662246555e+00 2.368421976479524460e+00 2.373294299868720980e+00 2.778395075277009685e+00 2.964758181653036839e+00 3.444986570580600205e+00 3.601994904699338029e+00 3.810843841115879815e+00
3.043652885402872155e-01 4.162417289616003324e-01 5.258079467261077555e-01 7.284923388752537754e-01 7.636855266782169860e-01 9.333959478160015477e-01 9.597139456043610739e-01 1.221499079742588645e+00 1.259753198439415245e+00 1.341940356883284835e+00 1.393673795660252956e+00 1.497715014265549538e+00 1.512572037435191197e+00 1.657428933494045298e+00 1.658449264864865436e+00 1.806129219410145037e+00 1.867630947255816132e+00 1.904859201505684219e+00 1.960700915512808118e+00 2.003716812818379545e+00 2.074745533329867886e+00 2.151749832342930713e+00 2.324369575378163244e+00 2.369908816066077506e+00 2.373954907162457495e+00 2.759587075379663634e+00 2.962542949726494346e+00 3.447204334243684887e+00 3.626707061671221144e+00 3.812040997387963426e+00
3.194133466181270919e-01 4.628962226939309366e-01 5.645303558667190691e-01 7.417878019104958698e-01 7.815411477236403615e-01 9.024913582232093612e-01 9.187021538883322069e-01 1.201803530566571743e+00 1.256568967785964830e+00 1.342603974429113833e+00 1.402586786928428308e+00 1.509572148611020292e+00 1.518859510051105977e+00 1.652740227559575281e+00 1.661450330457250546e+00 1.806970368753170630e+00 1.875726753791672419e+00 1.885933744967248415e+00 1.953839091047237186e+00 2.003275968888482694e+00 2.082054418359693404e+00 2.147775285928669842e+00 2.336724750118541749e+00 2.371019746444781973e+00 2.374459137536931941e+00 2.746967586307263343e+00 2.960821699485260083e+00 3.448774677031235303e+00 3.645195265094018477e+00 3.813010556863150935e+00
3.279415981386935575e-01 5.070724860597427552e-01 5.708390168899913908e-01 7.507154834550203715e-01 8.059910990471333969e-01 8.472256972145828513e-01 9.204156245267947067e-01 1.186592636768936559e+00 1.254703418064204268e+00 1.342964542131591665e+00 1.409618406927859446e+00 1.505070581666950513e+00 1.533734700783243143e+00 1.647140449384138172e+00 1.662420731010692210e+00 1.814208907182355501e+00 1.861120286749412323e+00 1.889145414111496946e+00 1.947963879138175924e+00 2.003362501150848018e+00 2.086542718120890427e+00 2.145077872416893516e+00 2.344794247775956020e+00 2.371605400851909629e+00 2.374807884778050937e+00 2.739908928532573285e+00 2.959730126463864242e+00 3.449699870983496730e+00 3.656583636664869186e+00 3.813648510106377287e+00
3.306819723613621531e-01 5.418408263695573268e-01 5.502712232474594733e-01 7.773368133192544160e-01 8.044124708727516948e-01 8.146487642552439068e-01 9.247704504277175497e-01 1.180634767242051630e+00 1.254091877295855362e+00 1.343076803530648844e+00 1.412438378076202206e+00 1.502811249947978434e+00 1.539303691949936548e+00 1.644612690078053108e+00 1.662543649308225513e+00 1.820664865759144657e+00 1.850599682335071883e+00 1.892445180748087541e+00 1.945472364661204434e+00 2.003459668138864558e+00 2.088046731323459415e+00 2.144120381392714325e+00 2.347626108340605366e+00 2.371756806647777882e+00 2.374936671425526225e+00 2.737662872668347624e+00 2.959356082574215563e+00 3.450004080069127621e+00 3.660424136651295068e+00 3.813872015573291474e+00
3.392772978983775167e-01 5.411355179986374608e-01 5.518204614412325348e-01 7.738344631648076399e-01 7.916075143542649073e-01 8.180138763389671608e-01 9.393076494328883586e-01 1.180039492969745307e+00 1.243536991166186434e+00 1.346331986567340211e+00 1.420297477116043927e+00 1.500677094885176199e+00 1.538117774593203979e+00 1.642189249097200321e+00 1.665304097213138546e+00 1.821375111451267070e+00 1.849647235101554044e+00 1.891216859665322714e+00 1.944874948298946693e+00 2.005548063770188350e+00 2.086787692376570913e+00 2.143253157234226158e+00 2.347945310334450308e+00 2.372200075206714942e+00 2.374812831711884620e+00 2.736140407175783995e+00 2.959317098479322450e+00 3.455732251394068921e+00 3.656332079165691695e+00 3.813959888349029104e+00
3.638875560005415122e-01 5.398739858954388904e-01 5.577103320487679650e-01 7.600311228371018357e-01 7.697263843240168546e-01 8.236931047237400216e-01 9.707414080275698076e-01 1.177908495849619319e+00 1.217478568810806294e+00 1.355691624476425883e+00 1.437616461496608045e+00 1.494298632285145256e+00 1.536548323262437288e+00 1.635627041415203653e+00 1.672863839307130007e+00 1.821205437165445140e+00 1.846153755053121071e+00 1.890988922276453543e+00 1.943485661440519596e+00 2.011286706815845537e+00 2.082728245239686249e+00 2.140275624107377705e+00 2.349844400543292799e+00 2.373183809093025953e+00 2.374606534889729836e+00 2.731694527152116247e+00 2.959171772604961781e+00 3.471659064020558461e+00 3.644912134383413438e+00 3.814177618382970092e+00
4.009536493235377752e-01 5.420831795439580159e-01 5.663148168116217684e-01 7.311678982597289433e-01 7.593789644376278680e-01 8.233707768154827633e-01 1.005902578696323602e+00 1.173382338774267009e+00 1.184785007098941634e+00 1.369825889387370710e+00 1.453572274092592265e+00 1.484001774088076209e+00 1.539398836017000338e+00 1.626361984373951186e+00 1.683420885193912309e+00 1.818190738406188833e+00 1.838017879542213739e+00 1.897276692478496507e+00 1.942244045869129243e+00 2.019560951708764929e+00 2.075882776138755492e+00 2.134707628040638294e+00 2.354602520373836327e+00 2.373927391848730917e+00 2.374971567362468949e+00 2.724641970149932479e+00 2.958865383219587031e+00 3.494565327340746652e+00 3.628396371817553145e+00 3.814426029695428877e+00
4.451716017459719787e-01 5.478591852981906651e-01 5.723727098518707201e-01 7.050153201171142081e-01 7.534148873364436838e-01 8.125192761037177691e-01 1.038453985667936452e+00 1.152452243679124244e+00 1.165975346745433905e+00 1.386430567305730444e+00 1.460999689346955011e+00 1.470902202959676552e+00 1.550287999455311594e+00 1.614964474851062315e+00 1.694966664375955112e+00 1.814936996485305931e+00 1.826630120446852690e+00 1.908895001757055843e+00 1.941196144913873489e+00 2.029309406589381748e+00 2.067191703579200457e+00 2.127548011478024748e+00 2.361874873394066654e+00 2.374240457005895699e+00 2.375968445966790021e+00 2.715619864878580092e+00 2.958386810141870882e+00 3.520570410866069366e+00 3.609444158291629901e+00 3.814627331921689013e+00
4.917289140848617457e-01 5.493728263926732636e-01 5.662206936715914463e-01 6.891146510979326845e-01 7.565844083911926754e-01 7.925920909280568249e-01 1.060811792908715523e+00 1.132234467249237930e+00 1.153972500460428208e+00 1.402856009095457601e+00 1.457418044298279147e+00 1.459958307758275398e+00 1.567094950991666735e+00 1.601172095398450512e+00 1.704507818573130384e+00 1.814208094179660335e+00 1.818155496002257676e+00 1.921454581141140538e+00 1.938470327002344895e+00 2.039466418321667529e+00 2.057725846026131400e+00 2.121697481542565544e+00 2.369717820222106308e+00 2.374595540920310999e+00 2.376508762332105729e+00 2.706139942616400340e+00 2.957828837966693492e+00 3.546385833615040006e+00 3.589895931843014587e+00 3.814768638968053516e+00
5.364109124005506102e-01 5.398530739670491796e-01 5.399768951545613760e-01 6.856187945238398918e-01 7.703724795222367527e-01 7.708185783427862203e-01 1.064079926797890652e+00 1.137241445101261572e+00 1.137603735826508089e+00 1.411999952351743026e+00 1.452862330736216956e+00 1.453030200516387538e+00 1.584855225319350192e+00 1.585080007640431443e+00 1.708078228463754789e+00 1.817398832946842235e+00 1.817918287557831691e+00 1.931859454737236748e+00 1.932131936956184237e+00 2.048017300704099153e+00 2.048773807365744659e+00 2.120032959635825165e+00 2.374774805694516377e+00 2.374799487134215958e+00 2.376853812410601119e+00 2.699045901208358078e+00 2.957396363479520396e+00 3.569788594307458762e+00 3.570058204628166365e+00 3.814867015233281755e+00
5.069608667409312153e-01 5.149343286521417262e-01 5.832858706618794242e-01 6.801753471578150245e-01 7.603075747196322842e-01 7.881942893568282260e-01 1.065251971246414353e+00 1.120644858919142894e+00 1.156804106233827456e+00 1.405072717371985469e+00 1.445445675008372621e+00 1.468157175207441378e+00 1.568320564564188002e+00 1.598481853913404693e+00 1.706300092688507908e+00 1.815161058333671695e+00 1.823801532131505976e+00 1.922388084944993913e+00 1.940256554243043441e+00 2.040553313255740520e+00 2.055314365202894233e+00 2.121454071165120858e+00 2.371445703208051814e+00 2.374714630322304565e+00 2.378152849556097959e+00 2.701147827117258426e+00 2.957565345730259310e+00 3.550136293593226799e+00 3.587236149629011717e+00 3.814814428346518405e+00
4.668311115490904051e-01 4.845149879266263948e-01 6.255250699566955452e-01 6.554393368088258232e-01 7.703479724171055087e-01 8.006053439393531201e-01 1.072403939851355625e+00 1.104840581593653281e+00 1.178694449710468550e+00 1.392832803549037601e+00 1.436953153948806294e+00 1.492201692051048356e+00 1.549768984394288118e+00 1.605393507840475964e+00 1.703138474502647881e+00 1.812913108596003520e+00 1.836285438151328719e+00 1.910555303106938441e+00 1.948231698316244431e+00 2.032601092099076023e+00 2.060342380334800438e+00 2.125542618209797396e+00 2.364504284164846037e+00 2.374258532159498447e+00 2.378946920741309423e+00 2.707906898395697759e+00 2.958140604277999852e+00 3.530577462964983315e+00 3.598815251190652820e+00 3.814586365522077749e+00
4.219884310034398012e-01 4.489918804051479251e-01 6.143900017823850090e-01 6.666685048767355681e-01 7.881744162939239295e-01 8.073958634246661825e-01 1.087316811798365368e+00 1.095327828881355714e+00 1.199979505227513954e+00 1.380972277693228278e+00 1.428050679797438827e+00 1.518322226948383591e+00 1.529815376130320592e+00 1.603548853844812827e+00 1.701474451012197742e+00 1.811144518409517623e+00 1.853351948019768880e+00 1.897135420658612848e+00 1.955781128754339848e+00 2.025353936138800215e+00 2.062750804148802075e+00 2.131503152053258354e+00 2.354196913780839395e+00 2.373479993881063788e+00 2.378784557453800907e+00 2.719621388749055679e+00 2.959191776412465114e+00 3.511817978041717137e+00 3.603585236996584396e+00 3.814102707098694367e+00
3.742887555110315234e-01 4.101171777500919324e-01 5.654171344012741685e-01 7.020999127685710883e-01 7.745433894711054590e-01 8.390886835169393265e-01 1.096602302198143919e+00 1.108764407574006405e+00 1.219795723203423332e+00 1.370881589075713114e+00 1.419075296272088949e+00 1.506682226455672957e+00 1.545163801879259946e+00 1.593888221982569631e+00 1.700720566727357275e+00 1.810447944453843716e+00 1.872466133390251253e+00 1.883785978339641565e+00 1.962739498120929404e+00 2.019245717310221178e+00 2.062430014098529885e+00 2.138490007729320297e+00 2.340590214153390303e+00 2.372400372917671252e+00 2.377864666462040866e+00 2.736297613404398810e+00 2.960740866460889631e+00 3.494434879704678476e+00 3.600952965314481169e+00 3.813310144314346228e+00
3.248927270825289759e-01 3.690462239783172116e-01 5.113335793137603336e-01 7.007876227385945178e-01 7.720810551032056823e-01 8.821814591714511877e-01 1.108578888735682222e+00 1.134908436622609873e+00 1.237977024510722668e+00 1.362671324631561376e+00 1.410261136010290794e+00 1.482838693082296544e+00 1.567720908458159146e+00 1.579058982930365396e+00 1.698042405829548462e+00 1.811173920477474608e+00 1.867898138633125704e+00 1.896001995498250103e+00 1.968913002752586072e+00 2.014674524624749274e+00 2.059529627238480209e+00 2.145785300519439165e+00 2.324206731892013433e+00 2.371062856076128877e+00 2.376362423035845328e+00 2.757663857415612707e+00 2.962752108672704221e+00 3.478853957697536803e+00 3.590956309220502352e+00 3.812215665482669102e+00
2.742750951194131703e-01 3.265178342286123581e-01 4.539105391124850231e-01 6.468351957021944987e-01 8.051568160387212458e-01 9.307473251157727390e-01 1.127885537990422682e+00 1.164096416932051570e+00 1.254591872047120527e+00 1.355961677427486523e+00 1.401745246126725242e+00 1.457723346114535135e+00 1.560837683021208955e+00 1.584899565786513254e+00 1.690784824220892935e+00 1.813305091469148200e+00 1.855851043153358582e+00 1.917675893917543117e+00 1.974112872743812419e+00 2.012042364320356658e+00 2.054480115629649717e+00 2.152812885734898263e+00 2.305997090907551783e+00 2.369530590882114041e+00 2.374424520391080762e+00 2.783133627594482906e+00 2.965130911538755853e+00 3.465339204353866442e+00 3.574255607679953872e+00 3.810894254066457432e+00
2.221202680877127911e-01 2.829313612497012520e-01 3.943425422814451631e-01 5.748438820329877519e-01 8.438714754030711696e-01 9.829653450444022500e-01 1.151114161575886641e+00 1.194914841868436106e+00 1.269793189217860663e+00 1.350262953694171930e+00 1.393545167597626033e+00 1.432081212903072887e+00 1.540657489413208570e+00 1.594626840650142707e+00 1.677387193565988976e+00 1.816360674807493414e+00 1.846587439441404799e+00 1.938482419584030669e+00 1.978207091740576740e+00 2.011722193278725257e+00 2.048018479830493899e+00 2.159109016740085263e+00 2.287229493899195276e+00 2.367883567741687845e+00 2.372186082030250276e+00 2.811738239757252789e+00 2.967732522986229693e+00 3.453999752409418367e+00 3.552110613411645801e+00 3.809464565744884901e+00
1.670307176280649286e-01 2.383859747256579509e-01 3.336659999080067718e-01 4.940161100394054317e-01 8.822072344491269646e-01 1.037226797122742905e+00 1.175700883191080237e+00 1.226126014380797269e+00 1.283764932561937577e+00 1.345225541639369915e+00 1.385556480914125865e+00 1.406937891015188624e+00 1.518722554216949350e+00 1.596578052382940260e+00 1.657764526742289579e+00 1.819453215567888860e+00 1.840693891766083112e+00 1.956958025819672597e+00 1.981222832032901282e+00 2.013842561415405630e+00 2.041216959620610449e+00 2.164316759340274121e+00 2.269313359873005531e+00 2.366215359663283113e+00 2.369782719623404699e+00 2.842068038543740904e+00 2.970378368604129626e+00 3.444814738595990189e+00 3.526333289638305502e+00 3.808053412542153460e+00
1.047914394845076563e-01 1.927707544531254147e-01 2.728686919821670109e-01 4.081939981467468392e-01 9.182909918973709562e-01 1.091748692562156231e+00 1.199382490841593984e+00 1.256549651361961839e+00 1.296711479280202584e+00 1.340787439792570979e+00 1.377565758960635822e+00 1.383808206827122911e+00 1.495074996767373543e+00 1.591542428427425326e+00 1.633395408023726070e+00 1.821851860678149970e+00 1.837478518761929358e+00 1.971698919268503047e+00 1.983397350707703177e+00 2.018004801070215404e+00 2.035501665882582412e+00 2.168220174766890551e+00 2.253563684411651558e+00 2.364630271669575734e+00 2.367364005522257120e+00 2.872253267672535415e+00 2.972876356712609081e+00 3.437674562361038522e+00 3.499209162249342864e+00 3.806770719679841264e+00
-3.333133396798747955e-02 1.459538379984100520e-01 2.129150039426713492e-01 3.200238150881904442e-01 9.504516022892621763e-01 1.144258555592167159e+00 1.219482674213396400e+00 1.284919664820767915e+00 1.308876587934022506e+00 1.337313641895390814e+00 1.364414735083158803e+00 1.369668259197807547e+00 1.469681382587751273e+00 1.581542620457237369e+00 1.607044993865438531e+00 1.823604024129033663e+00 1.835462164185110323e+00 1.981389475007876877e+00 1.985013041031509884e+00 2.023250201967439210e+00 2.032415567363211384e+00 2.170801217799330551e+00 2.240954679386363502e+00 2.363240011278677777e+00 2.365109602484871232e+00 2.899998903579029452e+00 2.975041271407508514e+00 3.432437315584466742e+00 3.473385426323921443e+00 3.805700130176067564e+00
-8.799367504705375709e-02 9.799307209814620001e-02 1.551587735056565720e-01 2.315037474701013287e-01 9.765931030489555242e-01 1.191280112222200094e+00 1.233002800331190363e+00 1.309688363243804332e+00 1.320604487154849904e+00 1.335762202986320091e+00 1.351066224063002918e+00 1.361268920804653115e+00 1.443077199145322398e+00 1.569702824446043588e+00 1.582546559707805001e+00 1.825175232451721863e+00 1.833494876743783086e+00 1.985846089048592500e+00 1.986210925986003240e+00 2.028289368957675087e+00 2.032448328362790324e+00 2.172263517711816139e+00 2.231969968050417030e+00 2.362158609886946259e+00 2.363233123726174778e+00 2.922700763309386662e+00 2.976712323012320471e+00 3.429013354570833449e+00 3.451680567198822658e+00 3.804899666739913311e+00
-8.870536897407094168e-02 4.919717371571803721e-02 1.034039048816874778e-01 1.436082341479131830e-01 9.940770646762177032e-01 1.226573916077507764e+00 1.238965102230573878e+00 1.328643524528024145e+00 1.332326172696869149e+00 1.336823663049000910e+00 1.343505435615067078e+00 1.352479623628126681e+00 1.418356120147753696e+00 1.560062666357213246e+00 1.564554569314618782e+00 1.826837719100370183e+00 1.831358313401778570e+00 1.986918008030037708e+00 1.987032598027188124e+00 2.031839304008224545e+00 2.033983891982350745e+00 2.172945217161573961e+00 2.226665550958671691e+00 2.361498898382079048e+00 2.361948535273295402e+00 2.937732481659210304e+00 2.977766338422056069e+00 3.427570690500218564e+00 3.436617055677184673e+00 3.804406111080111064e+00
-2.866186854493756235e-05 -8.973342037413656208e-06 -3.128735233974156726e-08 8.882038493468133455e-02 1.000294668504372320e+00 1.240148244899894170e+00 1.240409900968053591e+00 1.338551995133757666e+00 1.338963297489833337e+00 1.339810985390388121e+00 1.340118168365841411e+00 1.344825188561443063e+00 1.406285664936914204e+00 1.556819230389976605e+00 1.557326434229171275e+00 1.828148330398154719e+00 1.829832648311789711e+00 1.987050911864298275e+00 1.987251753403632470e+00 2.033086213697400613e+00 2.034812541740730119e+00 2.173136554547046906e+00 2.224919715889111416e+00 2.361383714668809031e+00 2.361383890072317193e+00 2.943013837046033032e+00 2.978126378451511957e+00 3.429093298743928653e+00 3.429319088423459672e+00 3.804239486172018569e+00
3.988519085524042801e-02 4.816498197111711982e-02 9.129197498723012894e-02 1.177665615668105625e-01 1.000944921549377309e+00 1.237542038822567081e+00 1.237787755648599886e+00 1.317300546162405217e+00 1.317672264211237509e+00 1.344917555405152010e+00 1.360540941424595696e+00 1.360917328761466871e+00 1.405825005120079796e+00 1.558027372982597525e+00 1.558568949410416904e+00 1.828238709151609243e+00 1.829926353167508291e+00 1.989026098371127871e+00 1.989243125683113789e+00 2.030939822329892674e+00 2.032613119161229331e+00 2.155215596825639235e+00 2.239716539598699541e+00 2.363536689141059632e+00 2.363561137659137668e+00 2.909513835683324334e+00 3.017481305153988824e+00 3.427107743185730193e+00 3.427338560120035460e+00 3.803008378168405645e+00
8.422188630584745428e-02 9.162544315074701295e-02 1.077213167430011165e-01 2.290674367110988319e-01 1.002985637378119632e+00 1.227893850813177368e+00 1.228107557425191620e+00 1.298887797724705750e+00 1.299293933769446019e+00 1.345267583641914566e+00 1.379447646133386662e+00 1.379882020982757140e+00 1.404463464758771929e+00 1.561615799251725667e+00 1.562239534226516735e+00 1.828303659405509762e+00 1.830001428689425724e+00 1.994363245112925842e+00 1.994659587207478824e+00 2.025285737337750192e+00 2.026774296285656973e+00 2.121362534513758558e+00 2.264229317958716958e+00 2.369749452514150256e+00 2.369831108835067202e+00 2.868494775187157675e+00 3.075677006697280724e+00 3.421273316772861062e+00 3.421515141466803911e+00 3.799313739835571635e+00
1.277884164226336938e-01 1.281156665491790803e-01 1.339020801623958812e-01 3.375262398656146412e-01 1.006681291245257404e+00 1.208431528945065780e+00 1.208653694062431949e+00 1.287989007176054690e+00 1.288448262045448711e+00 1.345902373484413550e+00 1.395402869420162562e+00 1.395889858651337079e+00 1.402262932982830002e+00 1.567475643271637020e+00 1.568199777843789500e+00 1.827686211753778212e+00 1.829401072462190525e+00 1.999919036938564210e+00 2.000571229933787443e+00 2.019826342009190423e+00 2.020793334298207178e+00 2.082402184986273497e+00 2.287746721841423803e+00 2.379357359577412456e+00 2.379518002974449153e+00 2.831879070286480893e+00 3.139695710004636542e+00 3.411953566607858424e+00 3.412204460660984928e+00 3.793142203068156970e+00
1.507747491133787920e-01 1.700386774141146584e-01 1.745941947382617099e-01 4.394250129581728226e-01 1.012456459961022182e+00 1.181019075822350439e+00 1.181248991219751465e+00 1.283764387862660117e+00 1.284260377764961047e+00 1.346879898000546749e+00 1.399319676509559907e+00 1.408620745050612744e+00 1.409106864702157624e+00 1.575465585269641533e+00 1.576299726889428099e+00 1.825238743348235992e+00 1.826977458415574018e+00 1.997089973673157548e+00 1.998206336312603471e+00 2.023999226423265352e+00 2.024275300068008931e+00 2.040437320042718827e+00 2.308426738030201708e+00 2.391474604939895166e+00 2.391721031457116453e+00 2.800114534731220406e+00 3.207460523012821696e+00 3.399746151314168241e+00 3.399999359919467334e+00 3.784442465032576752e+00
1.736679740197053234e-01 2.102506749797621866e-01 2.131827414505996776e-01 5.323480674073333141e-01 1.020865105869140033e+00 1.149912164011571480e+00 1.150112658229252460e+00 1.282895090577005126e+00 1.283414007747708085e+00 1.348246856174784014e+00 1.395779348783328322e+00 1.419610755723817119e+00 1.420025199620404965e+00 1.585497378847970040e+00 1.586455115415461581e+00 1.819483544805975628e+00 1.821249304410333281e+00 1.989044756599344099e+00 1.990071748731474077e+00 1.996520277114900654e+00 2.035510377901819545e+00 2.035632569115051194e+00 2.325768294864928531e+00 2.405143235939210644e+00 2.405470859696705155e+00 2.773249688843615335e+00 3.276962295824409122e+00 3.385472566985248122e+00 3.385722700395382034e+00 3.773089455476909659e+00
1.953255951839645566e-01 2.475431476442425394e-01 2.489931828121701995e-01 6.138547961935130193e-01 1.032487877130423337e+00 1.118261218389135836e+00 1.118405896258062082e+00 1.283257769421180194e+00 1.283801511834692377e+00 1.350020524471934102e+00 1.391810874150776867e+00 1.428852275625700496e+00 1.429154561372046661e+00 1.597587873440575512e+00 1.598685887019289931e+00 1.809160671698308853e+00 1.810943682448759029e+00 1.951829519503521126e+00 1.982229128451665989e+00 1.983056507539718183e+00 2.048416652239622326e+00 2.048509926163966544e+00 2.339639407217922518e+00 2.419386059842617342e+00 2.419783568358003123e+00 2.751317139367918774e+00 3.346040482129375881e+00 3.370160277587090913e+00 3.370410784100959400e+00 3.758847671107472088e+00
2.146097839479057801e-01 2.808432157483032876e-01 2.811359251066209985e-01 6.815742306898971981e-01 1.047605238358025881e+00 1.088332004554700028e+00 1.088428347759486270e+00 1.283867368325713132e+00 1.284440084818091021e+00 1.352173850555344004e+00 1.387618397172697415e+00 1.436601179063624611e+00 1.436806234368499746e+00 1.611809388255914355e+00 1.613061997431893602e+00 1.793958275593430018e+00 1.795729813648234918e+00 1.908138779876751956e+00 1.978226587213703924e+00 1.978886529948141737e+00 2.060681201868265866e+00 2.060771337220549171e+00 2.350137690505879728e+00 2.433195104661780128e+00 2.433648180827979512e+00 2.734255300921486942e+00 3.355004985433621023e+00 3.355248197477911809e+00 3.412611149185118542e+00 3.741344433208086073e+00
2.306002705148167131e-01 3.084642647068434052e-01 3.088858803968385081e-01 7.337011964614063020e-01 1.062099625547944237e+00 1.062203712239182973e+00 1.065477796416632428e+00 1.284336392688306683e+00 1.284937003954127466e+00 1.354616151416438541e+00 1.383443304757971948e+00 1.442872668887118959e+00 1.443035426203385096e+00 1.628119771736379784e+00 1.629537112454390924e+00 1.774791886818192221e+00 1.776510926835133120e+00 1.868000000407886052e+00 1.976762365353541551e+00 1.977301924189394766e+00 2.071182767930606961e+00 2.071279043637253903e+00 2.357563141599586576e+00 2.445520261701072506e+00 2.446014140874360532e+00 2.721804577402931358e+00 3.341308599910366439e+00 3.341557394250098234e+00 3.474821037119454559e+00 3.720066899866592447e+00
2.425645255768464625e-01 3.296226420659996159e-01 3.302663780937930560e-01 7.696972288017700503e-01 1.041500608857354404e+00 1.041625495569182602e+00 1.083500124047501512e+00 1.284586181998318644e+00 1.285209063863855139e+00 1.357144343862310532e+00 1.379604582456870565e+00 1.447548184525637049e+00 1.447691726313330429e+00 1.646018829589614763e+00 1.647613674453045851e+00 1.753561608005776096e+00 1.755180042543163177e+00 1.834848141250555953e+00 1.976800514549856391e+00 1.977263971637094553e+00 2.079166299526229444e+00 2.079270903515711755e+00 2.362359530470524049e+00 2.455310930804556868e+00 2.455831983344776148e+00 2.713504526015879215e+00 3.330358612184504796e+00 3.330611758449565585e+00 3.531272664348368284e+00 3.694410996660562052e+00
2.499637371656501794e-01 3.431984670804206217e-01 3.436446006940411801e-01 7.904002264627782992e-01 1.028294814694247217e+00 1.028408724413999664e+00 1.097297095119886823e+00 1.284677824596201168e+00 1.285314927088858639e+00 1.359307815721887414e+00 1.376629280236852271e+00 1.450461986810169801e+00 1.450569612714041501e+00 1.663502957568027352e+00 1.665306370720684992e+00 1.733539652846517454e+00 1.734992751911117903e+00 1.812632266991711649e+00 1.977292035421208238e+00 1.977713839563450149e+00 2.084139636249472183e+00 2.084249947351948240e+00 2.364997231347699014e+00 2.461630189931106827e+00 2.462166547692767438e+00 2.708815955940357068e+00 3.323272593931182239e+00 3.323527389228225992e+00 3.580861399724064142e+00 3.663942105948903460e+00
2.524672976015194248e-01 3.480272199089733398e-01 3.480690063536870937e-01 7.971045446976307014e-01 1.023741846840825254e+00 1.023838162007056907e+00 1.102510875691370851e+00 1.284696197944952489e+00 1.285338188326260012e+00 1.360239215039120708e+00 1.375423657852716808e+00 1.451458657419147480e+00 1.451538274556831043e+00 1.672727546069828319e+00 1.674697543232165575e+00 1.723379593537016863e+00 1.724678547235268589e+00 1.804763648762871542e+00 1.977535969500487933e+00 1.977944408454971104e+00 2.085826922946563133e+00 2.085939063468132737e+00 2.365832389706826966e+00 2.463816649809290826e+00 2.464357921432965615e+00 2.707307779784725810e+00 3.320818973251147277e+00 3.321073918339351394e+00 3.615475018980419009e+00 3.635810712885811480e+00
2.572414940674473405e-01 3.402842240885357583e-01 3.667696095195258077e-01 7.875871965597249780e-01 1.022370666348190404e+00 1.026263379113908414e+00 1.107049592288581241e+00 1.264945773634767789e+00 1.280913568207412645e+00 1.356005842266353012e+00 1.391073367157470653e+00 1.449908311492406954e+00 1.452095643223931587e+00 1.675034869125614945e+00 1.678931014491806151e+00 1.723746847276233618e+00 1.725949849310482564e+00 1.808674560629204509e+00 1.977171340690096368e+00 1.979801911179597029e+00 2.084673956066951828e+00 2.085530609540688918e+00 2.365404087282098722e+00 2.463983877864161620e+00 2.464641578423046209e+00 2.705410600599607474e+00 3.319278187737039421e+00 3.325246687483083274e+00 3.614819964742605585e+00 3.635472848138181057e+00
2.708171922742924620e-01 3.461764592945358321e-01 3.939833968348967486e-01 7.617025413971370007e-01 1.018281249222708018e+00 1.031542987900488706e+00 1.120072605350618478e+00 1.225283226147833471e+00 1.267554550145170600e+00 1.345583165888165622e+00 1.415061141902592468e+00 1.449193250325087279e+00 1.452992669723168317e+00 1.679930611168352961e+00 1.691535624079360201e+00 1.725416274630747315e+00 1.729901513168693894e+00 1.820012635786057098e+00 1.976159340052546121e+00 1.984860313384787522e+00 2.081079994467462946e+00 2.084415006933162839e+00 2.364162480233866770e+00 2.463236518144490184e+00 2.466663852508703680e+00 2.699786454146241077e+00 3.319834589711676553e+00 3.332444168226826875e+00 3.612901307619785118e+00 3.634567830393029997e+00
2.908741295381707670e-01 3.667882626905221710e-01 4.286725402292451137e-01 7.248225822848580746e-01 1.011569704580514983e+00 1.036702880310578223e+00 1.139197733022918602e+00 1.181366642001531186e+00 1.245317941909098725e+00 1.333274595484155833e+00 1.418124048219039812e+00 1.453112439654053789e+00 1.464819333609177709e+00 1.686240397023558657e+00 1.707765724259344253e+00 1.729786656493917718e+00 1.737647937422037936e+00 1.837599187253929678e+00 1.974529910561594548e+00 1.992019064528090855e+00 2.075049273666248251e+00 2.082539773068812217e+00 2.362227588111017074e+00 2.461926952742884200e+00 2.469856318379729743e+00 2.690695718376928003e+00 3.322013965841566385e+00 3.342715297309567735e+00 3.609876606711926339e+00 3.633339918846465455e+00
3.136239583283843557e-01 4.004795118988052627e-01 4.711782746094688168e-01 6.819149460385782735e-01 1.002043611494546571e+00 1.040694726301683248e+00 1.138233208534998431e+00 1.159867088037660698e+00 1.216671921669200351e+00 1.322029510066824676e+00 1.405322764893543575e+00 1.452415721042414454e+00 1.488790624582387867e+00 1.692113355331238189e+00 1.721608231352983909e+00 1.738311098328791049e+00 1.751719063282874300e+00 1.859502346742473167e+00 1.972355638478311857e+00 2.000026755869779738e+00 2.066561122723404420e+00 2.079919685517635397e+00 2.359772371400191471e+00 2.460102061488580460e+00 2.473862158771324093e+00 2.678717125371937069e+00 3.325127540465948162e+00 3.356067132581624701e+00 3.605996524247666812e+00 3.632017725674788533e+00
3.353114542189112868e-01 4.425328953374919050e-01 5.220801487022954657e-01 6.374403786636202440e-01 9.889483675353781811e-01 1.043526221470544524e+00 1.099146861713867329e+00 1.163275076763917060e+00 1.198822213621166144e+00 1.313278901850002400e+00 1.387279973811180733e+00 1.450592222038547430e+00 1.511171333493941171e+00 1.696320961144352601e+00 1.732260307774273755e+00 1.749995943476799765e+00 1.771709789898761489e+00 1.883172650710926987e+00 1.969734240201787445e+00 2.008045400925591917e+00 2.055655137481021466e+00 2.076621706110475252e+00 2.356997723757309426e+00 2.457812595003721068e+00 2.478282838933064447e+00 2.664826237446972446e+00 3.328560804312112875e+00 3.372265162054595589e+00 3.601467568439224110e+00 3.630737553502468629e+00
3.534062866792472279e-01 4.850147813103642958e-01 5.802195069608474531e-01 5.981522764564510819e-01 9.711226528292713489e-01 1.045112638375121472e+00 1.066455348382532753e+00 1.128665311251082493e+00 1.211684916777518106e+00 1.308269589977225422e+00 1.366591727873691431e+00 1.447689273874714910e+00 1.530644660601482077e+00 1.699084524002507646e+00 1.742398589428475919e+00 1.763376891626620813e+00 1.793438172218820181e+00 1.905760606210005426e+00 1.966784716025989033e+00 2.015962022618615013e+00 2.042528301820909498e+00 2.072749622183782225e+00 2.354115017624309747e+00 2.455157462080628683e+00 2.482690706326255548e+00 2.650326734593493327e+00 3.331876236011301451e+00 3.390868211481934846e+00 3.596268442837237789e+00 3.629557202865138610e+00
3.657892525791378580e-01 5.074580825785677263e-01 5.843251634645993953e-01 6.431429511127823018e-01 9.484108463061429184e-01 1.039429280723858318e+00 1.046284220040121449e+00 1.085904789284586114e+00 1.225142061583331277e+00 1.308468078388218547e+00 1.344717596457334574e+00 1.443784581136627443e+00 1.547162164534941819e+00 1.701282321204064862e+00 1.752702482154058217e+00 1.777349785050395203e+00 1.814244764255585673e+00 1.924680329078728214e+00 1.963649749793344501e+00 2.023472177971862074e+00 2.028405852887855243e+00 2.068434650803569141e+00 2.351334059995499270e+00 2.452294346480778042e+00 2.486678246820475113e+00 2.636617546880067664e+00 3.334817138597971464e+00 3.411337156429446349e+00 3.590065387320934054e+00 3.628496716220639406e+00
3.696893881369191504e-01 4.937965555295897868e-01 6.167267987437472510e-01 7.049827741250789259e-01 9.232479632520960156e-01 1.020468968383748010e+00 1.027750884006690457e+00 1.056474970304147609e+00 1.232994546672377290e+00 1.314231657793051733e+00 1.323106237348029124e+00 1.439037874430447284e+00 1.560654736524959230e+00 1.703677100931658028e+00 1.762891219647742425e+00 1.790845315303500218e+00 1.832742462864847655e+00 1.938467480826225664e+00 1.960507675995884824e+00 2.010926444019363490e+00 2.034009411395359290e+00 2.063876454371922797e+00 2.348847706814179759e+00 2.449436270958206485e+00 2.489928732997015004e+00 2.624878671016379617e+00 3.337260070276534041e+00 3.433099098808866767e+00 3.582291473550184957e+00 3.627571130702727409e+00
3.631420627961884917e-01 4.783770108490402739e-01 6.643381006120450127e-01 7.613036844896236000e-01 8.997468563986036338e-01 9.803793296847984617e-01 1.004744408963158531e+00 1.053208299305492535e+00 1.236094296655559921e+00 1.302972805693558112e+00 1.323819076720386345e+00 1.433778533339140626e+00 1.570951343929311683e+00 1.706606710327832843e+00 1.772319116410926210e+00 1.802942221448061044e+00 1.848015883539730231e+00 1.947343136075224468e+00 1.957599137110737075e+00 1.994936313028570662e+00 2.043229559773189319e+00 2.059423817994094463e+00 2.346810475162037779e+00 2.446832978678453063e+00 2.492289502219300346e+00 2.615819108337213983e+00 3.339160076435043312e+00 3.455512753101952494e+00 3.572362455723852914e+00 3.626806148555443698e+00
3.498830457565101359e-01 4.715869703254405021e-01 7.152950588799865672e-01 8.065493595386350467e-01 8.826197635486227044e-01 9.288774108534946228e-01 9.901130470014776197e-01 1.052950420187804159e+00 1.236770317199192393e+00 1.286523852623590480e+00 1.333548116046943566e+00 1.428635600318772569e+00 1.577998284132479112e+00 1.709785699682057514e+00 1.780114806785334070e+00 1.812778310377977986e+00 1.859402674752196560e+00 1.952428896125936175e+00 1.955358348152721470e+00 1.980770837571693699e+00 2.050963091535524363e+00 2.055735024842543002e+00 2.345321132843209977e+00 2.444739909434634484e+00 2.493793776277901220e+00 2.609617184961762426e+00 3.340509593286471013e+00 3.477728644245397405e+00 3.559990064334719317e+00 3.626234137099616728e+00
3.379738324012208084e-01 4.698408830429077754e-01 7.672974911218835015e-01 8.316970677352444330e-01 8.746279898084562410e-01 8.805053485339564556e-01 9.776106850519404867e-01 1.052992336054169975e+00 1.236666382987854362e+00 1.275502612275862813e+00 1.340815725962879013e+00 1.424655378154931151e+00 1.582001570303326110e+00 1.712352753198778332e+00 1.785324862023773829e+00 1.819385109214694873e+00 1.866441748375313958e+00 1.953083929997448953e+00 1.955819619453838420e+00 1.970806443332140390e+00 2.052392201618169487e+00 2.056863676761485404e+00 2.344422965399290515e+00 2.443380614923727823e+00 2.494593066525024661e+00 2.606084332459130515e+00 3.341314428028522077e+00 3.498162005796873864e+00 3.545851054296757621e+00 3.625881505713276276e+00
3.333545787690608830e-01 4.696227205795436288e-01 8.155947684174248424e-01 8.208722190485014947e-01 8.439369495239382735e-01 8.822787201543095259e-01 9.719098693934110633e-01 1.053025624172728492e+00 1.236557808990107699e+00 1.271600630458432413e+00 1.343526669493966486e+00 1.423113242118904775e+00 1.583284641440912299e+00 1.713347769421515787e+00 1.787164969143220539e+00 1.821749428988566732e+00 1.868828696135483192e+00 1.952609580958642566e+00 1.956511676739705941e+00 1.967232523483507522e+00 2.051542800327602833e+00 2.058566969327002116e+00 2.344123991877754332e+00 2.442909135580924929e+00 2.494839228312642376e+00 2.604946969121748612e+00 3.341581726955081599e+00 3.509776719535184775e+00 3.536400872374896753e+00 3.625762591521186629e+00
3.367641917757404624e-01 4.691699636629729220e-01 8.033622545937781911e-01 8.103838638292307772e-01 8.499792221107497214e-01 8.975378425150123407e-01 9.770280951101893985e-01 1.052694019829746530e+00 1.235184659761511705e+00 1.271008716527431748e+00 1.338605040638423338e+00 1.419869047164526776e+00 1.589011448018866846e+00 1.716368688748455051e+00 1.785408013550154660e+00 1.822980882973410877e+00 1.867255571866577757e+00 1.951519583011113834e+00 1.956496709332665063e+00 1.969158762223527370e+00 2.050772916395743994e+00 2.057322853297324450e+00 2.344534898429897485e+00 2.443277307872549819e+00 2.494301914750717941e+00 2.603935544272456770e+00 3.345158218858412802e+00 3.509547105163108416e+00 3.533913228997961564e+00 3.625904668124999564e+00
3.466153418206762149e-01 4.675446381548454267e-01 7.755416968741629669e-01 7.986239690999138441e-01 8.566393923713701009e-01 9.275928453436889098e-01 9.905789095632363539e-01 1.051972831867904690e+00 1.229314184892879469e+00 1.269273513571117729e+00 1.327449529957742902e+00 1.410741625071846306e+00 1.604285236061408160e+00 1.723829922643298040e+00 1.780730386811888000e+00 1.825884966489763839e+00 1.863306067572993330e+00 1.948966796352236575e+00 1.956418782823802216e+00 1.974567016223909288e+00 2.048391255704669955e+00 2.054176247836380753e+00 2.345650961007516688e+00 2.444573658891778134e+00 2.492658544428277612e+00 2.601160264830323587e+00 3.355400426748889053e+00 3.508639993110748811e+00 3.526839069316584308e+00 3.626231321788770945e+00
3.616134966324647815e-01 4.638381697206840903e-01 7.483490980032205808e-01 7.883605816525885990e-01 8.594935577098473667e-01 9.606206971470144795e-01 1.008865155577551853e+00 1.051578694797633551e+00 1.214423651699074735e+00 1.266774787212993747e+00 1.318032463336609617e+00 1.397098192896239821e+00 1.625258561158440251e+00 1.731931763134915592e+00 1.773853588429299855e+00 1.829262016878441699e+00 1.859066075057726142e+00 1.946455478398653627e+00 1.956207603345325285e+00 1.982582342554853216e+00 2.044508024694644543e+00 2.050481650617232976e+00 2.347137096908245013e+00 2.447252082142974849e+00 2.489893905205117441e+00 2.597249332882838768e+00 3.371014737935382755e+00 3.506174707647267574e+00 3.516538449289435153e+00 3.626522350951955964e+00
3.794509728915396729e-01 4.566104962276650858e-01 7.248950827742393077e-01 7.844694318937949218e-01 8.559948439728053415e-01 9.934533060238488478e-01 1.028154322629122541e+00 1.052643352890995310e+00 1.188070761632508132e+00 1.264312374097901648e+00 1.315334656083637421e+00 1.380461392937537779e+00 1.648521254700335614e+00 1.737281587864126120e+00 1.764904965208250465e+00 1.832704903413592934e+00 1.856441558519731361e+00 1.945405696541978369e+00 1.955785709880204726e+00 1.992148004254735483e+00 2.039943520258350240e+00 2.047369683845066568e+00 2.348516781972138201e+00 2.451711767519332508e+00 2.486145940638896157e+00 2.592897636623833435e+00 3.390302080804135088e+00 3.498513041901754494e+00 3.507386485755102701e+00 3.626592084166454732e+00
3.970428417689739753e-01 4.450874499151945551e-01 7.069433632795564248e-01 7.888152667848123967e-01 8.450825698325227231e-01 1.024541330260629213e+00 1.043075595504506348e+00 1.058291225874835817e+00 1.153573488400392755e+00 1.262123639264840946e+00 1.318292451212496275e+00 1.362637020682490263e+00 1.671265160315060561e+00 1.739356751461988537e+00 1.754403119624940777e+00 1.836455951394774910e+00 1.854879757136026264e+00 1.946737778667007923e+00 1.955168540530301424e+00 2.002259959904591380e+00 2.035040540676965382e+00 2.045980862540805578e+00 2.349340649917226020e+00 2.457925754990759604e+00 2.481729749407351360e+00 2.588697498057781043e+00 3.411554586971525804e+00 3.484582811036629924e+00 3.501428430356900989e+00 3.626399108093100399e+00
4.108680547800180882e-01 4.308041485875220289e-01 6.958736487504929569e-01 7.990594733073794753e-01 8.284596374194461710e-01 1.047865799100130557e+00 1.054136036053257897e+00 1.070405241212659897e+00 1.115936236637412815e+00 1.260208745877237524e+00 1.324557461428973237e+00 1.346017022902169513e+00 1.689877874864992524e+00 1.739944812159655463e+00 1.744615931357115013e+00 1.840945094767302281e+00 1.852079595916463761e+00 1.950275044527548074e+00 1.954602444243386250e+00 2.012179965227403056e+00 2.029019845538932554e+00 2.047279771342727539e+00 2.349374132936805637e+00 2.465240365804291844e+00 2.477019985587866291e+00 2.585224283855948268e+00 3.433168554336143430e+00 3.469067010431489351e+00 3.495266543704133255e+00 3.626060471656265882e+00
4.172373630723805182e-01 4.183224308181787143e-01 6.920385130914461502e-01 8.098272964525305984e-01 8.104659013664149425e-01 1.050992017087051256e+00 1.077912009957447959e+00 1.080099471721361448e+00 1.080880091372624863e+00 1.259812119507348616e+00 1.332567529291594388e+00 1.333140661089432077e+00 1.697717312925485666e+00 1.740505154688497758e+00 1.740952273078429480e+00 1.846563432736990640e+00 1.846792826657782660e+00 1.954401000759430351e+00 1.954571930005970293e+00 2.021415514183662943e+00 2.021524173812055292e+00 2.050660382782042213e+00 2.348686214853943355e+00 2.472247919738556288e+00 2.472600499127020512e+00 2.583200164298937729e+00 3.452702008231056663e+00 3.453033421455028673e+00 3.490305475930594703e+00 3.625774023748247199e+00
4.128315357721942802e-01 4.218242970975085160e-01 6.930977647030518440e-01 7.973035671928799806e-01 8.216085669535498903e-01 1.048899919274486336e+00 1.052741921394044544e+00 1.085686305471269097e+00 1.101527018195484153e+00 1.262562755177987217e+00 1.324310051783049946e+00 1.343254873702072638e+00 1.692072698067357495e+00 1.739542713943286634e+00 1.744090356148618515e+00 1.839809993333566096e+00 1.853478009262619963e+00 1.952898536689868125e+00 1.956128971657698612e+00 2.013140753933701177e+00 2.029363821123224110e+00 2.050309020721545750e+00 2.348593525915859015e+00 2.467422386345734964e+00 2.477317050321075076e+00 2.584133904887522704e+00 3.436924637138065286e+00 3.463005704999315260e+00 3.495133021754827318e+00 3.625735911792853816e+00
4.122983182741595809e-01 4.214507975598754119e-01 6.913180320693742553e-01 7.900983242640766679e-01 8.256638610949257329e-01 1.027208106468449733e+00 1.049978764393096009e+00 1.088267178766059828e+00 1.123231346219480953e+00 1.271498129251678044e+00 1.316900151620154391e+00 1.354871335112639796e+00 1.679428836398245473e+00 1.737236817914418641e+00 1.748761808870009871e+00 1.831518515353990351e+00 1.860753088863561944e+00 1.951429972237266997e+00 1.957667267281670620e+00 2.005121393810127550e+00 2.036750003291623035e+00 2.048925791467540058e+00 2.348461291425774533e+00 2.462820327621450645e+00 2.481533736175937310e+00 2.587119704342577542e+00 3.421036095712560510e+00 3.461426822224053179e+00 3.509396808834570614e+00 3.625783616989840752e+00
4.100196272281701471e-01 4.255230835916738452e-01 6.778944400686378602e-01 7.922840401623519879e-01 8.223141395044708535e-01 1.010869743158170797e+00 1.048840609031335580e+00 1.091554572277062096e+00 1.143975997676223599e+00 1.285455205169633075e+00 1.309823290583584043e+00 1.366954246008043272e+00 1.663804730020563838e+00 1.733840510738311913e+00 1.751400061413167286e+00 1.822083133415913547e+00 1.866341913308171785e+00 1.949729949865285805e+00 1.959028794522679862e+00 1.999080305857254602e+00 2.042682182750354514e+00 2.046893232629400927e+00 2.348409823618303971e+00 2.459079593426631405e+00 2.484634141499826754e+00 2.592225874789932494e+00 3.405502706187625517e+00 3.454435494193245137e+00 3.526285279875079226e+00 3.625949081955043507e+00
4.009914847545948957e-01 4.409228178416980115e-01 6.513626175615343517e-01 7.848603314783048068e-01 8.298297742748608208e-01 1.001706377100333611e+00 1.048110410503328760e+00 1.098357199038095811e+00 1.164274805407592206e+00 1.295490631344273780e+00 1.309038674396516777e+00 1.378977433781489736e+00 1.646567113838240948e+00 1.729673435501703160e+00 1.751471723161459604e+00 1.811779610265861429e+00 1.867294517156452782e+00 1.947103034212687156e+00 1.960372616991606254e+00 1.997040538472079740e+00 2.040115855705286307e+00 2.050995886740103025e+00 2.348575343291643858e+00 2.456395317931018507e+00 2.486449393607762293e+00 2.599429147981477062e+00 3.390714109444942892e+00 3.444931855905605911e+00 3.542472309008545928e+00 3.626260627530921266e+00
3.890196275676375270e-01 4.646732027273217103e-01 6.160579234397693948e-01 7.559038755734716064e-01 8.568399384344821401e-01 9.990308883273808505e-01 1.047724318636443774e+00 1.109422346843587981e+00 1.184589069397058658e+00 1.287108859624519486e+00 1.326544000724576566e+00 1.390495342282397573e+00 1.628141862689653108e+00 1.725026717518303832e+00 1.749429398135393443e+00 1.800893388789666760e+00 1.861370260106579577e+00 1.942517906010531981e+00 1.962004699997264234e+00 2.000288883277493213e+00 2.033715826449090436e+00 2.056717332377326901e+00 2.349089519892170852e+00 2.454842725329787090e+00 2.486922871776905630e+00 2.608610256680262918e+00 3.376981517369387120e+00 3.433639235200959927e+00 3.557061956530355396e+00 3.626740950569340871e+00
3.756502557715420410e-01 4.950826843173785075e-01 5.757112573905281971e-01 7.163272340884605516e-01 8.912240466835882335e-01 1.002078014641386794e+00 1.047327721893362096e+00 1.124034154506279748e+00 1.205228601837484925e+00 1.274256960550393503e+00 1.346778126166441991e+00 1.401155790983858562e+00 1.608615797004658843e+00 1.720108899754494436e+00 1.745885994769840854e+00 1.789688515173072814e+00 1.848557441565074067e+00 1.934927709247155958e+00 1.963878491895389766e+00 2.008238368139513064e+00 2.026245354278346511e+00 2.062012797758085991e+00 2.350053205041609861e+00 2.454367778212587226e+00 2.486113715866993701e+00 2.619537796945682118e+00 3.364528138164240012e+00 3.420876482271894226e+00 3.569823253981152966e+00 3.627404563619837319e+00
3.616775889554387224e-01 5.266036336178133714e-01 5.367498727256730939e-01 6.708087403211734356e-01 9.275792720057223217e-01 1.011065388582693014e+00 1.046685950149939259e+00 1.140791882053009410e+00 1.226195605494768914e+00 1.259292588589278505e+00 1.366800179541649118e+00 1.410696928239328019e+00 1.587919820247551295e+00 1.715012823631022476e+00 1.741381516832605447e+00 1.778416959681947684e+00 1.830464491058316767e+00 1.923566594340870406e+00 1.965781429102307465e+00 2.015340997585503668e+00 2.022457311736778340e+00 2.066787358111929596e+00 2.351508443963190143e+00 2.454803773101913666e+00 2.484189398654669922e+00 2.631851090342480326e+00 3.353489887716818441e+00 3.406983123788581480e+00 3.580755359106600366e+00 3.628254300353311645e+00
3.475041522080823952e-01 4.878339025403964357e-01 5.706737574841966865e-01 6.223692219528867975e-01 9.602519119026540206e-01 1.028694160598987661e+00 1.045772712411995098e+00 1.157646510312278609e+00 1.240469893041841631e+00 1.250572828949124027e+00 1.385723020240441139e+00 1.418927045776142482e+00 1.565910237875843602e+00 1.709709774471216859e+00 1.736322977060450690e+00 1.767350891513730371e+00 1.808965910209304306e+00 1.908233070864840286e+00 1.967670686242261269e+00 2.009369613062336857e+00 2.033465367907115962e+00 2.071037740152556150e+00 2.353420362274949440e+00 2.455910807269735319e+00 2.481407363498616458e+00 2.645053266322860086e+00 3.343928208318004636e+00 3.392433913206369667e+00 3.589941360402367554e+00 3.629277423067032160e+00
3.331985639301376367e-01 4.450654210926043297e-01 5.710439407280457624e-01 6.136528407693273568e-01 9.832454955081811887e-01 1.043968349892768099e+00 1.059382116388216222e+00 1.170069307447322737e+00 1.229290320880065401e+00 1.270756877130163609e+00 1.402944521944321732e+00 1.425682282728732764e+00 1.542442530002728462e+00 1.704069899057322646e+00 1.730917942329382564e+00 1.756820900016589082e+00 1.785802421891634184e+00 1.889602139675107928e+00 1.969577824646924213e+00 2.002607970249570268e+00 2.045895930860924583e+00 2.074773780278170054e+00 2.355677529509029089e+00 2.457423351980069892e+00 2.478086880768754607e+00 2.658524015795937778e+00 3.335854968249228225e+00 3.377841043151457168e+00 3.597487973129437577e+00 3.630441699152052948e+00
3.184653337247023153e-01 4.056881616036920324e-01 5.223288834202890474e-01 6.554453612493977843e-01 9.975379766044598639e-01 1.042185523071736952e+00 1.099333864515927406e+00 1.168596442052862949e+00 1.229235507489174983e+00 1.292233177271144617e+00 1.417949422145370564e+00 1.430733133386819178e+00 1.517510800364242574e+00 1.697925400108537985e+00 1.724922286342851274e+00 1.747229855979194779e+00 1.762942046354158299e+00 1.869173614737186240e+00 1.971497576278335995e+00 1.996385847132107871e+00 2.057435305565587402e+00 2.078002871437187427e+00 2.358108728712223545e+00 2.459090423355950517e+00 2.474574281800401288e+00 2.671557082068574562e+00 3.329266692303608721e+00 3.363887743072425884e+00 3.603508757567414733e+00 3.631691023055220846e+00
3.026056217020193229e-01 3.729775392306072801e-01 4.756190622191275863e-01 6.965940806468483570e-01 1.007295105029762716e+00 1.039532647835494927e+00 1.142831277252778444e+00 1.154105386203191141e+00 1.241782172223660607e+00 1.312810082734730432e+00 1.429989098216228438e+00 1.433684183867043327e+00 1.491690128421887307e+00 1.691225497411007250e+00 1.716779247090048255e+00 1.738957585321948995e+00 1.743663577264756182e+00 1.848910704544963313e+00 1.973359444157811948e+00 1.990695844937497405e+00 2.067398816750945834e+00 2.080720161780958755e+00 2.360507688215500721e+00 2.460700450668174888e+00 2.471206893073745192e+00 2.683420163240019196e+00 3.324181438744132411e+00 3.351224462379395419e+00 3.608129643838385636e+00 3.632941805167986260e+00
2.852834776076350609e-01 3.503321816048880488e-01 4.330296792676179840e-01 7.346405176318563379e-01 1.014461477455969041e+00 1.035802999498010912e+00 1.134183241187827873e+00 1.188634716046359285e+00 1.257604872652104300e+00 1.331368735225153976e+00 1.430032146329079046e+00 1.440250545558098505e+00 1.468103567597275783e+00 1.684295338479821602e+00 1.703986061936850538e+00 1.731455740747861904e+00 1.733077536228861293e+00 1.830842936302318424e+00 1.975039012696687468e+00 1.985646818918646250e+00 2.075401668579035075e+00 2.082902405707669047e+00 2.362658982693378817e+00 2.462090550617402673e+00 2.468282387287924262e+00 2.693425972354829501e+00 3.320667046439695014e+00 3.340367123020019147e+00 3.611495045747400212e+00 3.634086063288505919e+00
2.686397577647946511e-01 3.390709082882111258e-01 3.964239314707990736e-01 7.667313593223997747e-01 1.019586530037604799e+00 1.030926798987306769e+00 1.117509280590861520e+00 1.231304421616953304e+00 1.271757301425708864e+00 1.346513559565588158e+00 1.414013939630790251e+00 1.446590035795280116e+00 1.455402925665417069e+00 1.678035184414629954e+00 1.689676152866016690e+00 1.726388809679015424e+00 1.728313733418734843e+00 1.816726054965456694e+00 1.976386087971981009e+00 1.981559622996701409e+00 2.081224784934919025e+00 2.084510105064309116e+00 2.364362491600841665e+00 2.463142062513266506e+00 2.466041219131654749e+00 2.700997083274092603e+00 3.318847834298407573e+00 3.331637730020111210e+00 3.613757851587688474e+00 3.635007227901760007e+00
2.567343738622269722e-01 3.384717756146695677e-01 3.676122597317817986e-01 7.889866654946294799e-01 1.022725157098203663e+00 1.026011174547333038e+00 1.106359838734386480e+00 1.267757135331336382e+00 1.281501443273800112e+00 1.356621754607204799e+00 1.389312483992179770e+00 1.450164326380586566e+00 1.452253352825013444e+00 1.673816572664059033e+00 1.679001445781109991e+00 1.724062510656487968e+00 1.725584904756781945e+00 1.807805819949718895e+00 1.977256755004300981e+00 1.978866263270311565e+00 2.084752398179873012e+00 2.085498895016988374e+00 2.365455683116123975e+00 2.463746614120445155e+00 2.464684885288556782e+00 2.705709106428328958e+00 3.318884550601693739e+00 3.325168452303567168e+00 3.615053808100202826e+00 3.635604180261317708e+00
2.524672976015194248e-01 3.480272199089733398e-01 3.480690063536870937e-01 7.971045446976307014e-01 1.023741846840825254e+00 1.023838162007056907e+00 1.102510875691370851e+00 1.284696197944952489e+00 1.285338188326260012e+00 1.360239215039120708e+00 1.375423657852716808e+00 1.451458657419147480e+00 1.451538274556831043e+00 1.672727546069828319e+00 1.674697543232165575e+00 1.723379593537016863e+00 1.724678547235268589e+00 1.804763648762871542e+00 1.977535969500487933e+00 1.977944408454971104e+00 2.085826922946563133e+00 2.085939063468132737e+00 2.365832389706826966e+00 2.463816649809290826e+00 2.464357921432965615e+00 2.707307779784725810e+00 3.320818973251147277e+00 3.321073918339351394e+00 3.615475018980419009e+00 3.635810712885811480e+00
3.333545787690608830e-01 4.696227205795436288e-01 8.155947684174248424e-01 8.208722190485014947e-01 8.439369495239382735e-01 8.822787201543095259e-01 9.719098693934110633e-01 1.053025624172728492e+00 1.236557808990107699e+00 1.271600630458432413e+00 1.343526669493966486e+00 1.423113242118904775e+00 1.583284641440912299e+00 1.713347769421515787e+00 1.787164969143220539e+00 1.821749428988566732e+00 1.868828696135483192e+00 1.952609580958642566e+00 1.956511676739705941e+00 1.967232523483507522e+00 2.051542800327602833e+00 2.058566969327002116e+00 2.344123991877754332e+00 2.442909135580924929e+00 2.494839228312642376e+00 2.604946969121748612e+00 3.341581726955081599e+00 3.509776719535184775e+00 3.536400872374896753e+00 3.625762591521186629e+00
3.379849836655778872e-01 4.680855958081946988e-01 8.129795949309931435e-01 8.197672629927651444e-01 8.432624444077145842e-01 8.832133068948565535e-01 9.759813725843076160e-01 1.041713421960781760e+00 1.237146779434913357e+00 1.278431580794264333e+00 1.343835083644171702e+00 1.423311482775210246e+00 1.583035133251255111e+00 1.713055725959467646e+00 1.781391619384109726e+00 1.826867177674328824e+00 1.868666496738442317e+00 1.948108637301123602e+00 1.956004281359825958e+00 1.971773645921182316e+00 2.050189310453576219e+00 2.060952649395826786e+00 2.343979000215107966e+00 2.441106021501520562e+00 2.492440284046362642e+00 2.605791617710654595e+00 3.343989270912400613e+00 3.489595553350953505e+00 3.539065239534083140e+00 3.640341516409083322e+00
3.513242221847461266e-01 4.635184627763043186e-01 8.045901977257006177e-01 8.174737771804861941e-01 8.421288635157417879e-01 8.859032879204804534e-01 9.789283560113282157e-01 1.020293621478746582e+00 1.238789718274927232e+00 1.294345024436184932e+00 1.344844115732401812e+00 1.424267219271673879e+00 1.582285464715349033e+00 1.711916391360275513e+00 1.769294230626880404e+00 1.836522841642416415e+00 1.868103356514998703e+00 1.939868946100891556e+00 1.954720126751451570e+00 1.980589255477607225e+00 2.045846626854333383e+00 2.068182641273610400e+00 2.343521813184048064e+00 2.435969930091570035e+00 2.485440792803814247e+00 2.608504407814816073e+00 3.350863912869285421e+00 3.444243856902267087e+00 3.547043010201617275e+00 3.668982738339912952e+00
3.718907920284964530e-01 4.560465723471486266e-01 7.913422316073983609e-01 8.147224415801540554e-01 8.410747461389750379e-01 8.898719351336139560e-01 9.487258962977036525e-01 1.026400933604403543e+00 1.241285120805199593e+00 1.311729330666915994e+00 1.346810707202407587e+00 1.426940006333065947e+00 1.581017236215267241e+00 1.709299325157793259e+00 1.755249036582552602e+00 1.844979860868346977e+00 1.867004736098062168e+00 1.930830219780208301e+00 1.953869696360519770e+00 1.991396338903238750e+00 2.038569841908886904e+00 2.079551595556902832e+00 2.342737874643847640e+00 2.428241156204433704e+00 2.474422213916171565e+00 2.613541621152482897e+00 3.360336818551937110e+00 3.388912994758674024e+00 3.559477761047443511e+00 3.698517650338480234e+00
3.976308477640968508e-01 4.458780195291173754e-01 7.738281388197237876e-01 8.117593901743794804e-01 8.393380706517856726e-01 8.909821682229278617e-01 9.054096827208129028e-01 1.048623829256965845e+00 1.244342170313104345e+00 1.325935340245507410e+00 1.350155624525679610e+00 1.432438919024076052e+00 1.579154043420634812e+00 1.704567087928214653e+00 1.740333262066614983e+00 1.849443222978725210e+00 1.865305492267654630e+00 1.921869972823049277e+00 1.954923326268523942e+00 2.004106105968082918e+00 2.028757420462153238e+00 2.093603776681507433e+00 2.341740976325700441e+00 2.418925892175677994e+00 2.460288300272257533e+00 2.621464531904451611e+00 3.322871989804032644e+00 3.377064225906821537e+00 3.575098120408554792e+00 3.725401037875023746e+00
4.250241227423705581e-01 4.344934239185728186e-01 7.489145741438553161e-01 8.088386849780186960e-01 8.342713904913466871e-01 8.558290195145964452e-01 9.029776972617766795e-01 1.074287801012659083e+00 1.247521405696821351e+00 1.335514596430867229e+00 1.355385669704183282e+00 1.441273575781334415e+00 1.576502383203277180e+00 1.697400128972936573e+00 1.724809883443211289e+00 1.849151895401591750e+00 1.862749329460895220e+00 1.913675697564934941e+00 1.958556623049683365e+00 2.016596533401565861e+00 2.019162263404805202e+00 2.108360407733058217e+00 2.340864679139322391e+00 2.409062063318252900e+00 2.444140046904754726e+00 2.632775611009577243e+00 3.257091654797987346e+00 3.391557324363128956e+00 3.592448191400932078e+00 3.748813207556945137e+00
4.166925558795376294e-01 4.571489278404478052e-01 7.108037512220641840e-01 8.060203695678553881e-01 8.150944210425113967e-01 8.387426513302483899e-01 9.084652624191708048e-01 1.100412257440112285e+00 1.250317932044202163e+00 1.341015257930793902e+00 1.362983374558729421e+00 1.452921787582313495e+00 1.572694366057965532e+00 1.687951455796288469e+00 1.709044962863734307e+00 1.845307191244063283e+00 1.859167845282325704e+00 1.906751976762293133e+00 1.963542757018283069e+00 2.005302684210530373e+00 2.034355168859768082e+00 2.121711579741858422e+00 2.340601746423732532e+00 2.399540665041705712e+00 2.427151953799014272e+00 2.647780873973573534e+00 3.189888140461891730e+00 3.406666797711307204e+00 3.610042133018865229e+00 3.768618419472290260e+00
3.985712258713274836e-01 4.857250899604117489e-01 6.621756632731518044e-01 7.967606855961700818e-01 8.049231032899210048e-01 8.327252582929920433e-01 9.138203561613688075e-01 1.125291392630964449e+00 1.252348077793584924e+00 1.343603922302716080e+00 1.373167929914337559e+00 1.466166365491894830e+00 1.567213712190824060e+00 1.676875703996584477e+00 1.693893370942731069e+00 1.839331955693922938e+00 1.855489970016897194e+00 1.901294490854130048e+00 1.966048334943369058e+00 1.996872287917025757e+00 2.050194424184556219e+00 2.132038034663942927e+00 2.341340150857867286e+00 2.391026163063080912e+00 2.410517999057994132e+00 2.666429015237926414e+00 3.124269708039969284e+00 3.420826750659194726e+00 3.626491525237316438e+00 3.784837122429093537e+00
3.777124125305710289e-01 5.112279917335893487e-01 6.139231593430352074e-01 7.869566298997655585e-01 8.035457552307979645e-01 8.269779282463001202e-01 9.184050619455561559e-01 1.147380138814154016e+00 1.253510914738248161e+00 1.344327974316917862e+00 1.385414380091572362e+00 1.479538913485108909e+00 1.559701835093467270e+00 1.665324845202889481e+00 1.680658065396123169e+00 1.832537513023904108e+00 1.852788168722049766e+00 1.897262802911127588e+00 1.961743751491664023e+00 1.995867772733368462e+00 2.064936778237848269e+00 2.138739745303026574e+00 2.343044412846505331e+00 2.383959805534933807e+00 2.395477765489232969e+00 2.688026388880378370e+00 3.063345273853794293e+00 3.432958332519221667e+00 3.640591298304513224e+00 3.797491852401340129e+00
3.558414671627034287e-01 5.314716455378653004e-01 5.752021860915985663e-01 7.812803960716170337e-01 8.032836460502962295e-01 8.213107397762846595e-01 9.218804051149254164e-01 1.165043972773718073e+00 1.253987506042471667e+00 1.344009108084287307e+00 1.398114109098595126e+00 1.491373131083431058e+00 1.550731360589415520e+00 1.654877343586445004e+00 1.670628038888176681e+00 1.826392677496335049e+00 1.851307181175859018e+00 1.894527828674084979e+00 1.953961504522082615e+00 1.999177098900898786e+00 2.077099348838386206e+00 2.142291557387425271e+00 2.345175687133738585e+00 2.378554948009967696e+00 2.383410647611617250e+00 2.710609862104875756e+00 3.011106066131864711e+00 3.442226274714184076e+00 3.651371344980180567e+00 3.806572028784720008e+00
3.378468783439140255e-01 5.438762561104415472e-01 5.517565856550886716e-01 7.782825992320525632e-01 8.038727221470333140e-01 8.166494543175554233e-01 9.240392610921293048e-01 1.176595713814572175e+00 1.254091569265249007e+00 1.343378979438557108e+00 1.408363698683060328e+00 1.499745926190931611e+00 1.542679494873984369e+00 1.647380604615569011e+00 1.664550016681729527e+00 1.822165599488378085e+00 1.850725524545317580e+00 1.892955917868651028e+00 1.947764323129107078e+00 2.002284521822991437e+00 2.085194969039490420e+00 2.143759325099617197e+00 2.346938585689791079e+00 2.374171590435708357e+00 2.376468339022936416e+00 2.729690760352367906e+00 2.973584937601931877e+00 3.448029255852349539e+00 3.658125081425079195e+00 3.812043509091806115e+00
3.306819723613621531e-01 5.418408263695573268e-01 5.502712232474594733e-01 7.773368133192544160e-01 8.044124708727516948e-01 8.146487642552439068e-01 9.247704504277175497e-01 1.180634767242051630e+00 1.254091877295855362e+00 1.343076803530648844e+00 1.412438378076202206e+00 1.502811249947978434e+00 1.539303691949936548e+00 1.644612690078053108e+00 1.662543649308225513e+00 1.820664865759144657e+00 1.850599682335071883e+00 1.892445180748087541e+00 1.945472364661204434e+00 2.003459668138864558e+00 2.088046731323459415e+00 2.144120381392714325e+00 2.347626108340605366e+00 2.371756806647777882e+00 2.374936671425526225e+00 2.737662872668347624e+00 2.959356082574215563e+00 3.450004080069127621e+00 3.660424136651295068e+00 3.813872015573291474e+00
5.364109124005506102e-01 5.398530739670491796e-01 5.399768951545613760e-01 6.856187945238398918e-01 7.703724795222367527e-01 7.708185783427862203e-01 1.064079926797890652e+00 1.137241445101261572e+00 1.137603735826508089e+00 1.411999952351743026e+00 1.452862330736216956e+00 1.453030200516387538e+00 1.584855225319350192e+00 1.585080007640431443e+00 1.708078228463754789e+00 1.817398832946842235e+00 1.817918287557831691e+00 1.931859454737236748e+00 1.932131936956184237e+00 2.048017300704099153e+00 2.048773807365744659e+00 2.120032959635825165e+00 2.374774805694516377e+00 2.374799487134215958e+00 2.376853812410601119e+00 2.699045901208358078e+00 2.957396363479520396e+00 3.569788594307458762e+00 3.570058204628166365e+00 3.814867015233281755e+00
5.512605212165817559e-01 5.576711766217846700e-01 5.582933473093892873e-01 6.919719680344018631e-01 7.520509689248511265e-01 7.526127200675214457e-01 1.059294121781335640e+00 1.141367990888626949e+00 1.141741003731766124e+00 1.413976620832508635e+00 1.424699674555760742e+00 1.424907558703578880e+00 1.614341632823315997e+00 1.614535612932218145e+00 1.708972851698831397e+00 1.811458883951828858e+00 1.811999570367913703e+00 1.937293222252728597e+00 1.937567165667333224e+00 2.053182083289552207e+00 2.053941584718238289e+00 2.102856162012410213e+00 2.371296102341653445e+00 2.371302187838525644e+00 2.386599008726326243e+00 2.691448805414968337e+00 2.973472556290786883e+00 3.565499887119134570e+00 3.565770153371197182e+00 3.811209269160349855e+00
5.702960616183592180e-01 5.714821684915768474e-01 5.873216912494578779e-01 6.983406522153360330e-01 7.359359302507376688e-01 7.366144470973379210e-01 1.055327135140198713e+00 1.142840472910493954e+00 1.143243605274703922e+00 1.398599854972188306e+00 1.398972617385709549e+00 1.411712340701087642e+00 1.642901773035132518e+00 1.643091570304827220e+00 1.709404133131535275e+00 1.807815450360858334e+00 1.808385227980615850e+00 1.944110201733351362e+00 1.944383985822917937e+00 2.055338372181322981e+00 2.056080713517576264e+00 2.087067307122394855e+00 2.371758448685011178e+00 2.371791737745502893e+00 2.392970153195817851e+00 2.675147226029740199e+00 3.010510738913264372e+00 3.557154758014209772e+00 3.557428067956334594e+00 3.803838610854594293e+00
5.757279929923766471e-01 5.772242283614379410e-01 6.391574385105786016e-01 7.041871393680297908e-01 7.243888911158138377e-01 7.250205063759267432e-01 1.052529856665742836e+00 1.141819700764588719e+00 1.142251588822079666e+00 1.375341274741800568e+00 1.375884791113203054e+00 1.405347452218664861e+00 1.670113019861014125e+00 1.670293761957694301e+00 1.709301502033617748e+00 1.806033644920226111e+00 1.806636750856905671e+00 1.951366301035268203e+00 1.951637491356021492e+00 2.054739561372867840e+00 2.055439769446513409e+00 2.072392622713160382e+00 2.376488671627531524e+00 2.376572734506892992e+00 2.396314250371120558e+00 2.655871738273336558e+00 3.061774506187673328e+00 3.545286697761832695e+00 3.545566411460210787e+00 3.792846986784165431e+00
5.720915306348027807e-01 5.735222114624237699e-01 6.979108941317172521e-01 7.116587112464181075e-01 7.197136241442095850e-01 7.201183519434699587e-01 1.051188560745477840e+00 1.138539136527996432e+00 1.138979278468048584e+00 1.355565499189022916e+00 1.356209894574247343e+00 1.395264329538543624e+00 1.695794247489702089e+00 1.695944812288977754e+00 1.708649050871596575e+00 1.805210947331198135e+00 1.805827447385924156e+00 1.958109819335810853e+00 1.958371346020235659e+00 2.052035358566940637e+00 2.052665476027051739e+00 2.058529899564074395e+00 2.385368730544926041e+00 2.385512481831718379e+00 2.397024222818201267e+00 2.637336794595930289e+00 3.121936592911075614e+00 3.530686113267438309e+00 3.530973437149355743e+00 3.778317785773990689e+00
5.593476538863975112e-01 5.604603024365351072e-01 7.098923611693341851e-01 7.220599291886704574e-01 7.224946269372661822e-01 7.689767849897457541e-01 1.051481002601184711e+00 1.133249879727732390e+00 1.133691245881468967e+00 1.339783468216989348e+00 1.340409729391661031e+00 1.381776233363683604e+00 1.707475453844658597e+00 1.719970609913072268e+00 1.720078255168488335e+00 1.804129067626740079e+00 1.804708093663689894e+00 1.963504926817560836e+00 1.963744104850736472e+00 2.045505687127535221e+00 2.048161514005998551e+00 2.048681081500884904e+00 2.395459358072395961e+00 2.397783518901569266e+00 2.397986407350378713e+00 2.621290794819329584e+00 3.187109395139928747e+00 3.514380847463139279e+00 3.514672603806919593e+00 3.760306088357379117e+00
5.396079374383658811e-01 5.403634972092338229e-01 7.110018721076795112e-01 7.302136853940548455e-01 7.306836689339625268e-01 8.355686879719208537e-01 1.053433856010389746e+00 1.126236161004025238e+00 1.126688927531711792e+00 1.328312766658511279e+00 1.328811070977644837e+00 1.364901545979093633e+00 1.705897966003799615e+00 1.742740580706742648e+00 1.742821890170138222e+00 1.801534679961692254e+00 1.802013342929305040e+00 1.966989538862258247e+00 1.967195778918166660e+00 2.034169837964242333e+00 2.043913880228321212e+00 2.044312021739058238e+00 2.391887686739408991e+00 2.412654868066122393e+00 2.412913039630077972e+00 2.608335878340148017e+00 3.254158965106088708e+00 3.497599066171746873e+00 3.497890196868470358e+00 3.738844838116695435e+00
5.155300178005297607e-01 5.160689447961691600e-01 7.098934780764075692e-01 7.423700758013259682e-01 7.428088041565363842e-01 8.995814505481606327e-01 1.056899890943842513e+00 1.117853493998596903e+00 1.118321706283560646e+00 1.321210208011857956e+00 1.321591567052444072e+00 1.344412277225040420e+00 1.704052824931997279e+00 1.763983026387231812e+00 1.764061488022900415e+00 1.796716358429064631e+00 1.797028843594834280e+00 1.968353649234309888e+00 1.968532080382446869e+00 2.025866818645180700e+00 2.039828403470895779e+00 2.040090197321641874e+00 2.386456627280105991e+00 2.428564891371609136e+00 2.428866505709828871e+00 2.598472209888384565e+00 3.320298028602984619e+00 3.481707042096386484e+00 3.481996826318695337e+00 3.714019195909145754e+00
4.893348127894207589e-01 4.899593164621665053e-01 7.069810222331869287e-01 7.572055104012745952e-01 7.576525038960397751e-01 9.579831518396131340e-01 1.061570594343976159e+00 1.108531854650688597e+00 1.109011906286692994e+00 1.318288646366641670e+00 1.318739136319415195e+00 1.320384260434324553e+00 1.702128580810020164e+00 1.778972887864097796e+00 1.779498443599391022e+00 1.793741143559292484e+00 1.794006730355970136e+00 1.967638939963373579e+00 1.967804388218324707e+00 2.022307640831990216e+00 2.035911724118958155e+00 2.036050684784868281e+00 2.379261377181256076e+00 2.443908855346058839e+00 2.444240971355073455e+00 2.591405536155474199e+00 3.382773400231115168e+00 3.468112709179645758e+00 3.468408476119382300e+00 3.686219125270288277e+00
4.629992355657283065e-01 4.638632655975439834e-01 7.027098729279207534e-01 7.738678724124243846e-01 7.743988021886768491e-01 1.007220523644625887e+00 1.067026944619308582e+00 1.098758877532236777e+00 1.099251379404170281e+00 1.294254119021571503e+00 1.319410335323027095e+00 1.319976823909987607e+00 1.700323606510517394e+00 1.772002721349501542e+00 1.772548788448168766e+00 1.808931264495743818e+00 1.809201497068440245e+00 1.964951063605409498e+00 1.965104221565453502e+00 2.024912412570905040e+00 2.031839255584334314e+00 2.031908123006404665e+00 2.370424049142421996e+00 2.457109207310537613e+00 2.457459101267336798e+00 2.586734796939022196e+00 3.438102944873603573e+00 3.458128212581593086e+00 3.458441395783270256e+00 3.656959904274089013e+00
4.383772217817209493e-01 4.394263042718264400e-01 6.975708093862776904e-01 7.916836649862196706e-01 7.922933821970269408e-01 1.041280920160755796e+00 1.072789722810612467e+00 1.089074960233779699e+00 1.089591205636711413e+00 1.271008662780632514e+00 1.324271347133969101e+00 1.324885838455199361e+00 1.698811831012865925e+00 1.757611525464530366e+00 1.758097807821109138e+00 1.828035592816787958e+00 1.828267068564204179e+00 1.960415309475272538e+00 1.960561826983565403e+00 2.027148199878072710e+00 2.027218896678621540e+00 2.034414712340823606e+00 2.360144314634418983e+00 2.466843638083974000e+00 2.467199885928503367e+00 2.584083806950838724e+00 3.452793655048616461e+00 3.453117726012120414e+00 3.479285831249304906e+00 3.631779689149343238e+00
4.172373630723805182e-01 4.183224308181787143e-01 6.920385130914461502e-01 8.098272964525305984e-01 8.104659013664149425e-01 1.050992017087051256e+00 1.077912009957447959e+00 1.080099471721361448e+00 1.080880091372624863e+00 1.259812119507348616e+00 1.332567529291594388e+00 1.333140661089432077e+00 1.697717312925485666e+00 1.740505154688497758e+00 1.740952273078429480e+00 1.846563432736990640e+00 1.846792826657782660e+00 1.954401000759430351e+00 1.954571930005970293e+00 2.021415514183662943e+00 2.021524173812055292e+00 2.050660382782042213e+00 2.348686214853943355e+00 2.472247919738556288e+00 2.472600499127020512e+00 2.583200164298937729e+00 3.452702008231056663e+00 3.453033421455028673e+00 3.490305475930594703e+00 3.625774023748247199e+00
