-1.935059826144417960e-01
-1.729967445472475329e-01
-1.524875064800532420e-01
-1.319782684128589512e-01
-1.114690303456646742e-01
-9.095979227847039716e-02
-7.045055421127612016e-02
-4.994131614408183623e-02
-2.943207807688754882e-02
-8.922840009693263144e-03
1.158639805750102253e-02
3.209563612469530647e-02
5.260487419188956959e-02
7.311411225908387435e-02
9.362335032627813747e-02
1.141325883934724561e-01
1.346418264606667192e-01
1.551510645278609823e-01
1.756603025950552732e-01
1.961695406622495363e-01
2.166787787294438550e-01
2.371880167966381459e-01
2.576972548638324367e-01
2.782064929310266721e-01
2.987157309982209630e-01
3.192249690654152539e-01
3.397342071326096002e-01
3.602434451998037801e-01
3.807526832669981265e-01
4.012619213341924174e-01
4.217711594013867082e-01
4.422803974685809436e-01
4.627896355357752345e-01
4.832988736029695809e-01
5.038081116701638162e-01
5.243173497373581071e-01
5.448265878045523980e-01
5.653358258717466889e-01
5.858450639389408687e-01
6.063543020061352706e-01
6.268635400733295615e-01
6.473727781405237414e-01
6.678820162077180322e-01
6.883912542749123231e-01
7.089004923421067250e-01
7.294097304093009049e-01
7.499189684764951958e-01
7.704282065436893756e-01
7.909374446108836665e-01
8.114466826780780684e-01
8.319559207452723593e-01
8.524651588124666501e-01
8.729743968796609410e-01
8.934836349468552319e-01
9.139928730140494118e-01
9.345021110812437026e-01
9.550113491484378825e-01
9.755205872156321734e-01
9.960298252828264642e-01
1.016539063350020866e+00
1.037048301417215157e+00
1.057557539484409226e+00
1.078066777551603517e+00
1.098576015618797808e+00
1.119085253685992098e+00
1.139594491753186389e+00
1.160103729820380902e+00
1.180612967887575193e+00
1.201122205954769262e+00
1.221631444021963553e+00
1.242140682089157844e+00
1.262649920156352135e+00
1.283159158223546426e+00
1.303668396290740716e+00
1.324177634357935007e+00
1.344686872425129298e+00
1.365196110492323589e+00
1.385705348559517880e+00
1.406214586626712171e+00
1.426723824693906462e+00
1.447233062761100753e+00
1.467742300828295043e+00
1.488251538895489112e+00
1.508760776962683403e+00
1.529270015029877694e+00
1.549779253097071985e+00
1.570288491164266498e+00
1.590797729231460789e+00
1.611306967298655080e+00
1.631816205365849148e+00
1.652325443433043439e+00
1.672834681500237730e+00
1.693343919567432021e+00
1.713853157634626090e+00
1.734362395701820381e+00
1.754871633769014894e+00
1.775380871836209185e+00
1.795890109903403475e+00
1.816399347970597766e+00
1.836908586037792057e+00
1.857417824104986348e+00
1.877927062172180639e+00
1.898436300239374930e+00
1.918945538306569221e+00
1.939454776373763512e+00
1.959964014440957802e+00
1.980473252508152315e+00
2.000982490575346162e+00
2.021491728642540231e+00
2.042000966709734744e+00
2.062510204776929257e+00
2.083019442844123326e+00
2.103528680911317839e+00
2.124037918978511907e+00
2.144547157045706420e+00
2.165056395112900489e+00
2.185565633180095002e+00
2.206074871247289071e+00
2.226584109314483584e+00
2.247093347381677653e+00
2.267602585448872166e+00
2.288111823516066234e+00
2.308621061583260303e+00
2.329130299650454816e+00
2.349639537717648885e+00
2.370148775784843398e+00
2.390658013852037467e+00
2.411167251919231980e+00
2.431676489986426049e+00
2.452185728053620561e+00
2.472694966120815074e+00
2.493204204188009143e+00
2.513713442255203656e+00
2.534222680322397725e+00
2.554731918389592238e+00
2.575241156456786307e+00
2.595750394523980376e+00
2.616259632591174444e+00
2.636768870658368957e+00
2.657278108725563470e+00
2.677787346792757539e+00
2.698296584859952052e+00
2.718805822927146121e+00
2.739315060994340634e+00
2.759824299061534703e+00
2.780333537128729215e+00
2.800842775195923284e+00
2.821352013263117797e+00
2.841861251330311866e+00
2.862370489397506379e+00
2.882879727464700448e+00
2.903388965531894517e+00
2.923898203599089030e+00
2.944407441666283098e+00
2.964916679733477611e+00
2.985425917800671680e+00
3.005935155867866193e+00
3.026444393935060262e+00
3.046953632002254775e+00
3.067462870069448844e+00
3.087972108136643357e+00
3.108481346203837870e+00
3.128990584271031938e+00
3.149499822338226451e+00
3.170009060405420076e+00
3.190518298472614589e+00
3.211027536539808658e+00
3.231536774607003171e+00
3.252046012674197240e+00
3.272555250741391752e+00
3.293064488808586265e+00
3.313573726875780334e+00
3.334082964942974847e+00
3.354592203010168916e+00
3.375101441077363429e+00
3.395610679144557498e+00
3.416119917211752011e+00
3.436629155278946079e+00
3.457138393346140148e+00
3.477647631413334661e+00
3.498156869480528730e+00
3.518666107547723243e+00
3.539175345614917312e+00
3.559684583682111825e+00
3.580193821749305894e+00
3.600703059816499962e+00
3.621212297883694031e+00
3.641721535950888544e+00
3.662230774018083057e+00
3.682740012085277126e+00
3.703249250152471639e+00
3.723758488219665708e+00
3.744267726286860221e+00
3.764776964354054289e+00
3.785286202421248802e+00
3.805795440488442871e+00
3.826304678555637384e+00
3.846813916622831453e+00
3.867323154690025966e+00
3.887832392757220479e+00
