0.000000000000000000e+00
3.546487617810473864e-02
7.092975235620947727e-02
1.063946285343142228e-01
1.418595047124189545e-01
1.773243808905236862e-01
2.127892570686284457e-01
2.482541332467331774e-01
2.837190094248379091e-01
3.191838856029426408e-01
3.546487617810473725e-01
3.901136379591521042e-01
4.276523402741955193e-01
4.651910425892389345e-01
5.027297449042823496e-01
5.402684472193257648e-01
5.778071495343691799e-01
6.153458518494125951e-01
6.499969616786834825e-01
6.846480715079543700e-01
7.192991813372251464e-01
7.539502911664960338e-01
7.886014009957669213e-01
8.232525108250378088e-01
8.579036206543086962e-01
8.925547304835794726e-01
9.272058403128504711e-01
9.618569501421212475e-01
9.965080599713921350e-01
1.031159169800663022e+00
1.065810279629933799e+00
1.098162032700223723e+00
1.130513785770513868e+00
1.162865538840803792e+00
1.195217291911093715e+00
1.227569044981383639e+00
1.259920798051673785e+00
1.292272551121963708e+00
1.324624304192253632e+00
1.356976057262543556e+00
1.389327810332833701e+00
1.421679563403123625e+00
1.454189033233052930e+00
1.486698503062982235e+00
1.519207972892911762e+00
1.551717442722841067e+00
1.584226912552770372e+00
1.616736382382699677e+00
1.649245852212628982e+00
1.681755322042558287e+00
1.714264791872487592e+00
1.746774261702416897e+00
1.779283731532346424e+00
1.811793201362275729e+00
1.843969231918027196e+00
1.876145262473778663e+00
1.908321293029530352e+00
1.940497323585281819e+00
1.972673354141033286e+00
2.004849384696784753e+00
2.037025415252536220e+00
2.067056377104571130e+00
2.097087338956605596e+00
2.127118300808640505e+00
2.157149262660675415e+00
2.187180224512709881e+00
2.217211186364744790e+00
2.247242148216779256e+00
2.277273110068814166e+00
2.307304071920849076e+00
2.337335033772883541e+00
2.367365995624918451e+00
2.397396957476953361e+00
2.427427919328987826e+00
2.457458881181022736e+00
2.487489843033057646e+00
2.487489843033057646e+00
2.519841596103347570e+00
2.552193349173637493e+00
2.584545102243927417e+00
2.616896855314217785e+00
2.649248608384507708e+00
2.681600361454797632e+00
2.713952114525087556e+00
2.746303867595377479e+00
2.778655620665667403e+00
2.811007373735957326e+00
2.843359126806247694e+00
2.843359126806247694e+00
2.875710879876537618e+00
2.908062632946827542e+00
2.940414386017117465e+00
2.972766139087407833e+00
3.005117892157697757e+00
3.037469645227987680e+00
3.069821398298277604e+00
3.102173151368567527e+00
3.134524904438857451e+00
3.166876657509147375e+00
3.199228410579437742e+00
