-2.941681766222205312e-05 -8.661986108326350187e-06 2.780906811246179483e-08 5.432126666673253723e-02 9.998676147727175723e-01 1.240150057833106834e+00 1.240303506167093506e+00 1.338421559752140277e+00 1.338656349664888889e+00 1.340664383877993471e+00 1.340808980312506726e+00 1.342638536202970911e+00 1.403132431352086096e+00 1.556506518004112660e+00 1.556755723965572047e+00 1.827057744021701069e+00 1.827814845991847070e+00 1.988137262828590490e+00 1.988290015444375003e+00 2.032290467677203338e+00 2.033077683353026632e+00 2.172600938828626038e+00 2.225919314997156562e+00 2.361649601061880155e+00 2.361649696685605981e+00 2.942956749595952992e+00 2.978876776646473878e+00 3.431052906142483927e+00 3.431273889801873533e+00 3.805638098701904060e+00
-8.409226144972080375e-02 5.219758975479279334e-02 8.244603443654303920e-02 1.361293186782297771e-01 9.934361351959488662e-01 1.225510854365929658e+00 1.238648059426554093e+00 1.327558664788167420e+00 1.332602082916601871e+00 1.335973805188428454e+00 1.342582168993756264e+00 1.352789268517934795e+00 1.415757276649729279e+00 1.559690504917282006e+00 1.564515016311395890e+00 1.826330525857724041e+00 1.829939024594537278e+00 1.987737465244705959e+00 1.988446813479670450e+00 2.030988747844340470e+00 2.032136080673862200e+00 2.172318250203035372e+00 2.228114689032477891e+00 2.361747745902933016e+00 2.362429569458717626e+00 2.937066336619952089e+00 2.978486533880494669e+00 3.430000087505830297e+00 3.438545586939699472e+00 3.805821872920672089e+00
-5.992230861008070869e-02 1.053946433831773888e-01 1.412406874108255439e-01 2.190065044481664946e-01 9.752838245087964708e-01 1.188950544155960243e+00 1.229839301130224660e+00 1.310110907959339599e+00 1.322338962224384629e+00 1.332681414829533839e+00 1.345946826278370034e+00 1.364649932534162780e+00 1.440040758077390848e+00 1.570305960891316133e+00 1.582696553590281274e+00 1.826054794164675421e+00 1.833778163150050267e+00 1.986343147780643470e+00 1.988008494826660089e+00 2.027411075788610351e+00 2.030412387711203248e+00 2.171487970201786855e+00 2.234584172287581438e+00 2.362196203061468935e+00 2.364368157336685705e+00 2.920288872592162299e+00 2.977352047835817306e+00 3.431470428246493398e+00 3.454880840787014407e+00 3.806358098783376942e+00
9.436241453924830436e-02 1.603761571480317449e-01 2.033783885934561386e-01 3.015522880735667099e-01 9.480117480411099917e-01 1.142545501399080399e+00 1.206161721029511025e+00 1.295040544570333019e+00 1.310526939614953923e+00 1.332786079579102445e+00 1.351003328522401237e+00 1.379383943790274403e+00 1.462994658905269807e+00 1.586648006254914645e+00 1.604853039519021918e+00 1.826141834310484713e+00 1.837779864421642539e+00 1.983212201516964646e+00 1.984897945127866770e+00 2.022577697019927179e+00 2.030706039156620069e+00 2.170043895815847890e+00 2.245013353577749893e+00 2.362961730788654346e+00 2.366891517582715210e+00 2.895056995991765358e+00 2.975575455485907739e+00 3.434149254796734052e+00 3.479307362462269460e+00 3.807204023925875980e+00
1.612808326662615310e-01 2.156507199283360654e-01 2.688015376913434618e-01 3.878498768877713943e-01 9.143657015308953584e-01 1.093353713995775633e+00 1.168252370154486464e+00 1.284168218759756508e+00 1.296732169805012713e+00 1.335150771850258877e+00 1.357722383884791828e+00 1.398395213197890508e+00 1.481258513844150304e+00 1.605779177022867987e+00 1.625896188338653792e+00 1.826105653818004715e+00 1.840547204419464178e+00 1.974198414062292795e+00 1.981561894584662697e+00 2.017192025926738630e+00 2.035487419447099988e+00 2.167788530693733673e+00 2.258835404908313471e+00 2.364038861995584551e+00 2.369339536788483080e+00 2.864772302742589982e+00 2.973311593578806367e+00 3.437426547078930028e+00 3.509300077733218171e+00 3.808295415853441224e+00
2.103740903269701312e-01 2.678539663177476604e-01 3.370136194758956982e-01 4.776136532290302106e-01 8.766769619844091421e-01 1.045165405211419207e+00 1.121753256413080324e+00 1.275214549757956117e+00 1.280935122195990150e+00 1.337761820832487736e+00 1.365753750401614397e+00 1.421390756977748637e+00 1.495082116114325954e+00 1.624213862197529945e+00 1.642753131540072742e+00 1.824228282231286968e+00 1.842895128354673506e+00 1.960582667709033888e+00 1.977745225070159929e+00 2.012052690750042228e+00 2.044130026999472438e+00 2.164585785486031977e+00 2.275108670165510549e+00 2.365390583454333395e+00 2.371290566142481904e+00 2.833171343548270826e+00 2.970751545846272101e+00 3.440857053840574498e+00 3.541898604151336283e+00 3.809553438292506478e+00
2.487548069405957629e-01 3.174070880332031108e-01 4.044302230646265595e-01 5.674759295467026732e-01 8.369785643631706407e-01 1.000539968822720116e+00 1.070288042034690079e+00 1.261316972152031646e+00 1.269206492201328640e+00 1.339843590871864443e+00 1.374675395892805296e+00 1.446712063507834767e+00 1.505021755595381983e+00 1.639438588110679884e+00 1.653710816394841299e+00 1.818555217896615117e+00 1.847837706393781199e+00 1.943946618589139197e+00 1.973047337169188120e+00 2.007938309227957241e+00 2.054775443711765792e+00 2.160529439772887361e+00 2.292552155096128086e+00 2.366936324314090179e+00 2.372655013388048850e+00 2.803697592624308843e+00 2.968104333566281117e+00 3.444092125176498875e+00 3.574212594233669105e+00 3.810890055117279740e+00
2.782839472432389605e-01 3.659028989467615345e-01 4.679223324951586882e-01 6.521713162347767545e-01 7.975856064542156121e-01 9.619213647717094195e-01 1.015679326953302875e+00 1.241379874443293119e+00 1.263034858495571955e+00 1.341350784815728003e+00 1.384098959211606417e+00 1.472414431438938021e+00 1.510906643084356737e+00 1.650440659818998235e+00 1.658218371129135393e+00 1.811000201032746393e+00 1.856236367707669421e+00 1.924904530482922427e+00 1.967324870527046299e+00 2.005285390222838249e+00 2.065630291304637822e+00 2.155967401279242690e+00 2.309711547382927055e+00 2.368542528081730492e+00 2.373570863304890199e+00 2.778921563604770828e+00 2.965579896536068016e+00 3.446884963096167986e+00 3.603714510749790101e+00 3.812210995973263739e+00
2.998693494678196791e-01 4.137825520700053605e-01 5.237228941070019017e-01 7.248491650410112674e-01 7.627256623826108584e-01 9.325734522255416659e-01 9.591507753348945675e-01 1.220475335859031230e+00 1.258440589928785380e+00 1.342388776390128324e+00 1.393645589723855549e+00 1.496614756206157359e+00 1.512237052766020939e+00 1.656951061561655836e+00 1.657375332101338250e+00 1.805910670121978923e+00 1.866726202396622458e+00 1.904122698844842310e+00 1.960685721771645795e+00 2.004069466463683558e+00 2.075203548028560885e+00 2.151435523758532309e+00 2.325124661090895550e+00 2.370012560242829469e+00 2.374221942785127215e+00 2.760177653469544357e+00 2.963374956098073998e+00 3.449090730019712225e+00 3.628407272134408945e+00 3.813415874372409142e+00
3.143274946551213311e-01 4.605541517828249387e-01 5.626051134218686967e-01 7.411055119550411519e-01 7.779071017631158380e-01 9.019428043192381228e-01 9.174889918529879340e-01 1.200719137883026644e+00 1.255249994061538032e+00 1.343048321545973645e+00 1.402722836144058016e+00 1.509125782267334515e+00 1.517552207264440067e+00 1.652067655797383905e+00 1.660806345301089726e+00 1.806766718373578273e+00 1.875092447078678726e+00 1.884999252500638933e+00 1.953718634016977207e+00 2.003876523596121562e+00 2.082480516135524873e+00 2.147555412255508500e+00 2.337442654710616630e+00 2.371110658229073742e+00 2.374715335024012219e+00 2.747600253935199355e+00 2.961661211430710594e+00 3.450652495658970143e+00 3.646878083478659605e+00 3.814397231713746894e+00
3.225003253989301433e-01 5.048218770120227461e-01 5.688214594551611603e-01 7.503048862055108348e-01 8.030215566633944757e-01 8.466391526400663947e-01 9.183052781852147906e-01 1.185537216094429747e+00 1.253391752343365972e+00 1.343402207988008135e+00 1.409935346453278893e+00 1.504482665096815053e+00 1.532179792421910713e+00 1.646538287415461488e+00 1.662046144393371616e+00 1.813868919223135423e+00 1.860676168489892701e+00 1.888124497898537202e+00 1.947796305898929603e+00 2.004111102348381745e+00 2.086951466186428128e+00 2.144923728987965905e+00 2.345493019397339562e+00 2.371687729546890555e+00 2.375053371592872331e+00 2.740564366114706996e+00 2.960574140266199805e+00 3.451572618499215928e+00 3.658253430805039841e+00 3.815046137147346972e+00
3.251226364017685277e-01 5.395447736410472483e-01 5.482876174951654136e-01 7.772287579421219839e-01 8.035378309217141579e-01 8.121018372132570162e-01 9.222007087587194007e-01 1.179613624019081097e+00 1.252784995577272964e+00 1.343511464161100122e+00 1.412842456956747705e+00 1.502134490523584720e+00 1.537648416114121286e+00 1.644062726733213520e+00 1.662279929561777836e+00 1.820191611800002329e+00 1.850249625825347577e+00 1.891430318257784737e+00 1.945296823047664159e+00 2.004257416190022845e+00 2.088450536407006730e+00 2.143989529115370107e+00 2.348320369639478766e+00 2.371835596005718028e+00 2.375177127102053642e+00 2.738325360851779244e+00 2.960201588408323037e+00 3.451875159703791329e+00 3.662088981608435656e+00 3.815274135845474479e+00
3.307348875833251989e-01 5.399412424978037306e-01 5.512322337381284632e-01 7.753289746355936929e-01 7.893553155693849854e-01 8.100513988454226544e-01 9.366593223246560962e-01 1.178401600162021445e+00 1.240870921373052216e+00 1.346164109476775339e+00 1.420310313096432742e+00 1.499564556138914817e+00 1.536393063334429154e+00 1.642192111539242161e+00 1.665782475748285751e+00 1.821942241423165632e+00 1.850694233347942808e+00 1.891941296605574196e+00 1.944477387246081879e+00 2.006211170205130401e+00 2.086296076594385873e+00 2.143177734188614458e+00 2.349984274264199424e+00 2.372961922609293062e+00 2.375096000308063449e+00 2.734706705207133659e+00 2.960020884509332983e+00 3.457667087636043579e+00 3.658534764541236939e+00 3.815407851257738514e+00
3.485957508737033694e-01 5.432179373517345145e-01 5.565768722265688195e-01 7.575177614126381576e-01 7.706549398254024519e-01 8.070364704585716309e-01 9.670821854908973059e-01 1.174847421001337544e+00 1.212031113505288138e+00 1.354055918263496361e+00 1.436240493498994075e+00 1.492385064723469990e+00 1.534717725434705748e+00 1.636550594828498850e+00 1.674813434315606919e+00 1.825382550059688747e+00 1.850634301471170362e+00 1.894568812327583007e+00 1.942669252604643626e+00 2.011622078809479852e+00 2.080557968470937880e+00 2.140473943787544187e+00 2.354634487066870285e+00 2.374877629874752483e+00 2.375694039187466355e+00 2.725193292000282153e+00 2.959543914071928405e+00 3.473800835654758501e+00 3.648397768562289034e+00 3.815715957400699132e+00
3.808136490712897282e-01 5.494732612227430923e-01 5.606608024539119217e-01 7.249227019369141045e-01 7.630881659587067656e-01 8.031240997150501659e-01 1.000684072930006163e+00 1.168681043637532557e+00 1.177801509720528106e+00 1.366984632804105981e+00 1.450330291440439234e+00 1.481775118671440516e+00 1.537464062991719116e+00 1.627325378088126051e+00 1.686089915484691337e+00 1.827240298321417100e+00 1.846652177677680084e+00 1.901121421716164717e+00 1.941354510698464209e+00 2.019476776217314917e+00 2.072862816328028490e+00 2.135576564375278430e+00 2.361121747923338621e+00 2.374727078985024775e+00 2.378544257529414008e+00 2.713265931242143214e+00 2.958941254659541720e+00 3.497049552844192277e+00 3.633038633327465572e+00 3.816015572517997612e+00
4.272172000586988427e-01 5.544083365350350734e-01 5.617460933284431635e-01 6.987036954290183344e-01 7.563944772550276197e-01 7.969068985636327263e-01 1.032000679659756948e+00 1.145383186513581064e+00 1.161881605113260996e+00 1.384061053389059825e+00 1.456592850634368164e+00 1.468954530862777164e+00 1.548445381850835245e+00 1.615096116501105072e+00 1.696596737108588160e+00 1.825865914178528282e+00 1.837123957979600153e+00 1.911095914251560446e+00 1.940795815009823233e+00 2.028838834182320028e+00 2.064709635633311002e+00 2.129071214840838611e+00 2.367653305972502675e+00 2.374728495784641513e+00 2.380312220697051728e+00 2.703143176670231629e+00 2.958422415264394090e+00 3.523381344384934888e+00 3.614162599996376013e+00 3.816191655736826505e+00
4.822400940761602528e-01 5.511165951360886828e-01 5.560814236208417860e-01 6.848601820045316924e-01 7.567123076841948404e-01 7.855237850845444569e-01 1.054642288770380354e+00 1.128695591222448780e+00 1.151037472982910037e+00 1.402483768527865493e+00 1.454176475727560591e+00 1.457905176806523428e+00 1.565829382961107852e+00 1.600621710734827952e+00 1.704253263604902813e+00 1.821516409124805058e+00 1.825161549141198325e+00 1.922076356415618914e+00 1.938636046721508910e+00 2.038959756617329422e+00 2.056739406066706355e+00 2.122908333047545337e+00 2.372605590001322096e+00 2.374896656144679596e+00 2.380074520728621135e+00 2.698157827278231835e+00 2.958160023722061993e+00 3.549135474334540685e+00 3.593342167374606877e+00 3.816239668056837342e+00
5.360695151723032792e-01 5.373625917266214858e-01 5.377130004861848667e-01 6.836031278689740365e-01 7.689262313148443884e-01 7.692828209461004541e-01 1.062080136532401076e+00 1.136665682867414429e+00 1.136937512368489278e+00 1.412398774578444760e+00 1.452416429385981367e+00 1.452587821994135497e+00 1.584319752844982832e+00 1.584475343905350719e+00 1.707078796837458334e+00 1.816308638536038744e+00 1.816690641493190261e+00 1.931956314366488181e+00 1.932101542992711751e+00 2.048504542647784366e+00 2.049083881315203026e+00 2.119809777109138871e+00 2.374981152769330972e+00 2.375012684854189704e+00 2.377361239988726282e+00 2.699685445494440117e+00 2.958250975845083452e+00 3.571585065967767036e+00 3.571810722499725088e+00 3.816197011864338240e+00
5.045931072641032245e-01 5.138476168195889038e-01 5.816162897753563987e-01 6.784118980846958191e-01 7.591006472107815206e-01 7.860168179610413919e-01 1.062978137305718107e+00 1.120129191910547162e+00 1.156308300398503963e+00 1.405443358849196356e+00 1.445081765399325757e+00 1.467724146152914688e+00 1.567661794724147795e+00 1.597989591701590495e+00 1.705169769314359485e+00 1.814205807723518138e+00 1.822586781783232635e+00 1.922365950564140835e+00 1.940291560496049117e+00 2.040930230617699515e+00 2.055713315357438287e+00 2.121268717989203800e+00 2.371854367700474420e+00 2.374923503500528721e+00 2.378484534795191063e+00 2.701807372614427383e+00 2.958419347715830483e+00 3.551939119750285645e+00 3.588979608220810302e+00 3.816149691188247317e+00
4.642895169300542135e-01 4.835375285634041509e-01 6.239494448715811048e-01 6.538496381098268806e-01 7.689941601721761444e-01 7.980462850050628054e-01 1.069996106116771539e+00 1.104472625217026494e+00 1.178313761019453842e+00 1.393236628877154715e+00 1.436675250430938355e+00 1.491753049787002849e+00 1.549048178863689618e+00 1.604897610019820009e+00 1.701872132441287766e+00 1.812106827898764649e+00 1.835184438384053873e+00 1.910428751651635837e+00 1.948243943552360635e+00 2.033007511704072456e+00 2.060662027944384356e+00 2.125370418658125260e+00 2.365016538471600871e+00 2.374462469236658713e+00 2.379211397738369982e+00 2.708564605102931289e+00 2.958992291839245503e+00 3.532390387540261578e+00 3.600553499521111700e+00 3.815927348668878505e+00
4.194202263111886930e-01 4.481193977983305987e-01 6.126499380561547525e-01 6.650665833281718120e-01 7.857846203080429692e-01 8.056217533714077339e-01 1.084871469707730851e+00 1.095106803041747234e+00 1.199695434660010607e+00 1.381433664994268229e+00 1.427861864365283173e+00 1.517976859426154235e+00 1.528912487125157371e+00 1.602953192258434800e+00 1.700183011136946476e+00 1.810464778917343365e+00 1.852424698404370629e+00 1.896840557200537347e+00 1.955761744178945216e+00 2.025753218300467839e+00 2.062995030122993789e+00 2.131319331988732912e+00 2.354785324333132923e+00 2.373679570209920264e+00 2.379018506732297755e+00 2.720256163980560249e+00 2.960038913845813191e+00 3.513643905483423868e+00 3.605322483100074304e+00 3.815449987717681513e+00
3.718018042945896995e-01 4.093565627713304789e-01 5.632805226443340363e-01 6.999504098554850673e-01 7.721961869351885444e-01 8.378010004754988804e-01 1.096390383120424472e+00 1.106358786286451901e+00 1.219597665701300571e+00 1.371388889441751857e+00 1.418971921195163466e+00 1.506035175799530501e+00 1.544535818246304038e+00 1.593104541714732481e+00 1.699542102644412855e+00 1.809839124149966505e+00 1.871966800432535383e+00 1.883023325589782582e+00 1.962704713470341700e+00 2.019595954580305719e+00 2.062598869992517958e+00 2.138275262277925304e+00 2.341243637033301184e+00 2.372597596373048123e+00 2.378087477918575665e+00 2.736890456466495980e+00 2.961580906409924996e+00 3.496276418984219259e+00 3.602693053539864021e+00 3.814664348861774190e+00
3.225732730794201308e-01 3.684047657732871794e-01 5.085651310622562038e-01 6.972592331370115470e-01 7.713502050855342018e-01 8.809009278989801128e-01 1.108283781782727573e+00 1.132557242440011880e+00 1.237855805183953661e+00 1.363204412732277548e+00 1.410233391302676775e+00 1.482201492856026537e+00 1.567094172955797893e+00 1.578094865883160836e+00 1.697061743593840211e+00 1.810562995992051283e+00 1.867398302943085842e+00 1.895141822181870106e+00 1.968903033208071474e+00 2.014925630411156909e+00 2.059618000709186880e+00 2.145526693512266103e+00 2.324920336204947535e+00 2.371260964518468572e+00 2.376585629473164651e+00 2.758198404440570517e+00 2.963582513497708959e+00 3.480712916527791023e+00 3.592703297028327025e+00 3.813577298933040538e+00
2.721830841386428945e-01 3.260050995101650417e-01 4.502788816146939821e-01 6.435760351454832273e-01 8.045537286622420625e-01 9.294697325975103119e-01 1.127483709260247657e+00 1.161826851621516665e+00 1.254537813157955428e+00 1.356503143361746266e+00 1.401776959278991486e+00 1.457156214133521255e+00 1.559535290726768109e+00 1.584449925699841222e+00 1.690026789872514756e+00 1.812620582160295868e+00 1.855008134061129077e+00 1.917024291500143640e+00 1.974189345201728951e+00 2.012135229789135948e+00 2.054475195181137082e+00 2.152502537074928668e+00 2.306769046445657168e+00 2.369733513231131461e+00 2.374654264790583724e+00 2.783596307749580223e+00 2.965949518508912419e+00 3.467216196131581274e+00 3.576014429856082089e+00 3.812263503165446377e+00
2.202735796347892461e-01 2.825587840816867202e-01 3.895864368874468187e-01 5.720318352729020228e-01 8.432837429327089129e-01 9.817072528479678928e-01 1.150645409952040232e+00 1.192750174952850406e+00 1.269795572528772842e+00 1.350798650541622736e+00 1.393613418615008426e+00 1.431619499597637235e+00 1.539124007811314199e+00 1.594270144905324038e+00 1.676822664312529909e+00 1.815548030308171690e+00 1.845454841170426130e+00 1.938010691207961544e+00 1.978439280120761756e+00 2.011599638282733249e+00 2.047891801523742394e+00 2.158743453619400565e+00 2.288058353947756363e+00 2.368095110036017914e+00 2.372424683060290196e+00 2.812118386216579502e+00 2.968537881246279042e+00 3.455894052631727664e+00 3.553887595907570862e+00 3.810841169456171240e+00
1.653642216764545092e-01 2.381544383382591668e-01 3.274674764346947042e-01 4.916476022376808364e-01 8.816599817036966380e-01 1.036014401764241422e+00 1.175225863279860672e+00 1.224091665814422081e+00 1.283811643456526985e+00 1.345738309833252266e+00 1.385630257248543495e+00 1.406610240914559107e+00 1.516942843367935723e+00 1.596313249371852594e+00 1.657326992788973330e+00 1.818483871555059750e+00 1.839335898320919593e+00 1.956708616441506843e+00 1.981656204200995974e+00 2.013478627069745563e+00 2.040908644677147610e+00 2.163897405167024779e+00 2.270195682632279333e+00 2.366438347815366328e+00 2.370029989256966285e+00 2.842358145699448002e+00 2.971169985175543538e+00 3.446724454608879551e+00 3.528136221195705691e+00 3.809436658319066638e+00
1.029758884233004379e-01 1.926382909907475016e-01 2.648188792633563438e-01 4.062443508434257500e-01 9.177902591580548997e-01 1.090623140737111196e+00 1.198964067389989507e+00 1.254674057086381023e+00 1.296787037625674932e+00 1.341246344498802312e+00 1.377591046822548737e+00 1.383659748887738905e+00 1.493037857180768979e+00 1.591322392148173170e+00 1.633014266277836635e+00 1.820725416050739565e+00 1.835972864479421318e+00 1.971763951037921458e+00 1.984033845356473424e+00 2.017423968072962648e+00 2.034904224378304427e+00 2.167754041677750543e+00 2.254492194851360765e+00 2.364865938798018874e+00 2.367618415476271831e+00 2.872449643562587696e+00 2.973654814776647282e+00 3.439597090707831928e+00 3.501046496085505222e+00 3.808159551788262931e+00
-3.749097295467560681e-02 1.457917764885068301e-01 2.024068196537649467e-01 3.184036193390014091e-01 9.499895762897911933e-01 1.143288799472139461e+00 1.219173913608835091e+00 1.283236779845003728e+00 1.308954822003394414e+00 1.337666943005561437e+00 1.364402476853413537e+00 1.369676070049767214e+00 1.467372164719388916e+00 1.581302542224646057e+00 1.606669416772027459e+00 1.822348240582368328e+00 1.833865904051271700e+00 1.981861786746290655e+00 1.985825764316821118e+00 2.022514635083471735e+00 2.031410418148971164e+00 2.170300257499417462e+00 2.241918013220949746e+00 2.363487780898305690e+00 2.365369203041618906e+00 2.900103287166903687e+00 2.975808214234609839e+00 3.434370012340078215e+00 3.475263937720183272e+00 3.807093305762337732e+00
-8.955732923995515793e-02 9.757667556613190685e-02 1.409736676111545683e-01 2.299024538048787258e-01 9.761549097228410243e-01 1.190580440507806648e+00 1.232825788942118583e+00 1.308264131889155246e+00 1.320621804807646793e+00 1.335971222394647384e+00 1.351286199776676522e+00 1.361108884106629446e+00 1.440475116290730995e+00 1.569390140320318539e+00 1.582147304580328262e+00 1.823833122478748292e+00 1.831839079180987095e+00 1.986677093904652303e+00 1.987158733820014067e+00 2.027485461927948318e+00 2.031041691191600496e+00 2.171741297823719385e+00 2.232955170123767097e+00 2.362416209278158430e+00 2.363496141003550211e+00 2.922723567590269855e+00 2.977470321489431804e+00 3.430954406781446142e+00 3.453600777125609866e+00 3.806295894318072914e+00
-9.002346327972841900e-02 4.839970004754968330e-02 8.302228298221256408e-02 1.403833403588238271e-01 9.936483239212814400e-01 1.226267837359542812e+00 1.238888183405576049e+00 1.327822580865692270e+00 1.332031197846095472e+00 1.336917253918083137e+00 1.343901463683227382e+00 1.351996161912197181e+00 1.415429228874121481e+00 1.559670821770928306e+00 1.564117379342522485e+00 1.825473383943475580e+00 1.829641424250233461e+00 1.987979849213925787e+00 1.988018091128854969e+00 2.031047610329039799e+00 2.032315219877263157e+00 2.172412631039788433e+00 2.227661825796300121e+00 2.361762689854586039e+00 2.362213630347651083e+00 2.937696920958084323e+00 2.978518674256623200e+00 3.429520150957336089e+00 3.438567291296876327e+00 3.805804133284095947e+00
-2.941681766222205312e-05 -8.661986108326350187e-06 2.780906811246179483e-08 5.432126666673253723e-02 9.998676147727175723e-01 1.240150057833106834e+00 1.240303506167093506e+00 1.338421559752140277e+00 1.338656349664888889e+00 1.340664383877993471e+00 1.340808980312506726e+00 1.342638536202970911e+00 1.403132431352086096e+00 1.556506518004112660e+00 1.556755723965572047e+00 1.827057744021701069e+00 1.827814845991847070e+00 1.988137262828590490e+00 1.988290015444375003e+00 2.032290467677203338e+00 2.033077683353026632e+00 2.172600938828626038e+00 2.225919314997156562e+00 2.361649601061880155e+00 2.361649696685605981e+00 2.942956749595952992e+00 2.978876776646473878e+00 3.431052906142483927e+00 3.431273889801873533e+00 3.805638098701904060e+00
3.989527421291740039e-02 4.819340765564760626e-02 6.028495663162729973e-02 1.169992334082263080e-01 1.000518646191639105e+00 1.237602589419815047e+00 1.237749112531692841e+00 1.317535039673005448e+00 1.317722744953365277e+00 1.342730571191827149e+00 1.360941798262559344e+00 1.361155533051000122e+00 1.402668848716862371e+00 1.557709233042200880e+00 1.557996471499554003e+00 1.827158594108837297e+00 1.827925282260872253e+00 1.990143051505884442e+00 1.990305226638283020e+00 2.030130755372713924e+00 2.030895850016765980e+00 2.154979918979321507e+00 2.240404275891420216e+00 2.363783663151199477e+00 2.363799264802619149e+00 2.909695705572187485e+00 3.017998438501158898e+00 3.429072477763541293e+00 3.429298561198167228e+00 3.804405799439364078e+00
8.197373994111882556e-02 8.425706259920225094e-02 9.167608079943810606e-02 2.294530459618167872e-01 1.002562767724770376e+00 1.228114242911636289e+00 1.228258624771188190e+00 1.298928283965555819e+00 1.299120418135437438e+00 1.343072859168938926e+00 1.379790134331910334e+00 1.380092325744536996e+00 1.401298521307359435e+00 1.561291204007023259e+00 1.561649218705830622e+00 1.827257083647272129e+00 1.828046212821326844e+00 1.995573271462000475e+00 1.995779775244845178e+00 2.024429168059401984e+00 2.025118090799382653e+00 2.121318368800987564e+00 2.264689214311503829e+00 2.369946703445910519e+00 2.369988458938658393e+00 2.868713245939401357e+00 3.076174790130815406e+00 3.423253369688818104e+00 3.423490563199449443e+00 3.800707512030857327e+00
1.076785029506905078e-01 1.278533571931881885e-01 1.339787901754558308e-01 3.381080633206012820e-01 1.006267926305816296e+00 1.208797006164265886e+00 1.208984024542058000e+00 1.287833506130337202e+00 1.288058455540331604e+00 1.343695499051235309e+00 1.395659933205490200e+00 1.396038809097449596e+00 1.399082827551225705e+00 1.567149051970151197e+00 1.567562958308517329e+00 1.826700235667902961e+00 1.827510374821670780e+00 2.001080277021894727e+00 2.001459400465491978e+00 2.019081648540991036e+00 2.019548281625721753e+00 2.082425918280048194e+00 2.288076613385294777e+00 2.379480900329092652e+00 2.379557289815751986e+00 2.832104121445245148e+00 3.140215940643125148e+00 3.413958825846473921e+00 3.414205028796651664e+00 3.794529642989558749e+00
1.342114288039588932e-01 1.701391072308616192e-01 1.747035088372471401e-01 4.401881304510753545e-01 1.012065434673598219e+00 1.181424079894002555e+00 1.181631448298822162e+00 1.283518008636241658e+00 1.283763612678888943e+00 1.344656286793769473e+00 1.396121957262352886e+00 1.408780613185503405e+00 1.409170591400666694e+00 1.575136585309112380e+00 1.575584260694066874e+00 1.824341110379622988e+00 1.825159850855969212e+00 1.997446193893599675e+00 1.997977030045192448e+00 2.024163804492122853e+00 2.024329004457339209e+00 2.040469910652948471e+00 2.308658123356031933e+00 2.391508771413935364e+00 2.391622564950213192e+00 2.800345386349760268e+00 3.208015304062600936e+00 3.401785760528105662e+00 3.402033964583575543e+00 3.785820536246143231e+00
1.598559897650549122e-01 2.103947776539158154e-01 2.133321410458008938e-01 5.332876829714876532e-01 1.020520744542691816e+00 1.150287016785316974e+00 1.150468281449191332e+00 1.282626236078852733e+00 1.282872118849033960e+00 1.346003334096725457e+00 1.392555742687423992e+00 1.419677164220335630e+00 1.420000869444866920e+00 1.585157062215815538e+00 1.585631640280004584e+00 1.818695374022048394e+00 1.819510830639535781e+00 1.989064810174797193e+00 1.989532420402432944e+00 1.996519110870492497e+00 2.036108606602072602e+00 2.036196870019112204e+00 2.325913609347182831e+00 2.405080186614811932e+00 2.405229681631745553e+00 2.773490144587571926e+00 3.277557316527500486e+00 3.387554269526414696e+00 3.387798884535007105e+00 3.774454748583293107e+00
1.834745042992498576e-01 2.477375551693907774e-01 2.491898378617076193e-01 6.149496472774642619e-01 1.032231772720279217e+00 1.118578138723943516e+00 1.118702257239702291e+00 1.282988391451840293e+00 1.283236691308227151e+00 1.347757582627097106e+00 1.388555674531276596e+00 1.428839361755553927e+00 1.429049167694197875e+00 1.597218508294574901e+00 1.597732106396843710e+00 1.808490334208637584e+00 1.809297282432664078e+00 1.951769158062474308e+00 1.982152401642639949e+00 1.982527473369230409e+00 2.049186745014588418e+00 2.049260208471063383e+00 2.339707135545175731e+00 2.419224813190353540e+00 2.419405640537425572e+00 2.751569833296074297e+00 3.346679429122245253e+00 3.372289293002099786e+00 3.372533793025661808e+00 3.760196701562659616e+00
2.041550879876885827e-01 2.810926575983987430e-01 2.813843429755886194e-01 6.827780465726119852e-01 1.047498044762550151e+00 1.088583170337413586e+00 1.088653110686941039e+00 1.283600735093392231e+00 1.283859675348537399e+00 1.349899233357205297e+00 1.384322910360660464e+00 1.436526150627579490e+00 1.436636939609741814e+00 1.611387548963649108e+00 1.611960594595855722e+00 1.793403701965386565e+00 1.794197806244677285e+00 1.907980815458031110e+00 1.978134676332254482e+00 1.978432333129535703e+00 2.061540522827598032e+00 2.061614745023743200e+00 2.350137837374664862e+00 2.432941025133630308e+00 2.433147354224452386e+00 2.734519998369138172e+00 3.357184347384023493e+00 3.357420434728398462e+00 3.413293610312684301e+00 3.742674732011528782e+00
2.211210943686724717e-01 3.087671119005798159e-01 3.091880842282810904e-01 7.349490784548456945e-01 1.062280291011769684e+00 1.062363620673690612e+00 1.065584261445994940e+00 1.284071297574963966e+00 1.284342938260511824e+00 1.352350338947275077e+00 1.380091818067133103e+00 1.442738719753891008e+00 1.442836123580476304e+00 1.627618541789364492e+00 1.628267107215360499e+00 1.774352413431262709e+00 1.775123530539295391e+00 1.867720248898982360e+00 1.976683871215523247e+00 1.976926824662630144e+00 2.072093087206175355e+00 2.072174475171598473e+00 2.357508659943995166e+00 2.445184907221424453e+00 2.445410296814089612e+00 2.722078556886680101e+00 3.343535298384783694e+00 3.343776840546634599e+00 3.475542479147905706e+00 3.721380201748411665e+00
2.337296919659657968e-01 3.299723862135508501e-01 3.306160786539601992e-01 7.709328142218756508e-01 1.041620555283779836e+00 1.041730256037169733e+00 1.083850639387158532e+00 1.284321177722825835e+00 1.284602996266995811e+00 1.354927474099812068e+00 1.376167324665096281e+00 1.447372180400953834e+00 1.447478387221788232e+00 1.645400831340714243e+00 1.646135005551593533e+00 1.753254944304647234e+00 1.753984782606708981e+00 1.834440006415255953e+00 1.976744145828349675e+00 1.976953125408357881e+00 2.080105415574705852e+00 2.080194860122826839e+00 2.362265575728879519e+00 2.454911857668225839e+00 2.455150044749633942e+00 2.713784123503035772e+00 3.332625071782518322e+00 3.332870763402354441e+00 3.532011747658901690e+00 3.695723804678507030e+00
2.414962406715754906e-01 3.435815812034471728e-01 3.440268123866156436e-01 7.916033728669563674e-01 1.028375476612780171e+00 1.028473955617073887e+00 1.097846714299519855e+00 1.284412238532293582e+00 1.284700447804832946e+00 1.357193016177365763e+00 1.373067221604389321e+00 1.450267307031319231e+00 1.450344963000180121e+00 1.662700292785121103e+00 1.663532615204436071e+00 1.733423823240091588e+00 1.734081808294146487e+00 1.812121335907338926e+00 1.977254147952650198e+00 1.977444055117567157e+00 2.085093324494695644e+00 2.085187672210199850e+00 2.364879725601423566e+00 2.461190296107343300e+00 2.461435703565143740e+00 2.709098112584831686e+00 3.325565761695238542e+00 3.325812923434499524e+00 3.581524326793255497e+00 3.665341998522252620e+00
2.441191932134475495e-01 3.484333690713412590e-01 3.484519718152862544e-01 7.982920762785747915e-01 1.023809723257950610e+00 1.023888088404520724e+00 1.103137675834348741e+00 1.284430282748226126e+00 1.284720681965115130e+00 1.358200199124216745e+00 1.371778270619661733e+00 1.451262440608106052e+00 1.451305840371232669e+00 1.671748829119666935e+00 1.672655640818814016e+00 1.723442372361265296e+00 1.724030875118800710e+00 1.804212633736042237e+00 1.977505187326308089e+00 1.977688644155814579e+00 2.086785047319621889e+00 2.086880798102772605e+00 2.365707097047569540e+00 2.463362675854845030e+00 2.463610401162918073e+00 2.707590603748083691e+00 3.323121579900001787e+00 3.323368814245213798e+00 3.615334069662556438e+00 3.638018238722614317e+00
2.490946943352677911e-01 3.406467852756182024e-01 3.670273622099970434e-01 7.887179827322192693e-01 1.022458166979606009e+00 1.026317621748342734e+00 1.107580699572860983e+00 1.264439798202537935e+00 1.280077913630980113e+00 1.354009469477088778e+00 1.387868938090569992e+00 1.449630428881865774e+00 1.451918395362769454e+00 1.672885623228612229e+00 1.678140384921543271e+00 1.723990098940796578e+00 1.725147002416266950e+00 1.808116991813271790e+00 1.977248186956253928e+00 1.979441909923477461e+00 2.085665487123418149e+00 2.086420949461662122e+00 2.365280819220146657e+00 2.463118545107337631e+00 2.464309170344446631e+00 2.705706232297106606e+00 3.321575687892670548e+00 3.327538514143426607e+00 3.614480398703730391e+00 3.637888399675729634e+00
2.632317636988467657e-01 3.462803280432650288e-01 3.939914606118305462e-01 7.626711820348963666e-01 1.018311234944088373e+00 1.031694606617457710e+00 1.120352904632566204e+00 1.224423930161635754e+00 1.266695728031021373e+00 1.343695732600314496e+00 1.412530423560482973e+00 1.448543356525007875e+00 1.452781858548203964e+00 1.677767947199054310e+00 1.690997971626553520e+00 1.725719892494256946e+00 1.729098208066951692e+00 1.819442759437135626e+00 1.976214351076495346e+00 1.984533818575665798e+00 2.082033876011819551e+00 2.085292054798752570e+00 2.364044871960429450e+00 2.462356105430948183e+00 2.466358289828443517e+00 2.700118707592111367e+00 3.322128962623702275e+00 3.334710928228748816e+00 3.612104941983647066e+00 3.637471329408275889e+00
2.840803440830342308e-01 3.664269835922004392e-01 4.283401453740313669e-01 7.255359135193896192e-01 1.011460263550302718e+00 1.036991609125969660e+00 1.139124891611201562e+00 1.180429706268723677e+00 1.244409412431825457e+00 1.331543964601734409e+00 1.416924522715218293e+00 1.452915569355074599e+00 1.462853074654256513e+00 1.684560738010892456e+00 1.707129089241933295e+00 1.729994158606626531e+00 1.736984840081203574e+00 1.837025984731797568e+00 1.974542628730695970e+00 1.991757541158009959e+00 2.075949920706660290e+00 2.083394699993691201e+00 2.362118802131690565e+00 2.461080528431824455e+00 2.469537663997368515e+00 2.691083490556302138e+00 3.324306878915399555e+00 3.344925829062300515e+00 3.608658943080422343e+00 3.636724886381081490e+00
3.076390683451718511e-01 3.996036322664806573e-01 4.704113285731145733e-01 6.822904500443323084e-01 1.001704878753726380e+00 1.041149297974620191e+00 1.136974032019414382e+00 1.159790094471500943e+00 1.215734051418622563e+00 1.320461443382551003e+00 1.404534732790187590e+00 1.452162680147145890e+00 1.486436520739024880e+00 1.691013895995318705e+00 1.720962015272608392e+00 1.738240670771256768e+00 1.751219165508717035e+00 1.858946082387410215e+00 1.972314087440266928e+00 1.999852716373732742e+00 2.067402257486866457e+00 2.080747267306955806e+00 2.359676606730960469e+00 2.459306037923187915e+00 2.473523960582133085e+00 2.679172577975616587e+00 3.327420104386058508e+00 3.358179664889294536e+00 3.604627304813997846e+00 3.635651117055654247e+00
3.299207764775583529e-01 4.413148060175836607e-01 5.207823505519892926e-01 6.374066159641879059e-01 9.883252551043882894e-01 1.044177278362731442e+00 1.097983846840777655e+00 1.162575577384036274e+00 1.198181183007068107e+00 1.311833540508597240e+00 1.386588452719056841e+00 1.450272733174796880e+00 1.508793666920781318e+00 1.695649267490644041e+00 1.731765746261515471e+00 1.749732865302538354e+00 1.771211730955484231e+00 1.882659721990109780e+00 1.969633122526979641e+00 2.007966110316113273e+00 2.056444125139709644e+00 2.077419017070765594e+00 2.356922611428657888e+00 2.457078676519568017e+00 2.477923022526832053e+00 2.665354530460903426e+00 3.330850797697726406e+00 3.374233717089513362e+00 3.600292761684407594e+00 3.634313250489417779e+00
3.483280881367755710e-01 4.836546197603509012e-01 5.783823788206736705e-01 5.976156459498573881e-01 9.702415102859291984e-01 1.045981254208901756e+00 1.065197229801725598e+00 1.127812629904992647e+00 1.211162816810833265e+00 1.306869967876954419e+00 1.365910572833235692e+00 1.447304826971304470e+00 1.528414926148073505e+00 1.698604993080803371e+00 1.742082758853885638e+00 1.763059838179616312e+00 1.792886085755803993e+00 1.905323101218580062e+00 1.966625682685517740e+00 2.015962546684561207e+00 2.043282609967323804e+00 2.073517517408183242e+00 2.354073246792077967e+00 2.454493330655467709e+00 2.482309294928449983e+00 2.650926770047214998e+00 3.334158379216197954e+00 3.392650224370933554e+00 3.595568555667265187e+00 3.632829921469948875e+00
3.608654067636110629e-01 5.058539702115055769e-01 5.834962248795944051e-01 6.406713676773033717e-01 9.473830285588348277e-01 1.038488722814873366e+00 1.046625904660748008e+00 1.085339840661384558e+00 1.224681338899589633e+00 1.307022770249688159e+00 1.344010179311300401e+00 1.443349174269159318e+00 1.545203433928991510e+00 1.700813981860232360e+00 1.752554103242362826e+00 1.777013633232087164e+00 1.813651063654615037e+00 1.924354016433112546e+00 1.963440121820213324e+00 2.023724534025117094e+00 2.028939630783282766e+00 2.069179922928590543e+00 2.351342604612918219e+00 2.451702656031973682e+00 2.486276934909290137e+00 2.637282814070888826e+00 3.337085712163637918e+00 3.412899641212588708e+00 3.589966690341709565e+00 3.631363874436118522e+00
3.649743047349959801e-01 4.914359756696479176e-01 6.158543711587953773e-01 7.020003448895747455e-01 9.221761791034156497e-01 1.018871419066273543e+00 1.026943452931133649e+00 1.057752106507116263e+00 1.232635015401801093e+00 1.312728273126348322e+00 1.322326543007753319e+00 1.438576274278137168e+00 1.559045107426971555e+00 1.703110224559001518e+00 1.762880395529231814e+00 1.790474734310922189e+00 1.832128385113281466e+00 1.938275273788177877e+00 1.960256287329059655e+00 2.011799539176948759e+00 2.033941262858955046e+00 2.064612050976149416e+00 2.348923845085897355e+00 2.448913670605759041e+00 2.489510989198366886e+00 2.625597947288484946e+00 3.339511545052402219e+00 3.434421273615193115e+00 3.582749861250951628e+00 3.630087604398710699e+00
3.587629124912943279e-01 4.749486896309169093e-01 6.635405384406000140e-01 7.579021360784219397e-01 8.986373319418108352e-01 9.795927570982462251e-01 1.002546096368466921e+00 1.055099382074451864e+00 1.235818511118275564e+00 1.302271719472081424e+00 1.322125993025553781e+00 1.433323234634827248e+00 1.569709863543010675e+00 1.705893108328463859e+00 1.772410890719166687e+00 1.802505162579042919e+00 1.847397741370131685e+00 1.947281427983841073e+00 1.957305877490139512e+00 1.995910400741660151e+00 2.043090025185507308e+00 2.060169100789514207e+00 2.346965127149033492e+00 2.446370016291532501e+00 2.491860236749180668e+00 2.616577900922390398e+00 3.341394282678041172e+00 3.456582090121382400e+00 3.573235377776708077e+00 3.629120090813131139e+00
3.457211465757080715e-01 4.672469810332688378e-01 7.145745033720003470e-01 8.029970389222241822e-01 8.812617156571360688e-01 9.281773443096613674e-01 9.875657347169535250e-01 1.055171900428445886e+00 1.236552661367415151e+00 1.285824471897350385e+00 1.331774128620262454e+00 1.428219545994636297e+00 1.577076034781943692e+00 1.708932515534149044e+00 1.780277822582090774e+00 1.812245354825808619e+00 1.858786546076969248e+00 1.952531716883507906e+00 1.954958526064325630e+00 1.981882671723787404e+00 2.050730835741545022e+00 2.056520233777813011e+00 2.345551716020220834e+00 2.444322190729294242e+00 2.493358021769540134e+00 2.610400609577915088e+00 3.342729439411264547e+00 3.478521142963092228e+00 3.561161530576566481e+00 3.628486148075180218e+00
3.338337351539836795e-01 4.649788498095227540e-01 7.666115387831129446e-01 8.288990555905599855e-01 8.729171769766881361e-01 8.791645476155949268e-01 9.748602555368537370e-01 1.055449489866155943e+00 1.236493528146890286e+00 1.274817576511781070e+00 1.338965010463551097e+00 1.424293730902719934e+00 1.581292116206691079e+00 1.711406042189656418e+00 1.785531966182826391e+00 1.818755396878088959e+00 1.865824664192057281e+00 1.952989855455203205e+00 1.955650669334433767e+00 1.972042154785515367e+00 2.052851126606182408e+00 2.056926952493142835e+00 2.344709377639235814e+00 2.442990785949747945e+00 2.494154527132712573e+00 2.606880135163011314e+00 3.343524927442645289e+00 3.498566258534348439e+00 3.547372257610601487e+00 3.628142257287113370e+00
3.291946909731355841e-01 4.645972692818853833e-01 8.144404860737208818e-01 8.203762875386768627e-01 8.420243906696295300e-01 8.791932714802552784e-01 9.691209545991936736e-01 1.055570850588708698e+00 1.236405368996776888e+00 1.270920453628090252e+00 1.341641940292113144e+00 1.422779068009813797e+00 1.582649198759765286e+00 1.712369112349962919e+00 1.787387586820894381e+00 1.821076674194646472e+00 1.868209511390332533e+00 1.952450525217906296e+00 1.956431574510462346e+00 1.968508180561312493e+00 2.052122279798763049e+00 2.058500049198666026e+00 2.344431014136517444e+00 2.442528678765079952e+00 2.494399988176351890e+00 2.605746378962473742e+00 3.343789000579297621e+00 3.509649314365810735e+00 3.538431094987700476e+00 3.628034979097346735e+00
3.317261523693094127e-01 4.622714247480650407e-01 8.022091843875477357e-01 8.109190064145248567e-01 8.424751957123000068e-01 8.947566669427290398e-01 9.740025455278056299e-01 1.055920872511499464e+00 1.234026089950170491e+00 1.270718801287325395e+00 1.336609477706511839e+00 1.419366065480594186e+00 1.589182784503770263e+00 1.714400340542475254e+00 1.786044047237845378e+00 1.821697718222934359e+00 1.867724414412035072e+00 1.952324891709863675e+00 1.956413577052409591e+00 1.971331808886217951e+00 2.051597762092354671e+00 2.058848583005961519e+00 2.344420291106561027e+00 2.443570927804524118e+00 2.494049533575090294e+00 2.604509669536080096e+00 3.347288373981674336e+00 3.508471164654233920e+00 3.535953811624129361e+00 3.628129333946402912e+00
3.394429560404402246e-01 4.553258908109896197e-01 7.731478765725217084e-01 8.002459095732716854e-01 8.395963457680176711e-01 9.242528926008349854e-01 9.869919186314379811e-01 1.056833439188056056e+00 1.225558745899694602e+00 1.270106395056131099e+00 1.325441354123509941e+00 1.409574967347968499e+00 1.606168023348393481e+00 1.719730752699131893e+00 1.782071603132505011e+00 1.823449244605161113e+00 1.866317020603238008e+00 1.952612227772978715e+00 1.956824742564417630e+00 1.977982103317566187e+00 2.049959513245463327e+00 2.059664293412779568e+00 2.344459496652948616e+00 2.446529104385566811e+00 2.492971929746834903e+00 2.601056510303172420e+00 3.357365398215752972e+00 3.505172401047757624e+00 3.528942744907269446e+00 3.628309258280637550e+00
3.522117078629520281e-01 4.447913784417287797e-01 7.444084817239047247e-01 7.895061398334349834e-01 8.346820190898804892e-01 9.562404733224824094e-01 1.005024532055720954e+00 1.057945156137407583e+00 1.208127118701185054e+00 1.269138912859937518e+00 1.315919008500012755e+00 1.394772150272582945e+00 1.628415793905761300e+00 1.726542630307563719e+00 1.775573655754997038e+00 1.826157908168938748e+00 1.864066960146624208e+00 1.953563968029422560e+00 1.957839778942677800e+00 1.986272154299503212e+00 2.047129039946320006e+00 2.060254368500791244e+00 2.344716982816854145e+00 2.450950742242478775e+00 2.491073295278440902e+00 2.596136671638825000e+00 3.372858924732722752e+00 3.500376704805346240e+00 3.518451640621488963e+00 3.628391814683643801e+00
3.686895025683001315e-01 4.336025549431402615e-01 7.201363386760857299e-01 7.828658836231447982e-01 8.291872445876959929e-01 9.882750633196515366e-01 1.025407239256643566e+00 1.058867828453000204e+00 1.181161393865605147e+00 1.267801808783000528e+00 1.312545456215892470e+00 1.377067855086090864e+00 1.651586943207292268e+00 1.732902333141137730e+00 1.766710873902412882e+00 1.829790869164242606e+00 1.861009974525896560e+00 1.954458697893972641e+00 1.958978361143514535e+00 1.995244712431915479e+00 2.043054718632422162e+00 2.059762105511730557e+00 2.345343327102130004e+00 2.456236657874548701e+00 2.488169989975740570e+00 2.590880708028915347e+00 3.392157531316463359e+00 3.494625504727195686e+00 3.505986326069630010e+00 3.628310489244276571e+00
3.861452846120064231e-01 4.248565873543788118e-01 7.025027578511650050e-01 7.834146971842985696e-01 8.233650860537615745e-01 1.019488446692158323e+00 1.044893081660643208e+00 1.060030903551907100e+00 1.147824597249400780e+00 1.265645665774542739e+00 1.315078468036864345e+00 1.359120306489238095e+00 1.672808580037103088e+00 1.737444827444335926e+00 1.756008277711321064e+00 1.834428209008965860e+00 1.857146211585897655e+00 1.954823074145431550e+00 1.959162537785130498e+00 2.004537774750961177e+00 2.037648623709741091e+00 2.057708015263058243e+00 2.346352089488695558e+00 2.461801561958355311e+00 2.484030015256988744e+00 2.586531084766482635e+00 3.413563438952137652e+00 3.485911176981434600e+00 3.495349043891243124e+00 3.628159535744574171e+00
4.018412064657523874e-01 4.191115815015369894e-01 6.926049708875636757e-01 7.926066397998101642e-01 8.165083191326760748e-01 1.048636818013020999e+00 1.054676505003249831e+00 1.067991123283051458e+00 1.112145521759047684e+00 1.262405009086605467e+00 1.322039703789166687e+00 1.343704742996041146e+00 1.689496358971237955e+00 1.739606056664684708e+00 1.745182072945079321e+00 1.840108372357873279e+00 1.852407310002262664e+00 1.954690167002846035e+00 1.957586485184086289e+00 2.013774410212843868e+00 2.030782520684935477e+00 2.054339533334955892e+00 2.347573109355761911e+00 2.467185957418121411e+00 2.478549896002315567e+00 2.584068470521714289e+00 3.435401790481572348e+00 3.471497962483139244e+00 3.490601464152171651e+00 3.628101817933070627e+00
4.142081031392443879e-01 4.153339445147969378e-01 6.902600667988084693e-01 8.077468988722924514e-01 8.083780702415150898e-01 1.052818405183400641e+00 1.076217260051937297e+00 1.079176523132215015e+00 1.079598095950860870e+00 1.259690252038984548e+00 1.332046806324461041e+00 1.332526534417176611e+00 1.696594257453349242e+00 1.739271078834211837e+00 1.739592922483490955e+00 1.846510108542188000e+00 1.846697440064688500e+00 1.954300443743770321e+00 1.954437008271311838e+00 2.022409927559790432e+00 2.022499939807629321e+00 2.050457927759691046e+00 2.348708507873113138e+00 2.471920546344133385e+00 2.472168382272053933e+00 2.583938486478216223e+00 3.454856834447389335e+00 3.455148710054881889e+00 3.490015698854320281e+00 3.628254110925002163e+00
4.098244885699864337e-01 4.188118945698873774e-01 6.914523809468667848e-01 7.955587613365909805e-01 8.190342792193016086e-01 1.048256720628640837e+00 1.053198996052350900e+00 1.084828426174853533e+00 1.100435061732172537e+00 1.262431680221521857e+00 1.323655176930776944e+00 1.342734393394767078e+00 1.690828132096851899e+00 1.738404855143148131e+00 1.742791487520529259e+00 1.839781884914236221e+00 1.853287877293904318e+00 1.952840883024738794e+00 1.955980969027749872e+00 2.014211934155649697e+00 2.030269470971768797e+00 2.050117563509627150e+00 2.348648881516367748e+00 2.466998833009404368e+00 2.476963497887071597e+00 2.584894001659684637e+00 3.439084315506277356e+00 3.464799710512459718e+00 3.495157067912307181e+00 3.628221925092124600e+00
4.092193230800006409e-01 4.186051268573795503e-01 6.899221618921345112e-01 7.882962569871777569e-01 8.228816911603131778e-01 1.025213311405195338e+00 1.051634745276740945e+00 1.087658915697959916e+00 1.122097975120653235e+00 1.271281738459458577e+00 1.316206635935469160e+00 1.354342274253443890e+00 1.678028941932034224e+00 1.736212534166752031e+00 1.747604172945883105e+00 1.831531468735744905e+00 1.860350771938278580e+00 1.951469206045682414e+00 1.957460459807933706e+00 2.006275708727952800e+00 2.037592509373002514e+00 2.048751438916965206e+00 2.348541241791227030e+00 2.462404464980461505e+00 2.481152304209274462e+00 2.587885514740348558e+00 3.423199918281104370e+00 3.462754485015063111e+00 3.509882581606964091e+00 3.628277283240022744e+00
4.067133079124311545e-01 4.231259585570161796e-01 6.767624812230983444e-01 7.899808670729059346e-01 8.197722302533874128e-01 1.008869656396442771e+00 1.050448007831316533e+00 1.091175855833215858e+00 1.142774595891065337e+00 1.285063314311946536e+00 1.309145692548679296e+00 1.366413201935485766e+00 1.662264687264815244e+00 1.732941238420351970e+00 1.750384846842788722e+00 1.822111739262450847e+00 1.865701716176811908e+00 1.949848394332557966e+00 1.958778976297627983e+00 2.000314545702653213e+00 2.043162214273312571e+00 2.047045817698599723e+00 2.348505006377809234e+00 2.458667748607563652e+00 2.484223021094214001e+00 2.592983003828110533e+00 3.407672460607788167e+00 3.455643470370890480e+00 3.526887437044307294e+00 3.628451224312055245e+00
3.976999816337066229e-01 4.388551776546218974e-01 6.503310995356228474e-01 7.817495940240980490e-01 8.280434762145783001e-01 9.998375439974310774e-01 1.049667644082020290e+00 1.098077592319315787e+00 1.162975133754232671e+00 1.294623754567074903e+00 1.308690874338809707e+00 1.378424505927480226e+00 1.644901455055230333e+00 1.728894262906186308e+00 1.750581059547994256e+00 1.811805111810487423e+00 1.866462967668600648e+00 1.947249983184051958e+00 1.960103902120830188e+00 1.998315962696532111e+00 2.040013824483752902e+00 2.051712971547973829e+00 2.348675951310992271e+00 2.455981656619031117e+00 2.486007596114545581e+00 2.600165002492217159e+00 3.392891721051187304e+00 3.446178028670136673e+00 3.543035179394943057e+00 3.628770811418438047e+00
3.857710575289617361e-01 4.629978687175001495e-01 6.149594094641950281e-01 7.528441419260735179e-01 8.551621691663451319e-01 9.973837767760894701e-01 1.049232911720221484e+00 1.109128927863374026e+00 1.183163849303076054e+00 1.286227554232229453e+00 1.326111546733476754e+00 1.389931938751869378e+00 1.626362888897097347e+00 1.724346699659591309e+00 1.748640047519456120e+00 1.800901509318307170e+00 1.860448850415674205e+00 1.942630427975923446e+00 1.961723156089084652e+00 2.001545617469034699e+00 2.033613291934815326e+00 2.057441294087160699e+00 2.349185779432788834e+00 2.454420929696832232e+00 2.486450291045208427e+00 2.609313923182309924e+00 3.379168663700881758e+00 3.434988533352937967e+00 3.557524005143197332e+00 3.629257287114080466e+00
3.724469435961426100e-01 4.938447080392762700e-01 5.744287050936662808e-01 7.135355278756622122e-01 8.895886682533489243e-01 1.000683288981191410e+00 1.048773473317955895e+00 1.123690031986842808e+00 1.203654262087062055e+00 1.273419871811705129e+00 1.346262706038078516e+00 1.400582808118272293e+00 1.606736425252744738e+00 1.719493847104469841e+00 1.745175957849861348e+00 1.789668065937254804e+00 1.847621844031173577e+00 1.934959457254837867e+00 1.963587100631186688e+00 2.009419515058867400e+00 2.026190613117692774e+00 2.062729864358533671e+00 2.350135947882948440e+00 2.453932382519217192e+00 2.485611177288078899e+00 2.620199973730573895e+00 3.366726005007662614e+00 3.422358122049019791e+00 3.570159952454820207e+00 3.629923562415428240e+00
3.584948713956089272e-01 5.257677096180539689e-01 5.352646505229664564e-01 6.683612371633183002e-01 9.260543161743076679e-01 1.009871415313119636e+00 1.048046950437958813e+00 1.140423802838598899e+00 1.224440324088347465e+00 1.258529780597893888e+00 1.366243879323672861e+00 1.410112599297136615e+00 1.585955926706238417e+00 1.714419403476181936e+00 1.740731595574951607e+00 1.778359374364200551e+00 1.829530642592090306e+00 1.923493121650728277e+00 1.965495802502302825e+00 2.015733630861930692e+00 2.023153579111273803e+00 2.067508332607094435e+00 2.351569753536705942e+00 2.454350921343368963e+00 2.483658649106247118e+00 2.632464228169956399e+00 3.355699075961701361e+00 3.408608423098241413e+00 3.580961623203799515e+00 3.630770492762472212e+00
3.442669243664461254e-01 4.861879945091560629e-01 5.701717459751557415e-01 6.203165338664450301e-01 9.590131662059971918e-01 1.027531928280158047e+00 1.047014514492651260e+00 1.157329268035159231e+00 1.239081591967066798e+00 1.249324712777766244e+00 1.385162429644088977e+00 1.418323615224438505e+00 1.563883047483497712e+00 1.709089701875964318e+00 1.735713984964083245e+00 1.767250406122421236e+00 1.808020733396099367e+00 1.908052083998853288e+00 1.967404855971373268e+00 2.009426110663993903e+00 2.034455860066836763e+00 2.071777168344369091e+00 2.353454189993922974e+00 2.455438468032860921e+00 2.480850948975496628e+00 2.645611950853296257e+00 3.346148832274195684e+00 3.394202916817087967e+00 3.590025533127732427e+00 3.631782531219279964e+00
3.297429296652541475e-01 4.432654556584394445e-01 5.694663501423600227e-01 6.134790027866432460e-01 9.824496536532463242e-01 1.045062855742788566e+00 1.058080522465086437e+00 1.169919541345675107e+00 1.228330217735463581e+00 1.268923851424812899e+00 1.402411833628575799e+00 1.425039429601647090e+00 1.540383290864719035e+00 1.703374275482157474e+00 1.730320177113841451e+00 1.756674997590917053e+00 1.784840024981144246e+00 1.889326175554368215e+00 1.969338561308020319e+00 2.002634120829804854e+00 2.046868200887590472e+00 2.075544945626628834e+00 2.355680167962998617e+00 2.456931199776126284e+00 2.477507895032349250e+00 2.659025507218865325e+00 3.338086956652401405e+00 3.379745669450678225e+00 3.597469320095425083e+00 3.632923678006756862e+00
3.144797455638757011e-01 4.039765357444874971e-01 5.211512008549724628e-01 6.556381338204808618e-01 9.971015256586438502e-01 1.043180733488364487e+00 1.097874876037051139e+00 1.168613225312884252e+00 1.228333128397186558e+00 1.290271577833708605e+00 1.417469308532726568e+00 1.430001198402527374e+00 1.515475799736413220e+00 1.697110831035627765e+00 1.724260451488149881e+00 1.747040669690637094e+00 1.762006138618924078e+00 1.868818407605355114e+00 1.971286031437384123e+00 1.996377199441917938e+00 2.058389144677718274e+00 2.078814644102730647e+00 2.358079077148985014e+00 2.458579644559339528e+00 2.473976000502543737e+00 2.672001841232300556e+00 3.331510220367338793e+00 3.365913583717252244e+00 3.603415050299815015e+00 3.634134341190320416e+00
2.976285904694836448e-01 3.717394859723348044e-01 4.748760119634183874e-01 6.970771459871671905e-01 1.007092460791553235e+00 1.040365325449892353e+00 1.141359238959382960e+00 1.154199853158640821e+00 1.241034190499393119e+00 1.310782201886094400e+00 1.429487633621223441e+00 1.432804591507496283e+00 1.489822595703328867e+00 1.690262927357153222e+00 1.715851628914394134e+00 1.738747815642189165e+00 1.742912038535874952e+00 1.848489569595621163e+00 1.973173415137291276e+00 1.990645115700548029e+00 2.068343393496625104e+00 2.081575307928702934e+00 2.360447290236261431e+00 2.460173731575348022e+00 2.470592260571098819e+00 2.683812173094632936e+00 3.326437264933005178e+00 3.353352020361900721e+00 3.607992374953626236e+00 3.635330853637208204e+00
2.790133242703575767e-01 3.498168732038096085e-01 4.327006417852753417e-01 7.353761288008289210e-01 1.014403464085617657e+00 1.036433330169837852e+00 1.134360289445722980e+00 1.187271870319928757e+00 1.256994674744086993e+00 1.329316418672417566e+00 1.428358834024652690e+00 1.439898416088863931e+00 1.466854023633197501e+00 1.683179195154464125e+00 1.702669780161029101e+00 1.731252651962152500e+00 1.732592797745200919e+00 1.830367683133075074e+00 1.974874694367370731e+00 1.985555014998282575e+00 2.076343844057287669e+00 2.083797546296488612e+00 2.362571840314012128e+00 2.461552696941419427e+00 2.467653018389085240e+00 2.693772712925950330e+00 3.322936336204251884e+00 3.342573132148622062e+00 3.611342012204129759e+00 3.636411711405532543e+00
2.612550517171313702e-01 3.391125061609916447e-01 3.964529875550707461e-01 7.676854551453184961e-01 1.019607437088646762e+00 1.031313054872596835e+00 1.117886235505067161e+00 1.230085453552252961e+00 1.271254718517929927e+00 1.344465196612643076e+00 1.411312768147375829e+00 1.446319880410923853e+00 1.454983934283299085e+00 1.676792341951499621e+00 1.688147168244120033e+00 1.726271166926295342e+00 1.727836985249216362e+00 1.816209651409951942e+00 1.976240042477719561e+00 1.981433135088534137e+00 2.082168120954961843e+00 2.085436898139378048e+00 2.364254683595138573e+00 2.462603337302318618e+00 2.465393828521191821e+00 2.701309118529949149e+00 3.321131035623042571e+00 3.333897169081889267e+00 3.613606517331937606e+00 3.637272886845476005e+00
2.486363495350767394e-01 3.387951388219360704e-01 3.678982815890987634e-01 7.901074895790257679e-01 1.022779612487195289e+00 1.026166250515629486e+00 1.106913397301875213e+00 1.266893936960114653e+00 1.281068047938172416e+00 1.354584465335744170e+00 1.386064589463100516e+00 1.449938985536646463e+00 1.452018686493125266e+00 1.672535371510417201e+00 1.677324591767578754e+00 1.724042759318344720e+00 1.725021123055214822e+00 1.807263590075636417e+00 1.977133897134312868e+00 1.978706117274272591e+00 2.085698033065097601e+00 2.086445403161603984e+00 2.365334841365962948e+00 2.463244634777825404e+00 2.463989237971984991e+00 2.705999354115552702e+00 3.321179350729133617e+00 3.327457358001591370e+00 3.614909474378899645e+00 3.637827124242654975e+00
2.441191932134475495e-01 3.484333690713412590e-01 3.484519718152862544e-01 7.982920762785747915e-01 1.023809723257950610e+00 1.023888088404520724e+00 1.103137675834348741e+00 1.284430282748226126e+00 1.284720681965115130e+00 1.358200199124216745e+00 1.371778270619661733e+00 1.451262440608106052e+00 1.451305840371232669e+00 1.671748829119666935e+00 1.672655640818814016e+00 1.723442372361265296e+00 1.724030875118800710e+00 1.804212633736042237e+00 1.977505187326308089e+00 1.977688644155814579e+00 2.086785047319621889e+00 2.086880798102772605e+00 2.365707097047569540e+00 2.463362675854845030e+00 2.463610401162918073e+00 2.707590603748083691e+00 3.323121579900001787e+00 3.323368814245213798e+00 3.615334069662556438e+00 3.638018238722614317e+00
3.291946909731355841e-01 4.645972692818853833e-01 8.144404860737208818e-01 8.203762875386768627e-01 8.420243906696295300e-01 8.791932714802552784e-01 9.691209545991936736e-01 1.055570850588708698e+00 1.236405368996776888e+00 1.270920453628090252e+00 1.341641940292113144e+00 1.422779068009813797e+00 1.582649198759765286e+00 1.712369112349962919e+00 1.787387586820894381e+00 1.821076674194646472e+00 1.868209511390332533e+00 1.952450525217906296e+00 1.956431574510462346e+00 1.968508180561312493e+00 2.052122279798763049e+00 2.058500049198666026e+00 2.344431014136517444e+00 2.442528678765079952e+00 2.494399988176351890e+00 2.605746378962473742e+00 3.343789000579297621e+00 3.509649314365810735e+00 3.538431094987700476e+00 3.628034979097346735e+00
3.338791616739341106e-01 4.630220066751470909e-01 8.118348748241847046e-01 8.193409134638427460e-01 8.412564206784141074e-01 8.801414940498342165e-01 9.733661300679639083e-01 1.043959425269687769e+00 1.236966870436197574e+00 1.277909194725576958e+00 1.341965222056115348e+00 1.422968710291620198e+00 1.582397183717272338e+00 1.712107242379168337e+00 1.781475157572904866e+00 1.826334846236535414e+00 1.868033443235903368e+00 1.948095812000245619e+00 1.955922664538470190e+00 1.972863680786182572e+00 2.050848372894943150e+00 2.060804583692812386e+00 2.344282117763571982e+00 2.440742163264201903e+00 2.492013393151473188e+00 2.606596329383464195e+00 3.346191039478529028e+00 3.489699626754064976e+00 3.541089017990598276e+00 3.642385580601511741e+00
3.473651049015519798e-01 4.583440626202334167e-01 8.036109139971822080e-01 8.169737899264357672e-01 8.400215220476594524e-01 8.828827369501747180e-01 9.776401219107934137e-01 1.020965285764241726e+00 1.238554850370610305e+00 1.294086801837635026e+00 1.343021397181320964e+00 1.423902838491134304e+00 1.581642882718873100e+00 1.711045980204230599e+00 1.769221429784789468e+00 1.836151039155468956e+00 1.867435190500009279e+00 1.939865055184541331e+00 1.954629291756242226e+00 1.981558667124549089e+00 2.046556841811067784e+00 2.067982402178886847e+00 2.343817409918910410e+00 2.435653552999502036e+00 2.485050197301108987e+00 2.609319216649043760e+00 3.353048648259340681e+00 3.444600868217713163e+00 3.549038469848487587e+00 3.670794197273362869e+00
3.681327158439332004e-01 4.506998015002655622e-01 7.905391526285606707e-01 8.140653765942490461e-01 8.389865063525491218e-01 8.869575275935086545e-01 9.493289848456186730e-01 1.024925696050823509e+00 1.240981017488922866e+00 1.311634766120077122e+00 1.345075554341319757e+00 1.426550575676218902e+00 1.580372192537490728e+00 1.708525775553725312e+00 1.755076193992317846e+00 1.844710808346088582e+00 1.866298171300108999e+00 1.930719453403155539e+00 1.953770913121404718e+00 1.992288793628577581e+00 2.039286967206204615e+00 2.079351051782507120e+00 2.343033232039517966e+00 2.427996663282269818e+00 2.474088255481224685e+00 2.614358342720549011e+00 3.362423297342980621e+00 3.389487221434812625e+00 3.561432761143734194e+00 3.700212580514855354e+00
3.940714389470346690e-01 4.403298287796437172e-01 7.731862040869619257e-01 8.109740258673207025e-01 8.373124682195401958e-01 8.891766414776112182e-01 9.049871718966403522e-01 1.046956488325565982e+00 1.243943270119843181e+00 1.325895301412746585e+00 1.348561479165076848e+00 1.432026248282333825e+00 1.578506543173822774e+00 1.703882381291037751e+00 1.740085747696103802e+00 1.849223359121458410e+00 1.864592787079574210e+00 1.921597468043919399e+00 1.954825775760997919e+00 2.004917220946269119e+00 2.029468009509962645e+00 2.093426167276427829e+00 2.342056268564256527e+00 2.418768323490780414e+00 2.460023854488172734e+00 2.622263886458068960e+00 3.323537669551553719e+00 3.379126434889665909e+00 3.577004384945440485e+00 3.727029585596542738e+00
4.207536721614065223e-01 4.296190704319290399e-01 7.484622559090974292e-01 8.079895805288549449e-01 8.324448095799664715e-01 8.559277731408680978e-01 9.002421623099575720e-01 1.072728628569302733e+00 1.246991367078508661e+00 1.335491278717383379e+00 1.353992735833003058e+00 1.440832835639953347e+00 1.575840267812602224e+00 1.696785612932710574e+00 1.724493146678365507e+00 1.848912802708531311e+00 1.862097110990855953e+00 1.913217297419649299e+00 1.958451042036406298e+00 2.017519068091824685e+00 2.019683398505153882e+00 2.108211811882238607e+00 2.341228463077983601e+00 2.408996066011801496e+00 2.443948975832451964e+00 2.633536126561479396e+00 3.257803498013980725e+00 3.393619209880159193e+00 3.594301852452384427e+00 3.750392006759240893e+00
4.104690977821913722e-01 4.541902288948831412e-01 7.104842294717913509e-01 8.053462127206054699e-01 8.142413346348204017e-01 8.373731764747837092e-01 9.057548742849454992e-01 1.099000722831971144e+00 1.249621090976610116e+00 1.341039504123481940e+00 1.361847862767328499e+00 1.452440576255316751e+00 1.571984901887692576e+00 1.687389512055260887e+00 1.708662696743225018e+00 1.845013450759953155e+00 1.858607784195719592e+00 1.906114707159544563e+00 1.963372166828799115e+00 2.006142360090337196e+00 2.034944485784476509e+00 2.121584233709959744e+00 2.341040519747699555e+00 2.399561513484295805e+00 2.427031026113944279e+00 2.648489873397562810e+00 3.190668563622922171e+00 3.408690869421499681e+00 3.611843963838595517e+00 3.770152462967624185e+00
3.921885273552069839e-01 4.829702605851831088e-01 6.617506058887254738e-01 7.967960424583795387e-01 8.035205667942645347e-01 8.309695204089461162e-01 9.111624663783162159e-01 1.124016972262664948e+00 1.251466451452324380e+00 1.343718239728230124e+00 1.372346411827142454e+00 1.465636067670590625e+00 1.566399037543291239e+00 1.676345181546919472e+00 1.693471422496110490e+00 1.838981166404168865e+00 1.855010517852286211e+00 1.900510692683225589e+00 1.965750740777659100e+00 1.997834902535157831e+00 2.050716692544859221e+00 2.131918137911554378e+00 2.341866089207507606e+00 2.391122323080309808e+00 2.410460328438264632e+00 2.667090209882648555e+00 3.125105759256692650e+00 3.422807282119543437e+00 3.628246475212575373e+00 3.786329489453943875e+00
3.713652512892338109e-01 5.086716019758786844e-01 6.131374734274913640e-01 7.868723200788431127e-01 8.023200322189036893e-01 8.250162298225538482e-01 9.157889323059968945e-01 1.146216983998453287e+00 1.252455301506931518e+00 1.344554244203294058e+00 1.384952724346706354e+00 1.478959117326445138e+00 1.558702882133244483e+00 1.664795848181815030e+00 1.680252008222856031e+00 1.832138121891949023e+00 1.852365797469167408e+00 1.896372472150341215e+00 1.961460257821360020e+00 1.996806936350870476e+00 2.065406638259998928e+00 2.138617155181908647e+00 2.343648891669550594e+00 2.384115251006522662e+00 2.395475837164031674e+00 2.688659730798562908e+00 3.064212745690401807e+00 3.434896641552586338e+00 3.642307556425216752e+00 3.798947531484639484e+00
3.497691159469511479e-01 5.290822527190365276e-01 5.738780140493767723e-01 7.811901970378868354e-01 8.021334243869331360e-01 8.191547284803371021e-01 9.192916175609923135e-01 1.163960652526925266e+00 1.252794739406898339e+00 1.344341443068403530e+00 1.398033094144116806e+00 1.490748053033877252e+00 1.549472420582571619e+00 1.654333158010776073e+00 1.670283562433686475e+00 1.825954859854250989e+00 1.850923602883614905e+00 1.893566770735623628e+00 1.953750689497069093e+00 2.000029118712024268e+00 2.077532722233441209e+00 2.142163933977722756e+00 2.345834453572913869e+00 2.378742597310128826e+00 2.383464965443134798e+00 2.711242539691314235e+00 3.011977253530888632e+00 3.444129221700806820e+00 3.653059161935923171e+00 3.807998886908095848e+00
3.321276816526405051e-01 5.415056926118798630e-01 5.500168649130133813e-01 7.781821829185883166e-01 8.028572244126734869e-01 8.142731011407289277e-01 9.214650545622514732e-01 1.175559324021337559e+00 1.252813379182029063e+00 1.343786491752280821e+00 1.408619869552865334e+00 1.499084529504599583e+00 1.541150339928266222e+00 1.646829874579968989e+00 1.664264099635308858e+00 1.821701736275468830e+00 1.850366634190806270e+00 1.891954329644186306e+00 1.947582785790211712e+00 2.003093795165259650e+00 2.085606303983290832e+00 2.143629010882040831e+00 2.347624985178246693e+00 2.374276185858635646e+00 2.376662993903627896e+00 2.730341431335522095e+00 2.974441015046074721e+00 3.449908622382959145e+00 3.659795673867605625e+00 3.813451958000109610e+00
3.251226364017685277e-01 5.395447736410472483e-01 5.482876174951654136e-01 7.772287579421219839e-01 8.035378309217141579e-01 8.121018372132570162e-01 9.222007087587194007e-01 1.179613624019081097e+00 1.252784995577272964e+00 1.343511464161100122e+00 1.412842456956747705e+00 1.502134490523584720e+00 1.537648416114121286e+00 1.644062726733213520e+00 1.662279929561777836e+00 1.820191611800002329e+00 1.850249625825347577e+00 1.891430318257784737e+00 1.945296823047664159e+00 2.004257416190022845e+00 2.088450536407006730e+00 2.143989529115370107e+00 2.348320369639478766e+00 2.371835596005718028e+00 2.375177127102053642e+00 2.738325360851779244e+00 2.960201588408323037e+00 3.451875159703791329e+00 3.662088981608435656e+00 3.815274135845474479e+00
5.360695151723032792e-01 5.373625917266214858e-01 5.377130004861848667e-01 6.836031278689740365e-01 7.689262313148443884e-01 7.692828209461004541e-01 1.062080136532401076e+00 1.136665682867414429e+00 1.136937512368489278e+00 1.412398774578444760e+00 1.452416429385981367e+00 1.452587821994135497e+00 1.584319752844982832e+00 1.584475343905350719e+00 1.707078796837458334e+00 1.816308638536038744e+00 1.816690641493190261e+00 1.931956314366488181e+00 1.932101542992711751e+00 2.048504542647784366e+00 2.049083881315203026e+00 2.119809777109138871e+00 2.374981152769330972e+00 2.375012684854189704e+00 2.377361239988726282e+00 2.699685445494440117e+00 2.958250975845083452e+00 3.571585065967767036e+00 3.571810722499725088e+00 3.816197011864338240e+00
5.509918901594865748e-01 5.555012320143462023e-01 5.562048954622642594e-01 6.900837153064366403e-01 7.504734663114736026e-01 7.509570420220207376e-01 1.057215615600404224e+00 1.140771158193718327e+00 1.141046683655200233e+00 1.414393081736858848e+00 1.424252427283183575e+00 1.424468524246048418e+00 1.613905219246590139e+00 1.614042330328967489e+00 1.707982870097451311e+00 1.810287314060064601e+00 1.810688062856232738e+00 1.937361735173311006e+00 1.937510459794487661e+00 2.053668095397457094e+00 2.054239899628204746e+00 2.102637376504194133e+00 2.371498024062502097e+00 2.371516656023716862e+00 2.387075418486201084e+00 2.692111300949310504e+00 2.974291445286638247e+00 3.567308939649805222e+00 3.567535429964679317e+00 3.812553840775493086e+00
5.684165138659170724e-01 5.696490770893103406e-01 5.871655718468005158e-01 6.966010435295276748e-01 7.341514508018610607e-01 7.347688089971713410e-01 1.053176551703023378e+00 1.142199026171957454e+00 1.142502320867455179e+00 1.398159097171551402e+00 1.398532756763185780e+00 1.412144062815648082e+00 1.642560795655023664e+00 1.642707433280795826e+00 1.708418585352774244e+00 1.806582538345339550e+00 1.807014285175674750e+00 1.944140518053588895e+00 1.944292619497236085e+00 2.055845929958600049e+00 2.056391021018972420e+00 2.086846310561328632e+00 2.371953464586445737e+00 2.371966844222672233e+00 2.393412908978518772e+00 2.675834076549919782e+00 3.011286359377186805e+00 3.558987275654666771e+00 3.559217239321695203e+00 3.805206210095238628e+00
5.741311449623802687e-01 5.756627683234762927e-01 6.391325656061336291e-01 7.026384016571710633e-01 7.223240970720012921e-01 7.229143036503336006e-01 1.050320319687809478e+00 1.141119516057295558e+00 1.141447211675725715e+00 1.374906992674236550e+00 1.375443778577120746e+00 1.405792384895978131e+00 1.669862500716715381e+00 1.670004348134633387e+00 1.708314499304286915e+00 1.804768121427292593e+00 1.805239311656421819e+00 1.951341157434411500e+00 1.951495474512919381e+00 2.055298294174197071e+00 2.055795763807541920e+00 2.072164948108985882e+00 2.376643054296109447e+00 2.376694812093235409e+00 2.396718379732692750e+00 2.656576055805001335e+00 3.062507837849562708e+00 3.547152668078164428e+00 3.547389867694392240e+00 3.794246257934232869e+00
5.707119469882301344e-01 5.721686989023858638e-01 6.973242554507877999e-01 7.110666144518099641e-01 7.173252324998692364e-01 7.177460461438670558e-01 1.048939245198061254e+00 1.137776330055678686e+00 1.138102245382197841e+00 1.355137736404943949e+00 1.355765719902024768e+00 1.395720295524782939e+00 1.695620210038734976e+00 1.695723818790478177e+00 1.707653128817157029e+00 1.803947286470972244e+00 1.804438179073486026e+00 1.958009321150516513e+00 1.958160140793090642e+00 2.052679609104376635e+00 2.053109012316848947e+00 2.058289365115250291e+00 2.385461210484512318e+00 2.385558952411097611e+00 2.397381685322118816e+00 2.638052278173950160e+00 3.122627761363850230e+00 3.532594332802760029e+00 3.532839911186767878e+00 3.779758146951016418e+00
5.580392796411266509e-01 5.591637629029594381e-01 7.084469285440634367e-01 7.195583283082791493e-01 7.199832830735185540e-01 7.694757395913965903e-01 1.049215533672155365e+00 1.132427039023129245e+00 1.132744254797623418e+00 1.339362198048502872e+00 1.339956682344277894e+00 1.382238706058975142e+00 1.706471545627059383e+00 1.719840148135832303e+00 1.719887527974879537e+00 1.802902216633440302e+00 1.803357699554651417e+00 1.963317931008924599e+00 1.963453496136860599e+00 2.045285260534929428e+00 2.048893685887386518e+00 2.049236688845545107e+00 2.395762523967624347e+00 2.397796776094605953e+00 2.397940471890140035e+00 2.622014007805785862e+00 3.187753700503912491e+00 3.516338258629842173e+00 3.516588251970759416e+00 3.761799044213643306e+00
5.382159087436216849e-01 5.389669018227106756e-01 7.095616716060063611e-01 7.276909657907385531e-01 7.281413492155247580e-01 8.362805778480388863e-01 1.051177353310575935e+00 1.125360787561152209e+00 1.125686467198563578e+00 1.327899469403355015e+00 1.328336831748099911e+00 1.365359031535140932e+00 1.704873555831449616e+00 1.742599610819690392e+00 1.742627644903722572e+00 1.800382571416980770e+00 1.800731877002903714e+00 1.966728695886459155e+00 1.966836901098703239e+00 2.033924541896277471e+00 2.044766450936453595e+00 2.045012373237027337e+00 2.392127636253741585e+00 2.412583141999152581e+00 2.412766777917179084e+00 2.609065413108726084e+00 3.254744121538891477e+00 3.499609512264801658e+00 3.499857878347169660e+00 3.740406645542337927e+00
5.139362074261041302e-01 5.144581453685211914e-01 7.084201510200375251e-01 7.398881364035387875e-01 7.403057350005867177e-01 9.005278805822563015e-01 1.054675054758057229e+00 1.116939540661613162e+00 1.117282306204708142e+00 1.320808010254522991e+00 1.321078633682855497e+00 1.344839595801344156e+00 1.703005607402208410e+00 1.763679153033397062e+00 1.763784674624672588e+00 1.795735592430923733e+00 1.795902289527872231e+00 1.968059763991708788e+00 1.968143001325270536e+00 2.025611463315822203e+00 2.040769271814774299e+00 2.040917158543330334e+00 2.386632534419933727e+00 2.428408136445837862e+00 2.428622917143422377e+00 2.599207168066551166e+00 3.320799269309771873e+00 3.483769666730204939e+00 3.484015527609809482e+00 3.715676222155940067e+00
4.874470196490561236e-01 4.880632957803809902e-01 7.054540017141971431e-01 7.547934903352689906e-01 7.552263516501472873e-01 9.591864121996671599e-01 1.059393798507011430e+00 1.107595889168075054e+00 1.107953331402140806e+00 1.317875305036282807e+00 1.318210397791346633e+00 1.320720471543517682e+00 1.701057468799220818e+00 1.777865670938332476e+00 1.778340843118657810e+00 1.793547281264238569e+00 1.793806692719478235e+00 1.967363406288474392e+00 1.967438827307498972e+00 2.022049381770123055e+00 2.036901194194867593e+00 2.036964791006980580e+00 2.379378145473497241e+00 2.443677081480326141e+00 2.443912994364411340e+00 2.592144501797386091e+00 3.383143040352735387e+00 3.470220687410971561e+00 3.470472667506826703e+00 3.688018875896153403e+00
4.607561480854142633e-01 4.616281842722888551e-01 7.011105686554205407e-01 7.715492263310292920e-01 7.720716567013788945e-01 1.008707710494947785e+00 1.064906899838891530e+00 1.097815101397107362e+00 1.098187087324325573e+00 1.294464916226705009e+00 1.318946592999601819e+00 1.319426324061954592e+00 1.699230353613564004e+00 1.770672675047534339e+00 1.771091805694162691e+00 1.809024172057207558e+00 1.809226456145581752e+00 1.964733717907145127e+00 1.964804664510570120e+00 2.024664312420382917e+00 2.032837450324875395e+00 2.032867938904044269e+00 2.370492632163633484e+00 2.456820513032933029e+00 2.457068122631717255e+00 2.587475726315770164e+00 3.438251356051137630e+00 3.460268921217445559e+00 3.460539517990525837e+00 3.658991234717420049e+00
4.357445018602132958e-01 4.368170316277400489e-01 6.958857169741263782e-01 7.894775251459211773e-01 7.900801742591339050e-01 1.043039733590511275e+00 1.070751843102753176e+00 1.088134763970413976e+00 1.088519703495119284e+00 1.271016160428629416e+00 1.323776656596405976e+00 1.324306718054844234e+00 1.697700762231404648e+00 1.756333546833586112e+00 1.756695383729635740e+00 1.828055030484922572e+00 1.828226576205860043e+00 1.960263146972627712e+00 1.960349869608805085e+00 2.028139889811205077e+00 2.028204669372102309e+00 2.034175915571199589e+00 2.360180278937734411e+00 2.466522092670595523e+00 2.466773282461919958e+00 2.584824470761872828e+00 3.454950892345386659e+00 3.455235059573562140e+00 3.479094469604637307e+00 3.634156650576027658e+00
4.142081031392443879e-01 4.153339445147969378e-01 6.902600667988084693e-01 8.077468988722924514e-01 8.083780702415150898e-01 1.052818405183400641e+00 1.076217260051937297e+00 1.079176523132215015e+00 1.079598095950860870e+00 1.259690252038984548e+00 1.332046806324461041e+00 1.332526534417176611e+00 1.696594257453349242e+00 1.739271078834211837e+00 1.739592922483490955e+00 1.846510108542188000e+00 1.846697440064688500e+00 1.954300443743770321e+00 1.954437008271311838e+00 2.022409927559790432e+00 2.022499939807629321e+00 2.050457927759691046e+00 2.348708507873113138e+00 2.471920546344133385e+00 2.472168382272053933e+00 2.583938486478216223e+00 3.454856834447389335e+00 3.455148710054881889e+00 3.490015698854320281e+00 3.628254110925002163e+00
