-1.944976839019653680e-01
-1.739767731108992077e-01
-1.534558623198330751e-01
-1.329349515287669148e-01
-1.124140407377007683e-01
-9.189312994663460799e-02
-7.137221915556846152e-02
-5.085130836450230118e-02
-3.033039757343614778e-02
-9.809486782369989180e-03
1.071142400869616769e-02
3.123233479976232282e-02
5.175324559082845194e-02
7.227415638189460534e-02
9.279506717296076568e-02
1.133159779640269260e-01
1.338368887550930864e-01
1.543577995461592467e-01
1.748787103372254070e-01
1.953996211282915396e-01
2.159205319193577000e-01
2.364414427104238603e-01
2.569623535014900484e-01
2.774832642925562087e-01
2.980041750836222580e-01
3.185250858746884184e-01
3.390459966657545787e-01
3.595669074568207391e-01
3.800878182478868994e-01
4.006087290389530597e-01
4.211296398300192201e-01
4.416505506210853804e-01
4.621714614121515408e-01
4.826923722032177011e-01
5.032132829942838059e-01
5.237341937853500218e-01
5.442551045764161266e-01
5.647760153674823425e-01
5.852969261585484473e-01
6.058178369496146631e-01
6.263387477406807680e-01
6.468596585317469838e-01
6.673805693228130886e-01
6.879014801138793045e-01
7.084223909049454093e-01
7.289433016960116252e-01
7.494642124870777300e-01
7.699851232781438348e-01
7.905060340692099397e-01
8.110269448602761555e-01
8.315478556513422603e-01
8.520687664424083652e-01
8.725896772334745810e-01
8.931105880245406858e-01
9.136314988156069017e-01
9.341524096066730065e-01
9.546733203977393334e-01
9.751942311888054382e-01
9.957151419798716541e-01
1.016236052770937759e+00
1.036756963562003975e+00
1.057277874353070191e+00
1.077798785144136184e+00
1.098319695935202400e+00
1.118840606726268616e+00
1.139361517517334610e+00
1.159882428308400826e+00
1.180403339099467042e+00
1.200924249890533257e+00
1.221445160681599251e+00
1.241966071472665467e+00
1.262486982263731683e+00
1.283007893054797899e+00
1.303528803845863893e+00
1.324049714636930108e+00
1.344570625427996324e+00
1.365091536219062540e+00
1.385612447010128534e+00
1.406133357801194750e+00
1.426654268592260966e+00
1.447175179383327182e+00
1.467696090174393175e+00
1.488217000965459391e+00
1.508737911756525607e+00
1.529258822547591601e+00
1.549779733338657817e+00
1.570300644129724033e+00
1.590821554920790248e+00
1.611342465711856242e+00
1.631863376502922458e+00
1.652384287293988674e+00
1.672905198085054890e+00
1.693426108876120884e+00
1.713947019667186655e+00
1.734467930458252871e+00
1.754988841249319087e+00
1.775509752040385081e+00
1.796030662831451297e+00
1.816551573622517513e+00
1.837072484413583728e+00
1.857593395204649722e+00
1.878114305995715938e+00
1.898635216786782154e+00
1.919156127577848370e+00
1.939677038368914364e+00
1.960197949159980579e+00
1.980718859951046795e+00
2.001239770742112789e+00
2.021760681533179227e+00
2.042281592324245221e+00
2.062802503115311215e+00
2.083323413906377652e+00
2.103844324697443646e+00
2.124365235488509640e+00
2.144886146279576078e+00
2.165407057070642072e+00
2.185927967861708510e+00
2.206448878652774503e+00
2.226969789443840497e+00
2.247490700234906935e+00
2.268011611025972929e+00
2.288532521817038923e+00
2.309053432608105361e+00
2.329574343399171354e+00
2.350095254190237348e+00
2.370616164981303786e+00
2.391137075772369780e+00
2.411657986563436218e+00
2.432178897354502212e+00
2.452699808145568205e+00
2.473220718936634643e+00
2.493741629727700637e+00
2.514262540518766631e+00
2.534783451309833069e+00
2.555304362100899063e+00
2.575825272891965501e+00
2.596346183683031494e+00
2.616867094474097488e+00
2.637388005265163926e+00
2.657908916056229920e+00
2.678429826847295914e+00
2.698950737638362352e+00
2.719471648429428345e+00
2.739992559220494339e+00
2.760513470011560777e+00
2.781034380802626771e+00
2.801555291593693209e+00
2.822076202384759203e+00
2.842597113175825196e+00
2.863118023966891634e+00
2.883638934757957628e+00
2.904159845549023622e+00
2.924680756340090060e+00
2.945201667131156054e+00
2.965722577922222492e+00
2.986243488713288485e+00
3.006764399504354479e+00
3.027285310295420917e+00
3.047806221086486911e+00
3.068327131877552905e+00
3.088848042668619343e+00
3.109368953459685336e+00
3.129889864250751330e+00
3.150410775041817768e+00
3.170931685832883762e+00
3.191452596623950200e+00
3.211973507415016194e+00
3.232494418206082187e+00
3.253015328997148625e+00
3.273536239788214619e+00
3.294057150579280613e+00
3.314578061370347051e+00
3.335098972161413045e+00
3.355619882952479038e+00
3.376140793743545476e+00
3.396661704534611470e+00
3.417182615325677908e+00
3.437703526116743902e+00
3.458224436907809896e+00
3.478745347698876333e+00
3.499266258489942327e+00
3.519787169281008321e+00
3.540308080072074759e+00
3.560828990863140753e+00
3.581349901654207191e+00
3.601870812445272740e+00
3.622391723236338734e+00
3.642912634027405172e+00
3.663433544818471166e+00
3.683954455609537160e+00
3.704475366400603598e+00
3.724996277191669591e+00
3.745517187982736029e+00
3.766038098773802023e+00
3.786559009564868017e+00
3.807079920355934455e+00
3.827600831147000449e+00
3.848121741938066442e+00
3.868642652729132880e+00
3.889163563520198874e+00
