0.000000000000000000e+00
3.546490238658592253e-02
7.092980477317184507e-02
1.063947071597577676e-01
1.418596095463436901e-01
1.773245119329296127e-01
2.127894143195155352e-01
2.482543167061014577e-01
2.837192190926873803e-01
3.191841214792733306e-01
3.546490238658592253e-01
3.901139262524451756e-01
4.276526563085236710e-01
4.651913863646022218e-01
5.027301164206806616e-01
5.402688464767592125e-01
5.778075765328376523e-01
6.153463065889162031e-01
6.499974420252963014e-01
6.846485774616765108e-01
7.192997128980567201e-01
7.539508483344368184e-01
7.886019837708169167e-01
8.232531192071971260e-01
8.579042546435773353e-01
8.925553900799574336e-01
9.272065255163375319e-01
9.618576609527177412e-01
9.965087963890979506e-01
1.031159931825478049e+00
1.065811067261858147e+00
1.098159949807275604e+00
1.130508832352692838e+00
1.162857714898110295e+00
1.195206597443527752e+00
1.227555479988945208e+00
1.259904362534362443e+00
1.292253245079779900e+00
1.324602127625197356e+00
1.356951010170614591e+00
1.389299892716032048e+00
1.421648775261449504e+00
1.454158269115819913e+00
1.486667762970190321e+00
1.519177256824560729e+00
1.551686750678931137e+00
1.584196244533301545e+00
1.616705738387671953e+00
1.649215232242042584e+00
1.681724726096412992e+00
1.714234219950783400e+00
1.746743713805153808e+00
1.779253207659524216e+00
1.811762701513894624e+00
1.843938755847676303e+00
1.876114810181457759e+00
1.908290864515239438e+00
1.940466918849020894e+00
1.972642973182802573e+00
2.004819027516584029e+00
2.036995081850365708e+00
2.067026065895228637e+00
2.097057049940091122e+00
2.127088033984954052e+00
2.157119018029816981e+00
2.187150002074679911e+00
2.217180986119542396e+00
2.247211970164405326e+00
2.277242954209268255e+00
2.307273938254130741e+00
2.337304922298993670e+00
2.367335906343856600e+00
2.397366890388719085e+00
2.427397874433582015e+00
2.457428858478444944e+00
2.487459842523307874e+00
2.487459842523307874e+00
2.519808725068725330e+00
2.552157607614142787e+00
2.584506490159560244e+00
2.616855372704977256e+00
2.649204255250394713e+00
2.681553137795812169e+00
2.713902020341229626e+00
2.746250902886647083e+00
2.778599785432064539e+00
2.810948667977481996e+00
2.843297550522899009e+00
2.843297550522899009e+00
2.875646433068316465e+00
2.907995315613733922e+00
2.940344198159151379e+00
2.972693080704568391e+00
3.005041963249985848e+00
3.037390845795403305e+00
3.069739728340820761e+00
3.102088610886238218e+00
3.134437493431655675e+00
3.166786375977073131e+00
3.199135258522490588e+00
