-2.981546298945473612e-05 -8.530355343137972345e-06 -3.369382367362038527e-08 4.291537376402403819e-02 1.000181563733325341e+00 1.240466517747709663e+00 1.240580004916680190e+00 1.339608969060090304e+00 1.339760777023321969e+00 1.341521275256706280e+00 1.341564564012213134e+00 1.343945685335858231e+00 1.403700719150838383e+00 1.557475832631684209e+00 1.557594762457032767e+00 1.827526044557868490e+00 1.827609765601285963e+00 1.987920136057657494e+00 1.988069420198605775e+00 2.033129221520927121e+00 2.033301808780005882e+00 2.172346190438392721e+00 2.226717519530292400e+00 2.361211262973792024e+00 2.361211413138119664e+00 2.942554694752005151e+00 2.977376166804550195e+00 3.430129079331368125e+00 3.430346833272553297e+00 3.804046462599514733e+00
4.417050573404271430e-02 5.395842939646405823e-02 8.210654127329930496e-02 1.023092711377301400e-01 9.936266923370353776e-01 1.225407578472830217e+00 1.239014703653032345e+00 1.329102502474971859e+00 1.333717594385707139e+00 1.338470152049226591e+00 1.343086725879817589e+00 1.353021277668266631e+00 1.416419516669095602e+00 1.561309333404498734e+00 1.564705937718173789e+00 1.827864535320562256e+00 1.828097783047065938e+00 1.987601599316056955e+00 1.987990420291894322e+00 2.032075131296096515e+00 2.032386484464483445e+00 2.172096904373281401e+00 2.228779921974615608e+00 2.361393569323109620e+00 2.361827256815462572e+00 2.936150745341940205e+00 2.977001671143201467e+00 3.430638804092243976e+00 3.436382347592713771e+00 3.804221696677858588e+00
8.818869816924505833e-02 1.078992115396577994e-01 1.456664838133734652e-01 2.037105702598428214e-01 9.752228351884627555e-01 1.187980816155626229e+00 1.230406775972248345e+00 1.311778693262380946e+00 1.323349397913040626e+00 1.336587719870596658e+00 1.346514837465485170e+00 1.364822729903029330e+00 1.440880495114472026e+00 1.572232213077514817e+00 1.582629812569597894e+00 1.828785425159482614e+00 1.829206909568239725e+00 1.986365074082230286e+00 1.986997363172814390e+00 2.029005982937505337e+00 2.030903592468281449e+00 2.171294478351450064e+00 2.234967272869136767e+00 2.361934445788920200e+00 2.363497646789637141e+00 2.918280731496822877e+00 2.975906620768946631e+00 3.431970844651251795e+00 3.453499296211648417e+00 3.804738602962512761e+00
1.310770386109849917e-01 1.613265600958000978e-01 2.120931050000393059e-01 3.032296499064397466e-01 9.477689690572312919e-01 1.140538803461874195e+00 1.207003574808668933e+00 1.297290036252478185e+00 1.311319735141379672e+00 1.336391601361011983e+00 1.351742727693648671e+00 1.380522582274664956e+00 1.464172992634115156e+00 1.588550974020297657e+00 1.604860216182502075e+00 1.829583750324487834e+00 1.830587210695315159e+00 1.982358193273402236e+00 1.984346680857344447e+00 2.024379116770084863e+00 2.031847677991676981e+00 2.169806716834414839e+00 2.245163009323031478e+00 2.362812026271779331e+00 2.365777531314685156e+00 2.892260270585958803e+00 2.974174577540137143e+00 3.434061375593515653e+00 3.478862111335204066e+00 3.805569883895897121e+00
1.722248385669406801e-01 2.139848363756186311e-01 2.785210978957626815e-01 3.997352688717358826e-01 9.140930792832626661e-01 1.090520495914317101e+00 1.169065137285853373e+00 1.287340290369428430e+00 1.297209861286174659e+00 1.337635129117875410e+00 1.358537009733570500e+00 1.400523921627674362e+00 1.482883140291674673e+00 1.607297196793911365e+00 1.626277568331805812e+00 1.827857764734154067e+00 1.833704831502684485e+00 1.972576403253321953e+00 1.981559982206461790e+00 2.018888439547327884e+00 2.037099895418578388e+00 2.167499850092228453e+00 2.258904574116910702e+00 2.363979283608270254e+00 2.368156065121582277e+00 2.862033171048302016e+00 2.971938925308942991e+00 3.436732709007643827e+00 3.509238814958441477e+00 3.806667532728121195e+00
2.109157307768084744e-01 2.656905118727336257e-01 3.439791165919589555e-01 4.918435204365199098e-01 8.764985100938477158e-01 1.042138861990412613e+00 1.122326845292138886e+00 1.279106689691269949e+00 1.280849138354662964e+00 1.339364466481712368e+00 1.366584261631074826e+00 1.423796669757197320e+00 1.496967801384279761e+00 1.625308082391748510e+00 1.643558395751066659e+00 1.823377007466149058e+00 1.838738208951031350e+00 1.958777485414128883e+00 1.977941608734823387e+00 2.013356065494694036e+00 2.045668181461244295e+00 2.164321720959081929e+00 2.275263789194226227e+00 2.365357149956910376e+00 2.370252030325032067e+00 2.831224525889782129e+00 2.969374107435310162e+00 3.439759925702260634e+00 3.541661953764060566e+00 3.807960758366834675e+00
2.462893228219695252e-01 3.163203091381946996e-01 4.076769200553124195e-01 5.777671523429358524e-01 8.369671354987234801e-01 9.982720242568950964e-01 1.070635242363215722e+00 1.262338373069166630e+00 1.271426145172875000e+00 1.340969129716491626e+00 1.375524714042833496e+00 1.448735530552332840e+00 1.506749409597439193e+00 1.640367389287621824e+00 1.654769055197157890e+00 1.816857605352383498e+00 1.846163919551637056e+00 1.942574128688172808e+00 1.973310036797002232e+00 2.008618922365743131e+00 2.055611904123113121e+00 2.160365285988115502e+00 2.292924734716121904e+00 2.366836043457102079e+00 2.371905222448537742e+00 2.802709985016396566e+00 2.966683597941140782e+00 3.442892431391660235e+00 3.573590319515571601e+00 3.809355980744818293e+00
2.773462834259881049e-01 3.657949303146808551e-01 4.682582051855573857e-01 6.550531611792761444e-01 7.977821718717056365e-01 9.613243823089517859e-01 1.015946513871201384e+00 1.242199013301824140e+00 1.264292381370443197e+00 1.342241513385484808e+00 1.385011214367261489e+00 1.473761183815202935e+00 1.512114352390506733e+00 1.651417462136680170e+00 1.659348228836004413e+00 1.810493237723262760e+00 1.855915215838988663e+00 1.924930207185043152e+00 1.967509675901235600e+00 2.005293466152529014e+00 2.065279437762362225e+00 2.155904270912549769e+00 2.310372410320051806e+00 2.368286983561306958e+00 2.373133439524117261e+00 2.778452965611419856e+00 2.964084911345356232e+00 3.445876113102539495e+00 3.602863154870444617e+00 3.810740712348169357e+00
3.030087886109244510e-01 4.139948753550435345e-01 5.223162216767223143e-01 7.201198786113831574e-01 7.630290892646026668e-01 9.337374670316561653e-01 9.594677909544668815e-01 1.221441468128992014e+00 1.258111723049528674e+00 1.343162419837204302e+00 1.394664596125576139e+00 1.497339288480648234e+00 1.512920952203597125e+00 1.658130781213368321e+00 1.658271326413767843e+00 1.807214579179758474e+00 1.867138251580823027e+00 1.906468864309545541e+00 1.960683016437093640e+00 2.003510829975345686e+00 2.073511556561533187e+00 2.151398618361289206e+00 2.326076284132466032e+00 2.369578365232865469e+00 2.374005589777529845e+00 2.759506871148466711e+00 2.961792296261223978e+00 3.448474177687451903e+00 3.627655389256053464e+00 3.811992294964941852e+00
3.222348295243097072e-01 4.605594476784842239e-01 5.604369612781886500e-01 7.425423334200589309e-01 7.678979687435207868e-01 9.023444581241458762e-01 9.180958457883430235e-01 1.202059516615471058e+00 1.253314676209042133e+00 1.343771580435341395e+00 1.403798894423071264e+00 1.509930634139046379e+00 1.517670098923626254e+00 1.653184205135144191e+00 1.661501958043499538e+00 1.808987372128943338e+00 1.878284362704490951e+00 1.888173573241341829e+00 1.953485635407061993e+00 2.002909437775057810e+00 2.079638828967847353e+00 2.147457574714869200e+00 2.338626324786139854e+00 2.370592672849920923e+00 2.374544790202787414e+00 2.746184681949653594e+00 2.959998296432511111e+00 3.450484856070258566e+00 3.646482230580611716e+00 3.812991043875010089e+00
3.341554079823607637e-01 5.044343029008072632e-01 5.666727286114009443e-01 7.522474654459414545e-01 7.942217472301130732e-01 8.464625685623385909e-01 9.144686284233969342e-01 1.187448462195530130e+00 1.250270342727652917e+00 1.344115139243589718e+00 1.410931843444338085e+00 1.505596003496461277e+00 1.532186920063191238e+00 1.647594503118766207e+00 1.662470479075586871e+00 1.814768871184147647e+00 1.872460490160119839e+00 1.887123779891922482e+00 1.947360630980487617e+00 2.002897919388219705e+00 2.083368735111654768e+00 2.144736765814630797e+00 2.346812323372046372e+00 2.371239088847150178e+00 2.374765314213585388e+00 2.738358448021877223e+00 2.958855954806700161e+00 3.451754962323747122e+00 3.658236415161437716e+00 3.813635790742305964e+00
3.381958328398945723e-01 5.423568408764363191e-01 5.429142984031780639e-01 7.818700948019331465e-01 8.017161191096462414e-01 8.039359902613396613e-01 9.153530564989056373e-01 1.181851493963058219e+00 1.249226445341756975e+00 1.344225793486989673e+00 1.413755957789854856e+00 1.503504452082613296e+00 1.537626631275158973e+00 1.645077503593330492e+00 1.662595233974967002e+00 1.818633927579115905e+00 1.865333513079441063e+00 1.890674415859898261e+00 1.944773940132896728e+00 2.002961641542482241e+00 2.084616118489593717e+00 2.143761810428793435e+00 2.349680215267349048e+00 2.371460948826378257e+00 2.374797726958871369e+00 2.735786521368048785e+00 2.958463830111285997e+00 3.452189115203533110e+00 3.662231979570894413e+00 3.813858676557869476e+00
3.453248318759455371e-01 5.435617296668295850e-01 5.461810344498247982e-01 7.790117826753485408e-01 7.890728887759433929e-01 8.033719572395313646e-01 9.296997425755459954e-01 1.180734996681433779e+00 1.238400508996348126e+00 1.347264416904151441e+00 1.421280202904142476e+00 1.501085141284625779e+00 1.536984298462730880e+00 1.643022376960933562e+00 1.665697564016637822e+00 1.819488207784645040e+00 1.862987285572013985e+00 1.891837139920934163e+00 1.944067760850986426e+00 2.005039408222621056e+00 2.083063526467967996e+00 2.142687591349823339e+00 2.350845423734190032e+00 2.371765559179459970e+00 2.374981116530293423e+00 2.733384441989205715e+00 2.958354621620945313e+00 3.457177025627701017e+00 3.659077687831380654e+00 3.813915247060274627e+00
3.663298746730011546e-01 5.482364580117311537e-01 5.532872385765298384e-01 7.599873796666390957e-01 7.726158940515716056e-01 8.024772120327350322e-01 9.611090086770111007e-01 1.177474211886919031e+00 1.211866774301021854e+00 1.356050789294690917e+00 1.437570043958736221e+00 1.494077559167989344e+00 1.536567367642886595e+00 1.637230230256264241e+00 1.674032704763129376e+00 1.820997969309081643e+00 1.855722156853212956e+00 1.895967190381739664e+00 1.942607385520642271e+00 2.010842361927142274e+00 2.078662553776380761e+00 2.139364548212529193e+00 2.354366071985490194e+00 2.372548020039749073e+00 2.375530968114687003e+00 2.726830362274156094e+00 2.958055125475444580e+00 3.471370797858779333e+00 3.649839964545373849e+00 3.814072664904852861e+00
3.996117600273487724e-01 5.543316421835975394e-01 5.611896512734125819e-01 7.288136117978337714e-01 7.640947422564312586e-01 7.993399801302482066e-01 9.970956017343154398e-01 1.171987620625140725e+00 1.179438875939008868e+00 1.369528923370021189e+00 1.452376929222210622e+00 1.483252279507995652e+00 1.540122302171126556e+00 1.628304179591768985e+00 1.685337539576819088e+00 1.821460902253891456e+00 1.843944302316770978e+00 1.903681078728411302e+00 1.941387583293220587e+00 2.019299288293867622e+00 2.072160854229071258e+00 2.133886219527961536e+00 2.359961466995125434e+00 2.373476198577799678e+00 2.376409838398359398e+00 2.717855526717895209e+00 2.957639569801289614e+00 3.492703031205540487e+00 3.635194157649475066e+00 3.814296725104377117e+00
4.418862277696239960e-01 5.577016880113415676e-01 5.648889500053747570e-01 7.020271400975253151e-01 7.583339225719131216e-01 7.928424983521616953e-01 1.031312235205309458e+00 1.148672997090926851e+00 1.164343831918916772e+00 1.386138357766852680e+00 1.459500519350083625e+00 1.469962378547195803e+00 1.550801177623677196e+00 1.616519574810769244e+00 1.696908381462641557e+00 1.820457752983816846e+00 1.830329321111151319e+00 1.913755746686667480e+00 1.940279484280154954e+00 2.029137632659498536e+00 2.064512960391585050e+00 2.127313935883873963e+00 2.366490071383977156e+00 2.374227911552392101e+00 2.377416421820982340e+00 2.708757910470385166e+00 2.957206820008958292e+00 3.518367557299209025e+00 3.616227993519466555e+00 3.814537068898209426e+00
4.888811211744225060e-01 5.529623321024695892e-01 5.577190785639590809e-01 6.867155989091143775e-01 7.597413557211123436e-01 7.822925024336873090e-01 1.056267573815496297e+00 1.130617247233753231e+00 1.152894865639267463e+00 1.403405913104380121e+00 1.456810080643966554e+00 1.458918330966166632e+00 1.567389112291135422e+00 1.602098385777454448e+00 1.705675870705678276e+00 1.818385764623605905e+00 1.819797418175196801e+00 1.923883004061124558e+00 1.937880606200877986e+00 2.039166018409518166e+00 2.056399641699598213e+00 2.121817296338790904e+00 2.372078358581698687e+00 2.374644482063605899e+00 2.378106089124990330e+00 2.701890803975857569e+00 2.956864229599223570e+00 3.545358679604671437e+00 3.594310834483687600e+00 3.814731663604558509e+00
5.365036371114321190e-01 5.369941715100848834e-01 5.372914609537692288e-01 6.839824135082291923e-01 7.690810599847309748e-01 7.693220448916738841e-01 1.062937780130303045e+00 1.137134715446172839e+00 1.137414963838172088e+00 1.412908170605384761e+00 1.453221102297238998e+00 1.453366854747254244e+00 1.585510365627237350e+00 1.585615533541572031e+00 1.708790407072420692e+00 1.816423332374036193e+00 1.816771097344794361e+00 1.932349658129275394e+00 1.932432459248453416e+00 2.047939832097783519e+00 2.048454144591187909e+00 2.119674381152591991e+00 2.374648389140041616e+00 2.374682240648058329e+00 2.378150965555575258e+00 2.699262509820545830e+00 2.956724324047719676e+00 3.570732337124575384e+00 3.570935171525873031e+00 3.814809825102453811e+00
5.094588542993629954e-01 5.121760681970771723e-01 5.801776988810080082e-01 6.793631567014583039e-01 7.633915686756720387e-01 7.805694177072730611e-01 1.063515548338952454e+00 1.120323536380539942e+00 1.157434952846418730e+00 1.405855006045352740e+00 1.445911924822667949e+00 1.468426488301652899e+00 1.568605933948884701e+00 1.599340988520379092e+00 1.706895333008768834e+00 1.814126143355581533e+00 1.822796034587983005e+00 1.924299763904157912e+00 1.939248216724581253e+00 2.040730394040482398e+00 2.054847629470398562e+00 2.121100216231297075e+00 2.372473747919380482e+00 2.374343797359594888e+00 2.378505224510098603e+00 2.701292100798105000e+00 2.956899235120881375e+00 3.548718478363594553e+00 3.590472062801336239e+00 3.814726773163393592e+00
4.761935839684887650e-01 4.806543833106110553e-01 6.219294387842310146e-01 6.570667744711015112e-01 7.750881399735193300e-01 7.873836038883071931e-01 1.070057941454475303e+00 1.104559300368745722e+00 1.180240750289488716e+00 1.393385195071148885e+00 1.437518425119475696e+00 1.492233030486992185e+00 1.549759345152528223e+00 1.606447078851862553e+00 1.703619431055231503e+00 1.811641078999082666e+00 1.835478651310653797e+00 1.914023357320851826e+00 1.945963077481392522e+00 2.033276690651303120e+00 2.059665509251741078e+00 2.125107190823585679e+00 2.366183509213026337e+00 2.373701807233112859e+00 2.378659258343457594e+00 2.707703450340198881e+00 2.957481751663300962e+00 3.527126040063484957e+00 3.604166838293368258e+00 3.814421658922154013e+00
4.395725021837895707e-01 4.441273557929347748e-01 6.187107727215257480e-01 6.620986284106563646e-01 7.823833609770177722e-01 8.022451121053247869e-01 1.084520123153409399e+00 1.094901903202182947e+00 1.202409195378490780e+00 1.381237199965722251e+00 1.428709797234352541e+00 1.518059674154467409e+00 1.529489293800792682e+00 1.604776169037140265e+00 1.701817690272753092e+00 1.809499649923731468e+00 1.852639161764042974e+00 1.901991921241438677e+00 1.952467231605064413e+00 2.026505814504523162e+00 2.061962384696869766e+00 2.130953118522373124e+00 2.356134168047889332e+00 2.372760392106228799e+00 2.378124711660794421e+00 2.718760631485692247e+00 2.958527963659188575e+00 3.506843836475139753e+00 3.610730981440100074e+00 3.813847311810548479e+00
4.007405130823157857e-01 4.042368404464456444e-01 5.708943323689514848e-01 6.958030416438505394e-01 7.652300180818683017e-01 8.389536364281284797e-01 1.095571552595210107e+00 1.105677151572427297e+00 1.223034338408217847e+00 1.370895754629847474e+00 1.419751042486350867e+00 1.506461927366124387e+00 1.544363719065011020e+00 1.595220696122449988e+00 1.700921919634962087e+00 1.808269228325252165e+00 1.872092933106889845e+00 1.889265180298385527e+00 1.958682018243413481e+00 2.020839687703476439e+00 2.061558784047219373e+00 2.137822663411292456e+00 2.342553597210959460e+00 2.371557312973783027e+00 2.376981533572636085e+00 2.734500679249749044e+00 2.960052519728697984e+00 3.488592085106764884e+00 3.609481013891636891e+00 3.812984851456052926e+00
3.603779765224208731e-01 3.621403556659307799e-01 5.171670028314803158e-01 6.896227031126219709e-01 7.687616446982158402e-01 8.822971924024002321e-01 1.106878534942191905e+00 1.131721080377640520e+00 1.241908196468724412e+00 1.362600980100784342e+00 1.410789977537896256e+00 1.482736104137545974e+00 1.566779947913447435e+00 1.580325267328998917e+00 1.698198747231624006e+00 1.808421391679541967e+00 1.873494909034894906e+00 1.895648966245500722e+00 1.964489614577538568e+00 2.016670875268403940e+00 2.058582323173929751e+00 2.145000837892970136e+00 2.326080580049314062e+00 2.370155147570672582e+00 2.375347868360436543e+00 2.754749741841139077e+00 2.962021650566322162e+00 3.472873408560977371e+00 3.600359632026743473e+00 3.811861019429680475e+00
3.186359295548309989e-01 3.188695537158076077e-01 4.593795431906040339e-01 6.361681004073195256e-01 8.031946300649643877e-01 9.305816989760452573e-01 1.125969297568640171e+00 1.160982999116528802e+00 1.259048679128465409e+00 1.356062227407960341e+00 1.401922677594698019e+00 1.457885508923417506e+00 1.562119029931541059e+00 1.583819905370923875e+00 1.691136209327321671e+00 1.810193154240609337e+00 1.860763291106994011e+00 1.917034912489452569e+00 1.969755820011730219e+00 2.014362602807845626e+00 2.053493711789412313e+00 2.151911029003835907e+00 2.307757438442933129e+00 2.368630180820963549e+00 2.373345274234476943e+00 2.779091624131328153e+00 2.964351281805945870e+00 3.459946097170996548e+00 3.583930449637145355e+00 3.810549728236583888e+00
2.742504255653230305e-01 2.763699362559460804e-01 3.986567129111824870e-01 5.647681672825098920e-01 8.424362480571374601e-01 9.823803267561619368e-01 1.149482394881147007e+00 1.192040222950710993e+00 1.274554839218798419e+00 1.350785781969816801e+00 1.393219409147507859e+00 1.432541698868299740e+00 1.541652263338112228e+00 1.593760200446172171e+00 1.678215573174458131e+00 1.813416588423159670e+00 1.849477956867062955e+00 1.937734120876599020e+00 1.974365350471856795e+00 2.014189385226540452e+00 2.047079787626227443e+00 2.158102567463250576e+00 2.288914876395649500e+00 2.367063510543635729e+00 2.371102846650179341e+00 2.806795597491144267e+00 2.966911143832800857e+00 3.449825087823912284e+00 3.561360359113301843e+00 3.809154274354086489e+00
2.293025483600764081e-01 2.328702388135071855e-01 3.358026167345458113e-01 4.830001511258457669e-01 8.811966777031777776e-01 1.036235182919165831e+00 1.174611116198321037e+00 1.223645975596023616e+00 1.288559343518834721e+00 1.346323303367248370e+00 1.384727861843023877e+00 1.407616070348376214e+00 1.519310390762509400e+00 1.596007881133710171e+00 1.659131143458906887e+00 1.817439671071292340e+00 1.840755034557959524e+00 1.956157456179825838e+00 1.978277456307173221e+00 2.016169608740893349e+00 2.040426003925903231e+00 2.163242894689379803e+00 2.270987100721238328e+00 2.365536684251426269e+00 2.368758380067133018e+00 2.836720502143469158e+00 2.969534883162784134e+00 3.442312325285764363e+00 3.534394803845103183e+00 3.807783456257641586e+00
1.839609026137867254e-01 1.882883278967793228e-01 2.714978058040942166e-01 3.939817681427560947e-01 9.176106775856820441e-01 1.090489467030060666e+00 1.198819624430450537e+00 1.254612011372286062e+00 1.301220574525205897e+00 1.342464376195642517e+00 1.376464244109842028e+00 1.384509524077413678e+00 1.495126393215172156e+00 1.591320965369020124e+00 1.635005081704486773e+00 1.821342803352899775e+00 1.834745791530720593e+00 1.970971682033866301e+00 1.981545244255206617e+00 2.019885859411633344e+00 2.034871553938994548e+00 2.167138477921386031e+00 2.255274822974087545e+00 2.364130825781075362e+00 2.366461569907833962e+00 2.867211750873244203e+00 2.972035284853741022e+00 3.437052904952207832e+00 3.505335833041057558e+00 3.806534772020193191e+00
1.383044209894221666e-01 1.425696837476295442e-01 2.064426081199951246e-01 2.997257236022151661e-01 9.500134267804887234e-01 1.142994598789520255e+00 1.219283230801002427e+00 1.283658199161466618e+00 1.312743643274597138e+00 1.339402861012256585e+00 1.365224320049671425e+00 1.368397493789121011e+00 1.469079382993420557e+00 1.581741708554140535e+00 1.608401801379961249e+00 1.824384059943854997e+00 1.831013319446044285e+00 1.980989451576919302e+00 1.984228238483396023e+00 2.024482527085847305e+00 2.031765860873526730e+00 2.169777030185718658e+00 2.242714841339132459e+00 2.362926063094972218e+00 2.364379943284165009e+00 2.896011600996627688e+00 2.974222868917678841e+00 3.433608343360861515e+00 3.477030587379040583e+00 3.805487123587228737e+00
9.238025841431685148e-02 9.577402114547500789e-02 1.416548956957749961e-01 2.017816524406902956e-01 9.763278811384895617e-01 1.190378555133079219e+00 1.233031012987315878e+00 1.309223889231110771e+00 1.323442967029013539e+00 1.337872555042525446e+00 1.351771400262325784e+00 1.360413350946235056e+00 1.441731194582937858e+00 1.570386290218878544e+00 1.583240133828101470e+00 1.826301241143921228e+00 1.828920357486364612e+00 1.986012437253497742e+00 1.986291051085419701e+00 2.028868200303985070e+00 2.031506997965639272e+00 2.171339838838547198e+00 2.233760185700506273e+00 2.361998247555039399e+00 2.362697810985766811e+00 2.920248146729709227e+00 2.975925434761619304e+00 3.431535388300082534e+00 3.452821397904256795e+00 3.804699396809495759e+00
4.624771659132925067e-02 4.812379198752018972e-02 8.007455494966045362e-02 1.014708987895002884e-01 9.939236611994910486e-01 1.226364833859203474e+00 1.239155513970166878e+00 1.329261937722715725e+00 1.333673804574533106e+00 1.338461701560709427e+00 1.344381896163423074e+00 1.352189845320905581e+00 1.416235507763265788e+00 1.561095627347353743e+00 1.564596401774303258e+00 1.827252965177635247e+00 1.827906504020369471e+00 1.987612368388805617e+00 1.987644075986682912e+00 2.031997457264253182e+00 2.032661423732255557e+00 2.172116283809505610e+00 2.228463527927327270e+00 2.361411945332719142e+00 2.361595932187956048e+00 2.936692229107665142e+00 2.977005893768857270e+00 3.430458820143412080e+00 3.436266817409008301e+00 3.804211549701395079e+00
-2.981546298945473612e-05 -8.530355343137972345e-06 -3.369382367362038527e-08 4.291537376402403819e-02 1.000181563733325341e+00 1.240466517747709663e+00 1.240580004916680190e+00 1.339608969060090304e+00 1.339760777023321969e+00 1.341521275256706280e+00 1.341564564012213134e+00 1.343945685335858231e+00 1.403700719150838383e+00 1.557475832631684209e+00 1.557594762457032767e+00 1.827526044557868490e+00 1.827609765601285963e+00 1.987920136057657494e+00 1.988069420198605775e+00 2.033129221520927121e+00 2.033301808780005882e+00 2.172346190438392721e+00 2.226717519530292400e+00 2.361211262973792024e+00 2.361211413138119664e+00 2.942554694752005151e+00 2.977376166804550195e+00 3.430129079331368125e+00 3.430346833272553297e+00 3.804046462599514733e+00
4.382603673843151609e-02 4.382990723808410927e-02 5.425384820130938618e-02 1.137512427166285228e-01 1.001188419864067258e+00 1.238008449514047538e+00 1.238118797225257195e+00 1.318508083193612679e+00 1.318590854933015200e+00 1.344071119209711451e+00 1.361943858805712448e+00 1.362036648172176845e+00 1.403237654205894636e+00 1.558704516388680128e+00 1.558823263472283838e+00 1.827615246919314984e+00 1.827698734436057793e+00 1.989900200957885223e+00 1.990056500132356243e+00 2.030998444323075081e+00 2.031179089321607734e+00 2.154943990039484891e+00 2.240951774864689217e+00 2.363352499904443516e+00 2.363353573621679526e+00 2.908966421802635871e+00 3.016793344066866833e+00 3.428153808470555397e+00 3.428372010618121468e+00 3.802797368676636758e+00
7.851627754127135650e-02 8.730162593008433669e-02 8.730983038976357358e-02 2.255770990318736735e-01 1.004159863082467519e+00 1.228805795419399605e+00 1.228901844986757030e+00 1.299684200255877942e+00 1.299743679373992711e+00 1.344494811983341309e+00 1.380795504341040703e+00 1.380892562774983956e+00 1.401869491004817725e+00 1.562329186223497368e+00 1.562447386839449948e+00 1.827679813431988487e+00 1.827762391741687642e+00 1.995229129526360445e+00 1.995413602382461127e+00 2.025406658201003740e+00 2.025618581732392620e+00 2.121427364255977110e+00 2.265009016182604640e+00 2.369525348480025606e+00 2.369529146757779703e+00 2.867924504467516567e+00 3.074948978180977122e+00 3.422346760841763036e+00 3.422566294386931496e+00 3.799055795897146037e+00
1.061121892263869604e-01 1.300304304450384807e-01 1.300413670767145147e-01 3.335185683192085637e-01 1.008987599346611086e+00 1.209852423529972354e+00 1.209923883361166741e+00 1.288338060531226903e+00 1.288365695303912872e+00 1.345209562922016877e+00 1.396682773746106276e+00 1.396778793802239127e+00 1.399658594783448340e+00 1.568191408611669502e+00 1.568308828229139085e+00 1.827070350362137496e+00 1.827150880618386264e+00 2.000601616153762752e+00 2.000827564198384589e+00 2.020222415756609546e+00 2.020480820961250146e+00 2.082596916860933067e+00 2.288234845898278635e+00 2.379067586526264488e+00 2.379075748303050020e+00 2.831306409538372204e+00 3.138907756733831711e+00 3.413063595450037457e+00 3.413285307663123547e+00 3.792827176059490490e+00
1.335491968480942426e-01 1.715234175868000921e-01 1.715362085043972695e-01 4.355285270763554761e-01 1.015609806399861759e+00 1.182688343713268697e+00 1.182743094104645731e+00 1.283896117895915623e+00 1.283901140696430687e+00 1.346227505658557089e+00 1.396705149389594114e+00 1.409812295784195202e+00 1.409902064190387216e+00 1.576112673403908371e+00 1.576229517696704940e+00 1.824647378635269268e+00 1.824724320629860452e+00 1.997492902847900265e+00 1.997605885877362653e+00 2.024959536799781024e+00 2.025111445973995394e+00 2.040690122178410615e+00 2.308693365998672586e+00 2.391096483218384083e+00 2.391110328288688525e+00 2.799561812576520925e+00 3.206631919069323100e+00 3.400894170783435033e+00 3.401118872875688925e+00 3.784084671535598687e+00
1.593038392684066884e-01 2.111504140136919450e-01 2.111638549005025178e-01 5.293868366078090526e-01 1.024144130623341198e+00 1.151621548765864755e+00 1.151671528795758848e+00 1.282977624844891862e+00 1.282982084119638433e+00 1.347561921493667159e+00 1.393145395690084110e+00 1.420680403137021264e+00 1.420760328257129723e+00 1.585993980694052397e+00 1.586111204227889981e+00 1.818937633823391575e+00 1.819009232858164404e+00 1.989479665629404259e+00 1.989519908866189235e+00 1.996805916064670061e+00 2.036725840309348889e+00 2.036812161113311870e+00 2.325867668689258760e+00 2.404660231126197978e+00 2.404680593816748591e+00 2.772737398784907104e+00 3.276139497289327629e+00 3.386655086209338528e+00 3.386883698434543177e+00 3.772725309599634258e+00
1.824490737956003805e-01 2.480917557324939793e-01 2.481045898027179342e-01 6.126200413871932815e-01 1.034958446110927799e+00 1.119928117015963176e+00 1.119980185460563105e+00 1.283379767774909253e+00 1.283386032875884375e+00 1.349222218437043930e+00 1.389144797212696458e+00 1.429760550715556633e+00 1.429828196094454773e+00 1.597866790706366613e+00 1.597986318668411343e+00 1.808677554336541426e+00 1.808741789916434417e+00 1.952146013778335076e+00 1.982758155336566297e+00 1.982775979832887447e+00 2.049798429395292221e+00 2.049869448155509311e+00 2.339630192585858914e+00 2.418790859529092785e+00 2.418817965668218051e+00 2.750855109820804056e+00 3.345280691674448192e+00 3.371371923084133471e+00 3.371608650393493001e+00 3.758526014865612552e+00
2.023003696790574568e-01 2.812982070654446165e-01 2.813093209948754891e-01 6.825734300127508369e-01 1.048488459404568029e+00 1.089950150328682810e+00 1.090007405455944545e+00 1.284076361205908956e+00 1.284080945537232843e+00 1.351203642793193271e+00 1.384897264557744423e+00 1.437322014737579368e+00 1.437376729133807318e+00 1.611834459500736338e+00 1.611959535575970381e+00 1.793544829433884713e+00 1.793598902877632018e+00 1.908443914008461251e+00 1.978884793300568656e+00 1.978897326013168145e+00 2.062203049481181161e+00 2.062275213286874909e+00 2.350081805591190509e+00 2.432491282926612985e+00 2.432524717424534355e+00 2.733839106724765156e+00 3.356241873354784744e+00 3.356473732580402380e+00 3.411959268302972692e+00 3.741113049732717855e+00
2.183155439699047129e-01 3.094815507484366957e-01 3.094901994913648591e-01 7.369085741508132337e-01 1.063708518759541866e+00 1.063772294918309491e+00 1.064531318067725829e+00 1.284651069191308892e+00 1.284652876998578996e+00 1.353464590573365545e+00 1.380632498236393113e+00 1.443404450127385052e+00 1.443447305102603551e+00 1.627887901005276250e+00 1.628024041124627841e+00 1.774449366828766639e+00 1.774488534789808503e+00 1.868237886303395934e+00 1.977558637866896785e+00 1.977572223632751758e+00 2.072820826921207171e+00 2.072899396384104698e+00 2.357514141215479420e+00 2.444721804689878208e+00 2.444760592408118605e+00 2.721419367306249448e+00 3.342564097793438549e+00 3.342801055110727670e+00 3.474294438918476224e+00 3.719961265899700553e+00
2.300685328440496280e-01 3.311790494567773413e-01 3.311850868440073814e-01 7.745378987132401916e-01 1.043120352145843643e+00 1.043189359589375975e+00 1.081114212796676632e+00 1.284999688752494151e+00 1.285000451994915638e+00 1.355868726505860433e+00 1.376657335771061419e+00 1.447901230582946619e+00 1.447934696921491238e+00 1.645543428899544081e+00 1.645701060204120436e+00 1.753304916019381876e+00 1.753319729287409201e+00 1.834964701135879395e+00 1.977722051077076104e+00 1.977738550829541531e+00 2.080890800281317787e+00 2.080976281560929397e+00 2.362348734493878943e+00 2.454439970850836428e+00 2.454482748056073582e+00 2.713133577883839020e+00 3.331626132870712631e+00 3.331866360423662687e+00 3.530838943988348078e+00 3.694456131764813911e+00
2.372478156006983530e-01 3.449444002631511519e-01 3.449484234171938390e-01 7.961019254106475040e-01 1.029914713842457807e+00 1.029987651147628025e+00 1.094144131199070280e+00 1.285160632506107348e+00 1.285163113900664955e+00 1.358022688448060400e+00 1.373501630340344448e+00 1.450669388441053087e+00 1.450696884121612351e+00 1.662779653931903301e+00 1.662979841434274686e+00 1.733396586253872051e+00 1.733426087122209136e+00 1.812622361859078657e+00 1.978301178066552923e+00 1.978320184476716426e+00 2.085916455051579188e+00 2.086006907823427348e+00 2.365026361338667282e+00 2.460714036565524676e+00 2.460759243867349788e+00 2.708448278934255438e+00 3.324545972496002921e+00 3.324788258075369818e+00 3.580375564361322205e+00 3.664215333143715725e+00
2.396623965571285653e-01 3.496726186835186212e-01 3.496758811715364734e-01 8.030513547559648968e-01 1.025355916084598196e+00 1.025430270686340073e+00 1.099142860609274353e+00 1.285204165225756423e+00 1.285207242209838174e+00 1.358996590247765646e+00 1.372183617699748615e+00 1.451604340381063230e+00 1.451629793917609046e+00 1.671818010742343930e+00 1.672063408857525690e+00 1.723339716200125826e+00 1.723415018924929987e+00 1.804698564265239336e+00 1.978576520192848021e+00 1.978596480725300921e+00 2.087621083219826090e+00 2.087713322222125356e+00 2.365878087189862811e+00 2.462885186881384580e+00 2.462931206282701346e+00 2.706940052799108098e+00 3.322093936613142784e+00 3.322336933356098143e+00 3.614053237127054619e+00 3.637083947747006274e+00
2.454456351193822772e-01 3.537440289743985500e-01 3.593749066430227401e-01 7.932289328343247181e-01 1.024464027636392105e+00 1.027990694249470982e+00 1.103735048207451719e+00 1.264700902676934691e+00 1.281208999779384738e+00 1.354724785729173320e+00 1.388153412283406052e+00 1.450164390473827947e+00 1.452126336761562886e+00 1.673123494160494440e+00 1.676483715186833257e+00 1.724625650053627224e+00 1.724736492017743261e+00 1.808381907343639350e+00 1.978301744193532219e+00 1.979962245739021798e+00 2.086390731845690016e+00 2.087290078170745300e+00 2.365411038379793052e+00 2.462656448519549457e+00 2.463467447362877039e+00 2.704692906793071394e+00 3.322526333362701756e+00 3.324320255496808763e+00 3.613748428862568751e+00 3.636899486599559417e+00
2.611427816985670280e-01 3.660865690744891099e-01 3.867931664234620648e-01 7.666931673083997589e-01 1.021487989474601843e+00 1.033445809725541897e+00 1.117026393596659339e+00 1.223859383068663931e+00 1.268561370809586419e+00 1.344413911980815168e+00 1.412663367704202200e+00 1.449188009728603177e+00 1.453061325509584778e+00 1.676530294985116409e+00 1.688502366728354520e+00 1.728455467863635686e+00 1.728992254044156907e+00 1.819119627322473010e+00 1.977457369997067893e+00 1.983880715287144936e+00 2.082513337608085102e+00 2.086214871897777989e+00 2.364065234319967512e+00 2.461868416020843497e+00 2.465157151247301393e+00 2.698188682292602891e+00 3.323636377380386087e+00 3.330387687837734756e+00 3.612778778435044025e+00 3.636354449424759938e+00
2.827540483033862961e-01 3.869747421996263537e-01 4.278940212467835513e-01 7.291453616246748037e-01 1.016030891114667822e+00 1.038483737135128315e+00 1.136655552962121174e+00 1.178491541068405590e+00 1.246549424258292849e+00 1.332783399785246958e+00 1.417320647707845716e+00 1.453447416605631481e+00 1.463279486771816629e+00 1.681248869829437886e+00 1.704340929636605217e+00 1.734755893764981183e+00 1.737254431243177910e+00 1.835932286781910783e+00 1.976036112931646160e+00 1.989838469413834687e+00 2.076102327616925258e+00 2.084406860756601532e+00 2.361996629639118161e+00 2.460558308932077498e+00 2.467894685526726750e+00 2.688111148214597179e+00 3.325389726820308312e+00 3.340352164851008610e+00 3.610988547716485808e+00 3.635477617525058935e+00
3.059716306320040546e-01 4.162144967797131168e-01 4.781426384910156813e-01 6.855557258255603470e-01 1.007170735482299850e+00 1.042233641024307378e+00 1.134160140929196148e+00 1.157881955053796874e+00 1.217280925102019129e+00 1.322632170006169394e+00 1.405189557456537619e+00 1.452786081735118140e+00 1.487032255923047552e+00 1.686349632409511523e+00 1.719349407156039344e+00 1.743319053450846923e+00 1.751303354124933653e+00 1.857130308920172279e+00 1.974029555939350367e+00 1.997207723567764992e+00 2.067253098719705307e+00 2.081850859949230692e+00 2.359434160846388906e+00 2.458746347994329451e+00 2.471530625175338169e+00 2.675507120561757102e+00 3.327662371362320570e+00 3.353936684180999439e+00 3.608149114317940498e+00 3.634325974733644493e+00
3.277536517277648831e-01 4.521129787441158787e-01 5.335872705593303067e-01 6.401451221539867786e-01 9.933976109705354718e-01 1.044943302548639874e+00 1.094710569020985957e+00 1.162979459134073190e+00 1.197516566613388456e+00 1.314723092036112817e+00 1.387384354203099246e+00 1.450929102276853788e+00 1.509697304196153445e+00 1.691194972108222894e+00 1.731596999947430104e+00 1.753740672719202642e+00 1.770680888840348022e+00 1.880424870658727876e+00 1.971449465533434031e+00 2.005491007587623109e+00 2.056126464205550342e+00 2.078552707047403469e+00 2.356641257120822175e+00 2.456483814330517212e+00 2.475815356224406294e+00 2.661650561166406970e+00 3.330291860180608854e+00 3.370701166864668252e+00 3.604000007927372629e+00 3.632987217459480611e+00
3.462674206721924608e-01 4.896950898786454620e-01 5.910293027288436862e-01 5.991489722881925273e-01 9.734066042408512365e-01 1.046704035542675326e+00 1.063137331133417574e+00 1.128409788895448962e+00 1.210372578991373071e+00 1.309732746626610655e+00 1.366673943004994563e+00 1.447880409071117924e+00 1.529541829880307846e+00 1.695533975229956747e+00 1.742459038514616365e+00 1.765509481070963282e+00 1.792134073619978452e+00 1.903244180559314991e+00 1.968348589122728365e+00 2.014488432628198211e+00 2.042988854237433483e+00 2.074564891168069192e+00 2.353874998844255106e+00 2.453867091538465939e+00 2.480397345031596146e+00 2.647866259019990398e+00 3.333092801265982619e+00 3.390031356451029598e+00 3.598297346522725704e+00 3.631569114357408701e+00
3.595944281758775563e-01 5.091025669264019893e-01 5.839881686560320917e-01 6.480323374978659290e-01 9.485363657314385133e-01 1.039121614637880553e+00 1.046670243558066371e+00 1.085797677133568007e+00 1.224519830531553888e+00 1.308996363456987444e+00 1.344474405360807534e+00 1.443731415184820843e+00 1.546328629028437929e+00 1.699363973612751710e+00 1.752921152300267238e+00 1.778131651024173587e+00 1.813109001807209131e+00 1.923221142347321333e+00 1.964843945463371711e+00 2.023902270053773211e+00 2.028579609813885298e+00 2.070020039956132152e+00 2.351351145541565213e+00 2.451046003049961008e+00 2.484860051802303627e+00 2.635336734623935584e+00 3.335871491026778823e+00 3.411162790383324595e+00 3.590857959962348467e+00 3.630180170451978050e+00
3.645522594175605313e-01 4.925489859931539427e-01 6.161181549830643256e-01 7.022251145211071410e-01 9.229940424193691095e-01 1.020301708771711224e+00 1.027406065206165620e+00 1.058460885283186492e+00 1.232834175335514537e+00 1.313496291434791852e+00 1.322162074209698446e+00 1.438684327150523190e+00 1.559966839070376254e+00 1.702750207680004513e+00 1.762975611227335815e+00 1.791141904494337078e+00 1.832142117723126296e+00 1.938799652812209784e+00 1.961140161603828869e+00 2.012278678905034202e+00 2.034827942652502220e+00 2.065168437512705957e+00 2.349221547017893208e+00 2.448223064581707131e+00 2.488799692577422285e+00 2.624927335748734603e+00 3.338440126357968385e+00 3.433229363728254047e+00 3.581589746914630723e+00 3.628915005407474581e+00
3.580192959216947357e-01 4.754116530403567631e-01 6.642985303450187340e-01 7.513646690210019630e-01 9.007985282676910233e-01 9.808264530515278246e-01 1.003437743817559680e+00 1.056064886669794367e+00 1.235682582121982342e+00 1.301377288167232305e+00 1.321939920506200794e+00 1.433121266965547536e+00 1.570387457135490772e+00 1.705691547912497663e+00 1.772094057337449291e+00 1.803941132735761288e+00 1.848240251104855680e+00 1.949620257040199478e+00 1.957546707987187995e+00 1.996656191567013128e+00 2.044923139943809254e+00 2.060409814579069465e+00 2.347567707111084978e+00 2.445640607625619189e+00 2.491920350947641083e+00 2.617075845770459708e+00 3.340629428318444116e+00 3.455304262045059804e+00 3.570525221242374592e+00 3.627850203350247327e+00
3.432022483798088386e-01 4.684628478898291148e-01 7.163466622553117391e-01 7.924375161558003811e-01 8.846314743055493368e-01 9.297719859154577327e-01 9.874756807850255669e-01 1.056342385134484418e+00 1.235607639361133048e+00 1.284121911607279287e+00 1.331217933706315248e+00 1.427719266794411634e+00 1.577622211612029979e+00 1.708057775658935684e+00 1.779502158787418464e+00 1.815482053005302188e+00 1.860565694764600320e+00 1.954471964369164150e+00 1.956160383752788112e+00 1.982851224975495041e+00 2.053446645316689523e+00 2.056295741523102905e+00 2.346410775747791000e+00 2.443554116965638290e+00 2.494094909758964196e+00 2.611798481702949370e+00 3.342298757468073145e+00 3.476340433149115672e+00 3.557945699022201591e+00 3.627045496884976572e+00
3.294193839996438777e-01 4.671935872716870830e-01 7.696918665820124961e-01 8.205380605603517230e-01 8.763183393543086952e-01 8.771952406176526384e-01 9.739782141051893660e-01 1.056728808942395181e+00 1.234791703013045527e+00 1.272554161195783351e+00 1.338324402559015747e+00 1.423562941847085650e+00 1.581830383236654480e+00 1.709622376965479473e+00 1.784380544255695478e+00 1.823971458539411117e+00 1.868358349743813651e+00 1.952372331012027784e+00 1.958894652759167743e+00 1.973568020348062779e+00 2.053459671754872762e+00 2.059098840191981861e+00 2.345734368448297413e+00 2.442193629145092082e+00 2.495344741473369599e+00 2.608836344098479643e+00 3.343343337700711349e+00 3.494564655708194856e+00 3.545039733102373969e+00 3.626544618903571937e+00
3.240001672847475644e-01 4.672240856483546589e-01 8.197946069982027240e-01 8.273574584486943495e-01 8.302369136754144119e-01 8.747995356743376583e-01 9.680974668687800655e-01 1.056879632138570724e+00 1.234402812796168813e+00 1.268461707244540770e+00 1.341002491974106148e+00 1.421957662368026565e+00 1.583204522085861043e+00 1.710172617415603336e+00 1.786088455977537626e+00 1.827179238922261861e+00 1.871031865822961215e+00 1.951622622612032565e+00 1.959083860532428112e+00 1.970712580881610387e+00 2.052441926340084155e+00 2.061070811897227628e+00 2.345512771739782565e+00 2.441720690391699478e+00 2.495748283576455062e+00 2.607891270846926179e+00 3.343698764970448156e+00 3.503718688580181428e+00 3.537699893135972662e+00 3.626374599788897868e+00
3.275469388207299382e-01 4.659267096670759445e-01 8.041421979116573082e-01 8.229198080940325344e-01 8.306096411964918325e-01 8.914779027586094973e-01 9.739137293727421207e-01 1.056919792429983795e+00 1.232503070098970310e+00 1.268434024008388006e+00 1.336304089316435517e+00 1.418462631863671275e+00 1.589006482675940912e+00 1.712265964974702070e+00 1.784638189408215503e+00 1.827616243362699455e+00 1.870206091447931707e+00 1.951685796751698510e+00 1.959441050462217060e+00 1.972118737260432297e+00 2.051671611149416652e+00 2.060533214098061894e+00 2.345637483317729810e+00 2.442522294853184395e+00 2.495256290972224456e+00 2.606652952288822878e+00 3.346675170935882182e+00 3.503344872223193018e+00 3.535607296301312097e+00 3.626420115621530993e+00
3.376154007661630874e-01 4.620811136399898822e-01 7.767745138202751809e-01 8.126131215271151786e-01 8.311536150322071936e-01 9.220627556105942535e-01 9.889168823096717853e-01 1.057032609885376839e+00 1.225361720962210299e+00 1.268263123757253252e+00 1.325515668792697221e+00 1.408628667809060264e+00 1.604545424733641479e+00 1.717776846586855033e+00 1.780396560658415117e+00 1.828851675332588744e+00 1.867980553349806394e+00 1.951901522089200647e+00 1.959649220339835241e+00 1.976826884563894993e+00 2.049487323283588402e+00 2.059015250702749711e+00 2.346017024805579609e+00 2.444875539233227535e+00 2.493738426339668468e+00 2.603201050655606252e+00 3.355415352371216908e+00 3.502224140488045645e+00 3.529431331829921081e+00 3.626541214140804215e+00
3.526273558849581935e-01 4.557345051283712700e-01 7.494016372652153590e-01 8.019104844587466863e-01 8.308586998035435434e-01 9.552432375053657720e-01 1.008628684396651209e+00 1.057229144489293393e+00 1.209547706157628966e+00 1.267680370442237470e+00 1.315951117508512347e+00 1.394129105221965981e+00 1.625934921489842422e+00 1.724862144477379289e+00 1.773616308369801775e+00 1.830753011150831000e+00 1.864897637001340591e+00 1.952295384493474062e+00 1.959057419726278670e+00 1.984629259922062516e+00 2.046155555606361975e+00 2.056814245743276093e+00 2.346647651358601649e+00 2.448627511695371517e+00 2.491109733906210266e+00 2.598255717313454394e+00 3.369367494446319444e+00 3.500358705818565674e+00 3.519477793317681957e+00 3.626698853111416376e+00
3.703072908188777546e-01 4.469117478998119730e-01 7.252549704803413766e-01 7.952966228822687667e-01 8.286272606112305983e-01 9.884886508464652000e-01 1.029332777449447622e+00 1.057691728930362896e+00 1.183551988411549738e+00 1.266256786728679140e+00 1.312735985300436337e+00 1.377162902609093909e+00 1.649530857578283660e+00 1.731561962058431936e+00 1.764651453798204095e+00 1.833290398066820259e+00 1.861386412854233008e+00 1.952907585598904650e+00 1.957952206866532263e+00 1.994218055852949423e+00 2.041886063237729587e+00 2.054401540221583389e+00 2.347466698415893838e+00 2.453527750309508537e+00 2.487339279698567385e+00 2.592814053553423204e+00 3.387656599679668368e+00 3.497756897033330592e+00 3.506252149563621412e+00 3.626847949098782831e+00
3.880257833910572551e-01 4.360101377675931755e-01 7.065127304246995310e-01 7.950322061307253385e-01 8.238566868226102624e-01 1.020588925324184437e+00 1.046994542864246203e+00 1.059889186809787276e+00 1.150255946578388366e+00 1.263627363389781877e+00 1.315788718310239025e+00 1.360111281750922219e+00 1.672306816601172308e+00 1.736534373561389399e+00 1.754199543532864558e+00 1.836615972703281363e+00 1.857480667045754874e+00 1.953719193197989146e+00 1.956686991510691698e+00 2.004313895516670385e+00 2.036709417034100689e+00 2.052315699573474816e+00 2.348312774087976340e+00 2.459233391853504536e+00 2.482543999418286074e+00 2.587929368908507222e+00 3.409116579852732976e+00 3.490375283946873797e+00 3.494531420723603787e+00 3.626954753645693863e+00
4.032203800228117418e-01 4.243626550045098700e-01 6.950047008477697741e-01 8.006012545674512371e-01 8.168067574711702639e-01 1.050688338667666644e+00 1.053623922123534618e+00 1.069608006928627120e+00 1.113970424404228554e+00 1.260238966671741290e+00 1.323081721271745392e+00 1.345058724972597597e+00 1.690801044558370325e+00 1.739247834987094121e+00 1.744139950871571365e+00 1.841046563839273675e+00 1.852807186891396896e+00 1.954534717191109161e+00 1.955600412967126056e+00 2.014004659068071135e+00 2.030423655684249429e+00 2.051024180919831963e+00 2.348953699431310493e+00 2.465320815328389426e+00 2.477022782793843803e+00 2.584526924379756174e+00 3.432190832220547883e+00 3.472729242473187483e+00 3.490886062778419063e+00 3.627006126350234005e+00
4.138726134682936819e-01 4.144633071538025293e-01 6.914375374660036710e-01 8.086077580507963214e-01 8.089023522885556705e-01 1.054326888150643127e+00 1.077060293757867271e+00 1.079506707445069491e+00 1.079931037780674341e+00 1.258333009622677023e+00 1.332837023758027595e+00 1.333063863437314867e+00 1.698678582899285194e+00 1.739560099971477314e+00 1.739827325885942244e+00 1.846846307263517062e+00 1.846952417079370745e+00 1.955014302729183306e+00 1.955048481117281467e+00 2.022744224006396419e+00 2.022850101440428983e+00 2.050662074888809361e+00 2.349198498774419441e+00 2.471163055263801756e+00 2.471364418286173148e+00 2.583289819569190460e+00 3.453893016895271728e+00 3.454122631596066029e+00 3.488503579348786410e+00 3.627011656627565195e+00
4.084050845548063413e-01 4.196893606863170145e-01 6.928210892536024179e-01 8.020827782143272744e-01 8.141263656200863341e-01 1.049374147875432817e+00 1.053961545754477758e+00 1.084721153039881703e+00 1.101698302780932837e+00 1.260986026845408059e+00 1.323800134199327738e+00 1.343673174381031954e+00 1.692701113810894054e+00 1.738145697326350714e+00 1.743503039052611614e+00 1.840095362725987060e+00 1.853749034258303841e+00 1.955051911112186014e+00 1.955147728303692656e+00 2.014803719826344874e+00 2.030331738006462494e+00 2.050375072700830081e+00 2.349082863990868297e+00 2.466142532037527868e+00 2.476266112132631037e+00 2.584199525349256454e+00 3.436140664482796314e+00 3.464955229875577913e+00 3.494394373460421921e+00 3.627040597230132501e+00
4.090289310147735002e-01 4.200265874852893155e-01 6.927536988680103036e-01 7.997636426993153247e-01 8.132160382966165946e-01 1.025579245142062890e+00 1.053092950367552350e+00 1.087199596111035227e+00 1.123829948067249340e+00 1.269573011747496594e+00 1.315465375153426208e+00 1.355488596248060507e+00 1.679697933784729313e+00 1.735212788482033641e+00 1.748482365115144432e+00 1.831945484265710578e+00 1.861291328089836883e+00 1.954480802882682111e+00 1.955895558065533058e+00 2.006996481804085519e+00 2.037400938069449552e+00 2.049147284837670391e+00 2.348889689338202746e+00 2.461495659379833167e+00 2.480547579993366281e+00 2.586999882543020046e+00 3.418554286117875929e+00 3.462597866609250730e+00 3.511076703417881362e+00 3.627124846314665252e+00
4.159842072769401322e-01 4.175240757914631118e-01 6.834309853731651563e-01 8.027681546398524048e-01 8.079777464205664117e-01 1.008986640892631792e+00 1.052101250482110562e+00 1.090364470096701233e+00 1.144829738109118811e+00 1.283227033252869020e+00 1.307067910452615944e+00 1.367700185075359620e+00 1.663819360125098346e+00 1.731150626355784983e+00 1.751022504968732685e+00 1.822684075021701267e+00 1.867478336180051768e+00 1.952856689956892433e+00 1.957215057463022934e+00 2.000995615660366767e+00 2.042944998117427691e+00 2.047416443449656231e+00 2.348750807644430338e+00 2.457727303717871070e+00 2.483725016149647136e+00 2.591751992203835009e+00 3.401696567933039539e+00 3.455163756161059307e+00 3.529685292851163059e+00 3.627312186879104949e+00
4.083183679295643298e-01 4.345263971889836707e-01 6.617808227012769162e-01 7.814315472948778485e-01 8.286784480037239220e-01 9.998445254768013601e-01 1.051379100975169623e+00 1.097010810374606571e+00 1.165146954192874951e+00 1.293643786902879622e+00 1.304278510621081910e+00 1.379794586534439205e+00 1.646356831197796966e+00 1.726300135836424499e+00 1.750735257243793530e+00 1.812610557902987418e+00 1.869332149120179087e+00 1.949619175298966445e+00 1.959055088057937155e+00 1.998849495704899004e+00 2.040413054420592065e+00 2.051399240357587139e+00 2.348813222561664027e+00 2.455042466816167224e+00 2.485608132624571365e+00 2.598459839633731949e+00 3.386054009478726368e+00 3.445404092448893785e+00 3.546963728135493987e+00 3.627649972938249423e+00
3.977632204136461458e-01 4.596091646664669517e-01 6.307056905965171545e-01 7.499702843097518778e-01 8.586445466420946637e-01 9.974010659006836699e-01 1.050897289643572874e+00 1.108132415800655135e+00 1.185229312216568909e+00 1.283532469506798668e+00 1.322141689052138025e+00 1.391338747585699309e+00 1.627697876862202353e+00 1.720934538628489108e+00 1.748205994586884859e+00 1.802037132396638430e+00 1.864417431363115663e+00 1.944132699125030062e+00 1.961333667745405629e+00 2.002039768475435189e+00 2.033927240458804686e+00 2.057000150246024450e+00 2.349222503989056410e+00 2.453519477825523154e+00 2.486120733871455268e+00 2.607061432588270389e+00 3.372008690738114378e+00 3.433890030303966778e+00 3.562113598724246710e+00 3.628176004424697787e+00
3.849289296707616437e-01 4.916006012639022038e-01 5.938626456016414812e-01 7.104109234593383171e-01 8.941525910576505476e-01 1.000643729137673299e+00 1.050351704404549391e+00 1.123226089039949027e+00 1.205456378105810078e+00 1.269636779669830018e+00 1.342401003956968708e+00 1.401986558947886596e+00 1.607924461557064477e+00 1.715258130465885378e+00 1.744133746955726316e+00 1.791236772949641676e+00 1.852462959298331713e+00 1.935723531750888071e+00 1.963818723541613576e+00 2.010254881248604519e+00 2.025890992562687565e+00 2.062278451738659424e+00 2.350097030254428176e+00 2.453099134326241160e+00 2.485311113793234661e+00 2.617405391703555573e+00 3.359817635292098537e+00 3.420879687100324862e+00 3.574941891761166612e+00 3.628909264408984647e+00
3.702781021003229700e-01 5.289509026248334633e-01 5.539830022095884043e-01 6.650027332136982938e-01 9.316665773784628124e-01 1.009426199411865621e+00 1.049520183130850715e+00 1.140921366462009257e+00 1.226082233847836545e+00 1.253666449562807372e+00 1.362616257563831645e+00 1.411473504406647761e+00 1.586983287041913604e+00 1.709415108716996867e+00 1.739094978936013725e+00 1.780433392846876961e+00 1.834956122868409922e+00 1.923819058764262735e+00 1.966293697534881257e+00 2.017225853513217704e+00 2.021729623755456284e+00 2.067130448763411010e+00 2.351494288494091034e+00 2.453602499200757681e+00 2.483347633001862231e+00 2.629223990787228793e+00 3.349603185355450208e+00 3.406676851108062287e+00 3.585497264421885877e+00 3.629843279944678258e+00
3.541127664263501451e-01 5.131858851453581227e-01 5.699441169928625150e-01 6.158325562030401157e-01 9.656604475117669395e-01 1.026476024504479723e+00 1.048305151245704891e+00 1.159035882975159693e+00 1.236886847336675643e+00 1.247184376897384483e+00 1.381953075277247756e+00 1.419595697651783617e+00 1.564758261623268032e+00 1.703503511386199376e+00 1.733483397441670348e+00 1.769818000091905930e+00 1.813776370628066292e+00 1.908262481417500878e+00 1.968670924246845644e+00 2.008809335713630517e+00 2.034543696924969058e+00 2.071547124228404257e+00 2.353385182263900699e+00 2.454774542760663092e+00 2.480498563908470899e+00 2.642112527505045882e+00 3.341356662744576766e+00 3.391727611440066514e+00 3.593946190331131607e+00 3.630944234447298857e+00
3.365584550343613812e-01 4.734069916422383728e-01 5.642316049645702547e-01 6.134519791165762292e-01 9.889348906090228430e-01 1.046650527323856883e+00 1.056798886299850748e+00 1.172309488919559328e+00 1.223897319739891909e+00 1.268619728670517421e+00 1.399784461589509643e+00 1.426162812913628786e+00 1.541139454252354213e+00 1.697590446281512788e+00 1.727445732273282131e+00 1.759581385889014582e+00 1.790719022731543930e+00 1.889636383324205138e+00 1.970916181375549803e+00 2.001220087949297177e+00 2.047265840865093001e+00 2.075518443300417459e+00 2.355651666765339325e+00 2.456336710606806140e+00 2.477098699602902965e+00 2.655523429679307768e+00 3.334955477923322142e+00 3.376632276756154294e+00 3.600511313273886405e+00 3.632153650181009219e+00
3.175974375651383075e-01 4.366747308581059306e-01 5.128764189699152043e-01 6.570504579572714610e-01 1.002520821356477132e+00 1.044469296498050426e+00 1.097586224802904464e+00 1.169055413243418551e+00 1.226071150827274581e+00 1.289985684758400808e+00 1.415564414993442321e+00 1.430877344031499465e+00 1.516168561914008395e+00 1.691732961588818362e+00 1.720676451758696990e+00 1.749955443352850137e+00 1.767803415499730857e+00 1.869295479532588011e+00 1.972991861075602982e+00 1.994665275446417141e+00 2.058955808692843892e+00 2.079016757489982048e+00 2.358107744603736400e+00 2.458030791399870907e+00 2.473508628359711636e+00 2.668781706985550617e+00 3.330191390573396415e+00 3.362107405330344356e+00 3.605440205801746067e+00 3.633393829963976085e+00
2.973268921490535011e-01 4.050918813162446841e-01 4.634648973386811255e-01 6.994973282458329944e-01 1.011403858022837277e+00 1.041583949638692497e+00 1.142334957468120527e+00 1.151881754126543811e+00 1.240859886781388033e+00 1.310578185886296598e+00 1.428800285366994105e+00 1.432902708744260956e+00 1.490528191531926394e+00 1.686022418915632315e+00 1.711943061897277518e+00 1.741248770724020956e+00 1.747962362749818199e+00 1.849091827038654934e+00 1.974842667258398743e+00 1.989156744817865308e+00 2.069019694105274088e+00 2.081996503961032641e+00 2.360531944912052538e+00 2.459645412647241791e+00 2.470074595499534897e+00 2.681125222131304220e+00 3.326805707100702669e+00 3.348917287534618481e+00 3.608990180075953180e+00 3.634575245375192498e+00
2.766383735519158393e-01 3.803362261258080301e-01 4.188162047193226267e-01 7.386522516402792560e-01 1.017694498848573659e+00 1.037711881916032475e+00 1.131949873724284128e+00 1.187478805773420909e+00 1.257620844362601131e+00 1.329339382801894009e+00 1.428930348947410778e+00 1.439092311090493403e+00 1.467627920854105206e+00 1.680670206937160849e+00 1.699689273381137067e+00 1.733851781262434999e+00 1.734597559767778741e+00 1.831004635058278041e+00 1.976397918466490378e+00 1.984701101871543916e+00 2.077093487809444916e+00 2.084400731443927235e+00 2.362699549648263453e+00 2.461025310397446653e+00 2.467096493628496034e+00 2.691768158906731934e+00 3.324526453379812008e+00 3.337794842171422527e+00 3.611415898001720581e+00 3.635606525234150510e+00
2.578902328600543026e-01 3.630480970697638199e-01 3.824128711899540956e-01 7.716879734866681773e-01 1.022023161117800338e+00 1.032731947289696972e+00 1.114581135996244976e+00 1.230552325398762470e+00 1.272034773470582580e+00 1.344816576479214154e+00 1.411673233854416454e+00 1.446237470242054401e+00 1.455567071969238846e+00 1.676103828640088445e+00 1.686074469222575978e+00 1.727591593879946430e+00 1.728188538083218484e+00 1.816800468184018191e+00 1.977581144459096940e+00 1.981374622315069223e+00 2.082965465901333246e+00 2.086170622298421762e+00 2.364409056760725658e+00 2.462067956699035332e+00 2.464808647777034345e+00 2.699979875524287642e+00 3.323103033005494922e+00 3.329370332733404325e+00 3.612951682437262502e+00 3.636406016373815220e+00
2.445314837843269307e-01 3.529742066821673352e-01 3.582133500231083345e-01 7.946527186203949933e-01 1.024581886964694766e+00 1.027669912829352716e+00 1.103085901362432342e+00 1.267475478029341573e+00 1.281761727308029064e+00 1.355247771614064956e+00 1.386462706996711258e+00 1.450322112696438293e+00 1.452271670778972457e+00 1.672952318357292523e+00 1.675822800796013867e+00 1.724314885039371470e+00 1.724629014660966853e+00 1.807782725469498253e+00 1.978323366859536803e+00 1.979302213837613511e+00 2.086522714072466478e+00 2.087255459940017044e+00 2.365502178226115415e+00 2.462713197298219026e+00 2.463373644326596335e+00 2.705166359372955576e+00 3.322335120994000413e+00 3.324119942375321823e+00 3.613788841627852300e+00 3.636911262982768900e+00
2.396623965571285653e-01 3.496726186835186212e-01 3.496758811715364734e-01 8.030513547559648968e-01 1.025355916084598196e+00 1.025430270686340073e+00 1.099142860609274353e+00 1.285204165225756423e+00 1.285207242209838174e+00 1.358996590247765646e+00 1.372183617699748615e+00 1.451604340381063230e+00 1.451629793917609046e+00 1.671818010742343930e+00 1.672063408857525690e+00 1.723339716200125826e+00 1.723415018924929987e+00 1.804698564265239336e+00 1.978576520192848021e+00 1.978596480725300921e+00 2.087621083219826090e+00 2.087713322222125356e+00 2.365878087189862811e+00 2.462885186881384580e+00 2.462931206282701346e+00 2.706940052799108098e+00 3.322093936613142784e+00 3.322336933356098143e+00 3.614053237127054619e+00 3.637083947747006274e+00
3.240001672847475644e-01 4.672240856483546589e-01 8.197946069982027240e-01 8.273574584486943495e-01 8.302369136754144119e-01 8.747995356743376583e-01 9.680974668687800655e-01 1.056879632138570724e+00 1.234402812796168813e+00 1.268461707244540770e+00 1.341002491974106148e+00 1.421957662368026565e+00 1.583204522085861043e+00 1.710172617415603336e+00 1.786088455977537626e+00 1.827179238922261861e+00 1.871031865822961215e+00 1.951622622612032565e+00 1.959083860532428112e+00 1.970712580881610387e+00 2.052441926340084155e+00 2.061070811897227628e+00 2.345512771739782565e+00 2.441720690391699478e+00 2.495748283576455062e+00 2.607891270846926179e+00 3.343698764970448156e+00 3.503718688580181428e+00 3.537699893135972662e+00 3.626374599788897868e+00
3.286409723152023399e-01 4.657828646659383232e-01 8.189883787853551311e-01 8.230499038788244848e-01 8.305019107383646570e-01 8.757283791526461192e-01 9.731342454804734476e-01 1.044866879971902751e+00 1.234898843938752266e+00 1.275417430765781956e+00 1.341340158864823717e+00 1.422278117349559556e+00 1.582931370124922354e+00 1.709959390653377209e+00 1.780706600295894448e+00 1.832135503948972843e+00 1.870812556184723530e+00 1.947443657517103244e+00 1.959543474976359612e+00 1.973705405498137333e+00 2.050931592796518821e+00 2.063638921525835723e+00 2.345340982414475750e+00 2.439941274958110196e+00 2.493333983018653832e+00 2.608656529045340289e+00 3.346132967549418247e+00 3.484010609377302892e+00 3.540488767125770320e+00 3.640393475739903018e+00
3.420174832023299971e-01 4.614749283350100262e-01 8.114304287022223727e-01 8.172342676109286552e-01 8.311247758951494369e-01 8.783495330207703455e-01 9.805286330240128301e-01 1.019476344778276644e+00 1.236347571269450718e+00 1.291674278048045910e+00 1.342438071780579723e+00 1.423540702764375609e+00 1.582116830200931856e+00 1.709064491318974977e+00 1.768909845624745847e+00 1.842265242927963786e+00 1.869987456024199801e+00 1.939606759162911587e+00 1.958539590193167035e+00 1.981058218672206106e+00 2.046435632229970381e+00 2.071008978631044162e+00 2.344834670074109617e+00 2.434873962312159801e+00 2.486277302830349090e+00 2.611145041615093643e+00 3.353083190849362349e+00 3.439210917902857378e+00 3.548549719049463924e+00 3.668518120457174625e+00
3.626730668015047399e-01 4.543527635620420169e-01 7.959713428832182469e-01 8.142909540044929173e-01 8.316572994815317754e-01 8.823139808432403086e-01 9.525860172326868769e-01 1.023370188535462688e+00 1.238605259233667155e+00 1.309722298698402732e+00 1.344558762474732161e+00 1.426562703112017605e+00 1.580759375438302028e+00 1.706866179819043206e+00 1.754875688880892959e+00 1.852225646215526211e+00 1.868206211977229358e+00 1.930781056792295391e+00 1.957124846593897960e+00 1.990926363054785320e+00 2.039077463428030867e+00 2.082217375184497232e+00 2.344052900586148791e+00 2.427251898787006645e+00 2.475139280222361293e+00 2.615842560258162308e+00 3.362417438091577448e+00 3.384469821090306141e+00 3.561034773482680826e+00 3.697878651063749800e+00
3.886349174178612143e-01 4.445159775900021093e-01 7.768650061799521334e-01 8.110124538080787371e-01 8.315136554252469114e-01 8.872481813238772830e-01 9.035643583183325944e-01 1.046907580159923912e+00 1.241383692567701535e+00 1.324906545762255972e+00 1.348146732779123669e+00 1.432340817612983930e+00 1.578802867061951387e+00 1.702706741036934757e+00 1.739846348627788641e+00 1.858469436592184776e+00 1.865911619017223355e+00 1.921827722887203604e+00 1.957196362172447301e+00 2.002882893284601451e+00 2.029231228417635258e+00 2.095729431712357815e+00 2.343175265627773118e+00 2.418069532440702218e+00 2.460817675560496021e+00 2.623334193940088710e+00 3.318939997109244366e+00 3.379059666445889398e+00 3.576700764716710168e+00 3.724749049137648704e+00
4.177068916357953854e-01 4.321601914810017098e-01 7.507635940555950071e-01 8.077372194669951710e-01 8.301414254175878416e-01 8.562776951944846004e-01 8.927807918120640451e-01 1.073790468560694045e+00 1.244244924265441199e+00 1.335453805535024241e+00 1.353760226397763056e+00 1.441397711491086531e+00 1.576063242015052879e+00 1.696206527378267603e+00 1.724193177883285300e+00 1.856295397629744270e+00 1.866469970681619017e+00 1.913428699630033369e+00 1.959764624784581466e+00 2.015274162991304241e+00 2.019087488114103213e+00 2.109648341433055130e+00 2.342540306719333998e+00 2.408350927344570014e+00 2.444432829470628121e+00 2.634133665219765774e+00 3.253387187361015620e+00 3.393797820149907274e+00 3.594095843710413352e+00 3.748221445916947836e+00
4.170744083677670466e-01 4.481073216454052321e-01 7.118766384981758399e-01 8.047576330357518737e-01 8.216198878921200377e-01 8.276939003120659111e-01 8.984811880572590725e-01 1.100873785786755432e+00 1.246692612299659775e+00 1.341601259905297328e+00 1.361869803582121730e+00 1.453261242872327719e+00 1.572159676397956840e+00 1.687434851023000615e+00 1.708347723096121262e+00 1.849246848073066385e+00 1.867051107656802822e+00 1.906149561000147985e+00 1.963864642579407960e+00 2.005486663213869036e+00 2.032248953331844632e+00 2.122111319906484717e+00 2.342564781425786169e+00 2.398976599268921817e+00 2.427196879616686065e+00 2.648555378523193227e+00 3.186651365494766353e+00 3.408964374237916317e+00 3.611732872186821819e+00 3.768126856269603309e+00
3.998103053558168529e-01 4.773031666128614292e-01 6.628530166477626384e-01 8.021589973012696051e-01 8.024718164168705981e-01 8.231834836517369913e-01 9.039065088741625731e-01 1.126390337550382759e+00 1.248362322772351707e+00 1.344505311485031607e+00 1.372612031455583637e+00 1.466684839307214938e+00 1.566541755023742155e+00 1.676948513659510365e+00 1.693205481014642411e+00 1.840744607608783667e+00 1.866452032333947075e+00 1.900306890666126902e+00 1.965776057195715243e+00 1.997043219000143255e+00 2.047634089836380067e+00 2.131776587325470373e+00 2.343519818719124181e+00 2.390610231701674859e+00 2.410342872915159251e+00 2.666567092256644234e+00 3.121583275684270742e+00 3.423125492334035513e+00 3.628221189344166930e+00 3.784468993548097515e+00
3.804618896134594475e-01 5.034381616215944932e-01 6.143367985353852534e-01 7.916926768936295433e-01 8.006168230685211107e-01 8.177952656093427919e-01 9.086249147116408631e-01 1.148773002541020327e+00 1.249184123718625417e+00 1.345345805586340093e+00 1.385435244292430035e+00 1.480157315773423354e+00 1.558813386078505392e+00 1.665779752678643533e+00 1.680109439664818849e+00 1.832263692201477445e+00 1.865660410245262524e+00 1.895947940959067157e+00 1.961259936582224972e+00 1.995806358617568055e+00 2.062024846050289462e+00 2.138183859500295991e+00 2.345294500786119229e+00 2.383705033677911533e+00 2.395131132779608318e+00 2.687510250826369962e+00 3.061233857031652406e+00 3.435227935255017240e+00 3.642353653528058288e+00 3.797253630763959720e+00
3.606230211868442503e-01 5.243671239659772887e-01 5.752523751695276522e-01 7.858046780910171725e-01 7.998998463651019186e-01 8.120622849106324814e-01 9.122698378306659528e-01 1.166447992094927555e+00 1.249377176622237240e+00 1.345080701976399951e+00 1.398715167329953379e+00 1.492030897933720013e+00 1.549538182156416921e+00 1.655442438779322734e+00 1.670337722008472303e+00 1.825094405959274857e+00 1.865267840973384050e+00 1.892968781668604494e+00 1.953396327482074923e+00 1.998865422826918259e+00 2.073914212993249961e+00 2.141744315620617733e+00 2.347367639714996290e+00 2.378498878291392504e+00 2.382920784746720422e+00 2.709469669745793396e+00 3.009547366047257366e+00 3.444456153616290095e+00 3.653158452898462194e+00 3.806449569974166280e+00
3.445495844601035307e-01 5.380245744200374824e-01 5.507210131917366081e-01 7.827965569487570496e-01 8.004190510402433567e-01 8.069250593843583230e-01 9.145682221511653998e-01 1.177880491586531075e+00 1.249292482261831427e+00 1.344501952217074470e+00 1.409464977747703740e+00 1.500426627389911616e+00 1.541159870050449854e+00 1.647890339116721670e+00 1.664504937421119379e+00 1.820312107948386604e+00 1.865268469615529501e+00 1.891240504697230040e+00 1.947109310193297027e+00 2.001831089459058077e+00 2.081828776207090836e+00 2.143336403014417524e+00 2.349034503274104235e+00 2.374062172831392203e+00 2.376109180345248539e+00 2.728036459725754703e+00 2.972489253134241061e+00 3.450226671436278369e+00 3.659927657415035451e+00 3.812001387406937614e+00
3.381958328398945723e-01 5.423568408764363191e-01 5.429142984031780639e-01 7.818700948019331465e-01 8.017161191096462414e-01 8.039359902613396613e-01 9.153530564989056373e-01 1.181851493963058219e+00 1.249226445341756975e+00 1.344225793486989673e+00 1.413755957789854856e+00 1.503504452082613296e+00 1.537626631275158973e+00 1.645077503593330492e+00 1.662595233974967002e+00 1.818633927579115905e+00 1.865333513079441063e+00 1.890674415859898261e+00 1.944773940132896728e+00 2.002961641542482241e+00 2.084616118489593717e+00 2.143761810428793435e+00 2.349680215267349048e+00 2.371460948826378257e+00 2.374797726958871369e+00 2.735786521368048785e+00 2.958463830111285997e+00 3.452189115203533110e+00 3.662231979570894413e+00 3.813858676557869476e+00
5.365036371114321190e-01 5.369941715100848834e-01 5.372914609537692288e-01 6.839824135082291923e-01 7.690810599847309748e-01 7.693220448916738841e-01 1.062937780130303045e+00 1.137134715446172839e+00 1.137414963838172088e+00 1.412908170605384761e+00 1.453221102297238998e+00 1.453366854747254244e+00 1.585510365627237350e+00 1.585615533541572031e+00 1.708790407072420692e+00 1.816423332374036193e+00 1.816771097344794361e+00 1.932349658129275394e+00 1.932432459248453416e+00 2.047939832097783519e+00 2.048454144591187909e+00 2.119674381152591991e+00 2.374648389140041616e+00 2.374682240648058329e+00 2.378150965555575258e+00 2.699262509820545830e+00 2.956724324047719676e+00 3.570732337124575384e+00 3.570935171525873031e+00 3.814809825102453811e+00
5.149657332585128033e-01 5.153749743551020446e-01 5.442403079709924318e-01 6.783214315888468349e-01 7.881385136338669994e-01 7.883798416076712723e-01 1.068328638905983619e+00 1.130325764371510999e+00 1.130617199758671587e+00 1.407916137719579019e+00 1.482566552723977527e+00 1.482749164919156870e+00 1.555802143991375397e+00 1.555939452165062464e+00 1.707707321354915431e+00 1.824644814560134165e+00 1.824975892513365672e+00 1.929138217949295742e+00 1.929223677011250526e+00 2.039979340791770568e+00 2.040493876029135567e+00 2.137986445328149632e+00 2.364780884256657778e+00 2.381454952352022758e+00 2.381483937909075532e+00 2.694156742815057459e+00 2.965818566411625223e+00 3.570685942921083544e+00 3.570889081409771570e+00 3.814567940165610072e+00
4.909171052761586163e-01 4.913544095857856342e-01 5.736412885458808120e-01 6.735502333820401200e-01 8.066299396973307667e-01 8.068734084544350038e-01 1.073730928087511804e+00 1.121080622618752409e+00 1.121386870310723483e+00 1.399852811884343851e+00 1.509127085292906179e+00 1.509354619576660506e+00 1.529720675358611892e+00 1.529905028778219656e+00 1.706299939045422320e+00 1.834506582650413664e+00 1.834816344487675721e+00 1.928990883260474742e+00 1.929086395246145003e+00 2.029558649385969638e+00 2.030060697505629896e+00 2.156746979578594292e+00 2.347941940736124611e+00 2.390840431845956182e+00 2.390853156942482904e+00 2.678882760075465441e+00 2.997515172524154448e+00 3.566336567538571867e+00 3.566540973020242422e+00 3.810499658863474970e+00
4.660945796194377877e-01 4.665668936326258787e-01 6.201835185303844478e-01 6.700176708404549375e-01 8.236718580815792778e-01 8.239184317064695007e-01 1.078754537159384741e+00 1.109897242611342039e+00 1.110221110316263804e+00 1.389136011501301837e+00 1.493887470112550631e+00 1.493973339497998820e+00 1.546319460400729318e+00 1.546441567785178828e+00 1.704676799345377747e+00 1.845121944111171475e+00 1.845405062848897160e+00 1.932413638276425871e+00 1.932528411580790806e+00 2.017251438293707899e+00 2.017733094532058846e+00 2.174576882926932964e+00 2.328416240459570741e+00 2.402049743067560694e+00 2.402061696628911225e+00 2.659407290897727538e+00 3.044986781324245051e+00 3.557950257114410153e+00 3.558156833102752881e+00 3.802614814580702607e+00
4.419572884610890040e-01 4.424694416099567151e-01 6.679589953671029035e-01 6.782276003750575821e-01 8.383513235771364869e-01 8.386014050777689244e-01 1.083045903433105250e+00 1.097626340544685997e+00 1.097971999109397689e+00 1.376113655623870446e+00 1.466720314355538735e+00 1.466862200506479086e+00 1.575285940997825262e+00 1.575454542549820980e+00 1.702966612186098683e+00 1.855661721454226143e+00 1.855913284241861971e+00 1.939249608241480738e+00 1.939391341484174136e+00 2.003872114560508511e+00 2.004328446231563365e+00 2.188681204804741931e+00 2.308567834825177911e+00 2.414381276261158948e+00 2.414422670203050458e+00 2.640122138698895338e+00 3.102357188712576264e+00 3.546055117114036204e+00 3.546264660610708663e+00 3.790933371585625267e+00
4.201259866779250007e-01 4.206797691882110946e-01 6.674910384666488117e-01 7.426801613324814921e-01 8.495982735486732329e-01 8.498521118751508618e-01 1.085514857915420572e+00 1.085654003546681956e+00 1.086536358563383153e+00 1.360974060950646214e+00 1.440738340131907602e+00 1.440910235510818982e+00 1.603551153878564950e+00 1.603739749201523512e+00 1.701308827082847808e+00 1.865614005309401247e+00 1.865831358681963703e+00 1.947991448858495067e+00 1.948153653942225505e+00 1.990951956692632363e+00 1.991369831423735359e+00 2.193508400496769539e+00 2.293904045360811494e+00 2.427191051230313867e+00 2.427263572112739354e+00 2.623208181776509829e+00 3.165424355147956614e+00 3.531434685848614308e+00 3.531647835984503825e+00 3.775458965868825345e+00
4.023209387968494366e-01 4.029136452355644438e-01 6.686153172045754545e-01 8.095060333844203981e-01 8.561980165424547540e-01 8.564562223229916782e-01 1.075137231765398882e+00 1.075492392572328759e+00 1.088337045794397051e+00 1.343740614406828682e+00 1.416678870782427602e+00 1.416872810949697747e+00 1.630289450796330142e+00 1.630491301893840506e+00 1.699842183056234690e+00 1.874538870854884465e+00 1.874719766119400166e+00 1.953838667929995720e+00 1.953925887252919047e+00 1.983040335323018155e+00 1.983321228571102157e+00 2.182923321239236714e+00 2.291035552877779935e+00 2.439806255680937230e+00 2.439909169884519446e+00 2.609479772295932865e+00 3.230962754999318065e+00 3.515113098490827870e+00 3.515330281113131061e+00 3.756167438848911466e+00
3.901873864147290538e-01 3.908106772895821313e-01 6.712267750127700605e-01 8.570625686386179609e-01 8.573268853853311944e-01 8.755360642292711049e-01 1.068074572181893611e+00 1.068444447938022401e+00 1.088909975862229151e+00 1.324405145282253171e+00 1.394826897736989091e+00 1.395037405010549403e+00 1.655278358565412278e+00 1.655490603250307169e+00 1.698692127009709285e+00 1.881235751027937830e+00 1.881369995908748205e+00 1.950125901616789781e+00 1.950207555691884753e+00 1.986932354850820870e+00 1.986974058465741599e+00 2.159332524051453817e+00 2.298568257435627871e+00 2.451478195743471922e+00 2.451608993767129263e+00 2.599031781452941559e+00 3.296236344293303588e+00 3.498323838314965517e+00 3.498545213580231739e+00 3.733042983582402830e+00
3.850214077032749760e-01 3.856614516260403747e-01 6.751260441994750838e-01 8.517654147624426075e-01 8.520370642784750315e-01 9.378962501084848746e-01 1.065333880020210122e+00 1.065710751973730108e+00 1.087989854293527348e+00 1.303284024789592044e+00 1.375358278822752522e+00 1.375580410221064032e+00 1.678563109557090982e+00 1.678784711303876964e+00 1.697958542662300951e+00 1.882861927457115003e+00 1.882923356156067873e+00 1.944352389872575415e+00 1.944445878519273530e+00 1.996718438295281173e+00 1.996780747213981355e+00 2.130110228798243632e+00 2.310592095492050912e+00 2.461349917270262200e+00 2.461504934569652470e+00 2.591599180733224372e+00 3.358713486805785742e+00 3.482449620109968613e+00 3.482675066724627566e+00 3.706229739062569362e+00
3.874774453568656796e-01 3.881170106516031448e-01 6.800333777210183506e-01 8.409237227666730430e-01 8.412037965940775130e-01 9.930457185334184977e-01 1.066918163689691390e+00 1.067296531196862519e+00 1.085605304228659307e+00 1.281801064638498078e+00 1.358422234588079869e+00 1.358651128241397776e+00 1.697703130101166913e+00 1.700314533414536866e+00 1.700548442906345992e+00 1.876547632765952711e+00 1.876569747234367203e+00 1.944080801617992904e+00 1.944115465162637557e+00 2.006774560857540024e+00 2.006874147681973142e+00 2.100343850511937394e+00 2.323771156618607669e+00 2.468485907111528377e+00 2.468660880430487481e+00 2.586765025013222363e+00 3.415624549330069204e+00 3.468919568017228894e+00 3.469148942901598254e+00 3.676499764144508298e+00
3.973991188878175373e-01 3.980210921866567109e-01 6.856029833368758597e-01 8.259800404668122820e-01 8.262681242619976940e-01 1.035074797509509370e+00 1.072006004129827383e+00 1.072378270588034255e+00 1.081899654615287698e+00 1.264085160074973846e+00 1.344182549787626080e+00 1.344413164704986396e+00 1.697952522276252374e+00 1.720666288990310600e+00 1.720912509667713808e+00 1.863495518440171361e+00 1.863571836490316436e+00 1.948731156315213653e+00 1.948742453705358812e+00 2.015556153036133669e+00 2.015666702614773875e+00 2.073146337850802823e+00 2.336810610132878718e+00 2.471984767505005287e+00 2.472175224306329522e+00 2.584103445653466835e+00 3.459057124139802042e+00 3.459268025416370573e+00 3.462521013964046102e+00 3.646800534152947471e+00
4.138726134682936819e-01 4.144633071538025293e-01 6.914375374660036710e-01 8.086077580507963214e-01 8.089023522885556705e-01 1.054326888150643127e+00 1.077060293757867271e+00 1.079506707445069491e+00 1.079931037780674341e+00 1.258333009622677023e+00 1.332837023758027595e+00 1.333063863437314867e+00 1.698678582899285194e+00 1.739560099971477314e+00 1.739827325885942244e+00 1.846846307263517062e+00 1.846952417079370745e+00 1.955014302729183306e+00 1.955048481117281467e+00 2.022744224006396419e+00 2.022850101440428983e+00 2.050662074888809361e+00 2.349198498774419441e+00 2.471163055263801756e+00 2.471364418286173148e+00 2.583289819569190460e+00 3.453893016895271728e+00 3.454122631596066029e+00 3.488503579348786410e+00 3.627011656627565195e+00
