-5.633932729326362326e-02
-3.652023513413466677e-02
-1.670114297500571027e-02
3.117949184123242762e-03
2.293704134325220273e-02
4.275613350238116617e-02
6.257522566151010879e-02
8.239431782063906529e-02
1.022134099797680357e-01
1.220325021388969783e-01
1.418515942980259348e-01
1.616706864571549052e-01
1.814897786162838478e-01
2.013088707754128182e-01
2.211279629345417885e-01
2.409470550936707312e-01
2.607661472527996738e-01
2.805852394119286441e-01
3.004043315710576145e-01
3.202234237301865849e-01
3.400425158893155553e-01
3.598616080484445257e-01
3.796807002075734405e-01
3.994997923667024109e-01
4.193188845258313258e-01
4.391379766849602961e-01
4.589570688440892665e-01
4.787761610032181814e-01
4.985952531623471518e-01
5.184143453214761221e-01
5.382334374806050370e-01
5.580525296397340629e-01
5.778716217988629777e-01
5.976907139579920036e-01
6.175098061171209185e-01
6.373288982762498334e-01
6.571479904353788593e-01
6.769670825945077741e-01
6.967861747536368000e-01
7.166052669127657149e-01
7.364243590718947408e-01
7.562434512310236556e-01
7.760625433901525705e-01
7.958816355492815964e-01
8.157007277084105112e-01
8.355198198675395371e-01
8.553389120266684520e-01
8.751580041857973669e-01
8.949770963449262817e-01
9.147961885040551966e-01
9.346152806631842225e-01
9.544343728223130263e-01
9.742534649814420522e-01
9.940725571405709671e-01
1.013891649299699882e+00
1.033710741458828908e+00
1.053529833617957934e+00
1.073348925777086738e+00
1.093168017936215763e+00
1.112987110095344789e+00
1.132806202254473593e+00
1.152625294413602619e+00
1.172444386572731645e+00
1.192263478731860449e+00
1.212082570890989475e+00
1.231901663050118501e+00
1.251720755209247526e+00
1.271539847368376330e+00
1.291358939527505356e+00
1.311178031686634382e+00
1.330997123845763186e+00
1.350816216004892212e+00
1.370635308164021238e+00
1.390454400323150264e+00
1.410273492482279067e+00
1.430092584641408093e+00
1.449911676800537119e+00
1.469730768959665923e+00
1.489549861118794949e+00
1.509368953277923975e+00
1.529188045437052779e+00
1.549007137596181805e+00
1.568826229755310830e+00
1.588645321914439856e+00
1.608464414073568660e+00
1.628283506232697686e+00
1.648102598391826712e+00
1.667921690550955516e+00
1.687740782710084542e+00
1.707559874869213568e+00
1.727378967028342371e+00
1.747198059187471397e+00
1.767017151346600423e+00
1.786836243505729449e+00
1.806655335664858253e+00
1.826474427823987279e+00
1.846293519983116083e+00
1.866112612142245109e+00
1.885931704301373912e+00
1.905750796460503160e+00
1.925569888619631964e+00
1.945388980778760990e+00
1.965208072937889794e+00
1.985027165097019042e+00
2.004846257256147624e+00
2.024665349415276872e+00
2.044484441574405675e+00
2.064303533733534923e+00
2.084122625892663727e+00
2.103941718051792531e+00
2.123760810210921335e+00
2.143579902370050583e+00
2.163398994529179387e+00
2.183218086688308635e+00
2.203037178847437438e+00
2.222856271006566686e+00
2.242675363165695046e+00
2.262494455324824294e+00
2.282313547483953098e+00
2.302132639643082346e+00
2.321951731802211150e+00
2.341770823961340398e+00
2.361589916120469201e+00
2.381409008279598005e+00
2.401228100438726809e+00
2.421047192597856057e+00
2.440866284756984861e+00
2.460685376916114109e+00
2.480504469075242913e+00
2.500323561234371716e+00
2.520142653393500520e+00
2.539961745552629324e+00
2.559780837711758572e+00
2.579599929870887376e+00
2.599419022030016624e+00
2.619238114189145428e+00
2.639057206348274232e+00
2.658876298507403035e+00
2.678695390666532283e+00
2.698514482825661087e+00
2.718333574984790335e+00
2.738152667143919139e+00
2.757971759303048387e+00
2.777790851462176747e+00
2.797609943621305995e+00
2.817429035780434798e+00
2.837248127939564046e+00
2.857067220098692850e+00
2.876886312257822098e+00
2.896705404416950902e+00
2.916524496576079706e+00
2.936343588735208510e+00
2.956162680894337758e+00
2.975981773053466561e+00
2.995800865212595809e+00
3.015619957371724613e+00
3.035439049530853417e+00
3.055258141689982221e+00
3.075077233849111469e+00
3.094896326008240273e+00
3.114715418167369521e+00
3.134534510326498324e+00
3.154353602485627572e+00
3.174172694644755932e+00
3.193991786803885180e+00
3.213810878963013984e+00
3.233629971122143232e+00
3.253449063281272036e+00
3.273268155440401284e+00
3.293087247599530087e+00
3.312906339758658891e+00
3.332725431917787695e+00
3.352544524076916943e+00
3.372363616236045747e+00
3.392182708395174995e+00
3.412001800554303799e+00
3.431820892713433047e+00
3.451639984872561406e+00
3.471459077031690654e+00
3.491278169190819458e+00
3.511097261349948706e+00
3.530916353509077510e+00
3.550735445668206758e+00
3.570554537827335562e+00
3.590373629986464366e+00
3.610192722145593169e+00
3.630011814304722417e+00
3.649830906463851221e+00
3.669649998622980469e+00
3.689469090782109273e+00
3.709288182941238077e+00
3.729107275100366881e+00
3.748926367259495684e+00
3.768745459418624488e+00
3.788564551577754180e+00
3.808383643736882984e+00
3.828202735896011788e+00
3.848021828055140592e+00
3.867840920214269840e+00
3.887660012373398644e+00
