0.000000000000000000e+00
3.546689165893158330e-02
7.093378331786316660e-02
1.064006749767947568e-01
1.418675666357263332e-01
1.773344582946579095e-01
2.128013499535895137e-01
2.482682416125210900e-01
2.837351332714526664e-01
3.192020249303842427e-01
3.546689165893158191e-01
3.901358082482473955e-01
4.276766439003537035e-01
4.652174795524600115e-01
5.027583152045663750e-01
5.402991508566726830e-01
5.778399865087789911e-01
6.153808221608852991e-01
6.500339012243679937e-01
6.846869802878507993e-01
7.193400593513334940e-01
7.539931384148162996e-01
7.886462174782989942e-01
8.232992965417817999e-01
8.579523756052644945e-01
8.926054546687471891e-01
9.272585337322299948e-01
9.619116127957128004e-01
9.965646918591954950e-01
1.031217770922678190e+00
1.065870849986160884e+00
1.098220664061128282e+00
1.130570478136095458e+00
1.162920292211062634e+00
1.195270106286030032e+00
1.227619920360997430e+00
1.259969734435964606e+00
1.292319548510931781e+00
1.324669362585899179e+00
1.357019176660866577e+00
1.389368990735833753e+00
1.421718804810800929e+00
1.454230122164821504e+00
1.486741439518842078e+00
1.519252756872862875e+00
1.551764074226883450e+00
1.584275391580904024e+00
1.616786708934924599e+00
1.649298026288945174e+00
1.681809343642965970e+00
1.714320660996986545e+00
1.746831978351007120e+00
1.779343295705027694e+00
1.811854613059048269e+00
1.844032472189425009e+00
1.876210331319801972e+00
1.908388190450178712e+00
1.940566049580555674e+00
1.972743908710932415e+00
2.004921767841309155e+00
2.037099626971686117e+00
2.067132295493371075e+00
2.097164964015056032e+00
2.127197632536741434e+00
2.157230301058426392e+00
2.187262969580111349e+00
2.217295638101796307e+00
2.247328306623481264e+00
2.277360975145166666e+00
2.307393643666851624e+00
2.337426312188536581e+00
2.367458980710221539e+00
2.397491649231906941e+00
2.427524317753591898e+00
2.457556986275276856e+00
2.487589654796961813e+00
2.487589654796961813e+00
2.519939468871929211e+00
2.552289282946896165e+00
2.584639097021863563e+00
2.616988911096830961e+00
2.649338725171798359e+00
2.681688539246765757e+00
2.714038353321732711e+00
2.746388167396700108e+00
2.778737981471667506e+00
2.811087795546634460e+00
2.843437609621601858e+00
2.843437609621601858e+00
2.875787423696569256e+00
2.908137237771536654e+00
2.940487051846503608e+00
2.972836865921471006e+00
3.005186679996438404e+00
3.037536494071405357e+00
3.069886308146372755e+00
3.102236122221340153e+00
3.134585936296307551e+00
3.166935750371274949e+00
3.199285564446241903e+00
