-5.735488649998245203e-02
-2.868178713354182022e-02
-8.687767101190719683e-06
2.866441159933943300e-02
5.733751096578006828e-02
8.601061033222071051e-02
1.146837096986613180e-01
1.433568090651019533e-01
1.720299084315425886e-01
2.007030077979832239e-01
2.293761071644238592e-01
2.580492065308644944e-01
2.867223058973050742e-01
3.153954052637457095e-01
3.440685046301863448e-01
3.727416039966270356e-01
4.014147033630676709e-01
4.300878027295082506e-01
4.587609020959489414e-01
4.874340014623894657e-01
5.161071008288302675e-01
5.447802001952708473e-01
5.734532995617114270e-01
6.021263989281520068e-01
6.307994982945925866e-01
6.594725976610333884e-01
6.881456970274739682e-01
7.168187963939145479e-01
7.454918957603551277e-01
7.741649951267959295e-01
8.028380944932365093e-01
8.315111938596770891e-01
8.601842932261176689e-01
8.888573925925582486e-01
9.175304919589988284e-01
9.462035913254396302e-01
9.748766906918802100e-01
1.003549790058320790e+00
1.032222889424761370e+00
1.060895988791202171e+00
1.089569088157642751e+00
1.118242187524083331e+00
1.146915286890523911e+00
1.175588386256964490e+00
1.204261485623405292e+00
1.232934584989845872e+00
1.261607684356286452e+00
1.290280783722727032e+00
1.318953883089167611e+00
1.347626982455608413e+00
1.376300081822048993e+00
1.404973181188489573e+00
1.433646280554930152e+00
1.462319379921370954e+00
1.490992479287811534e+00
1.519665578654252114e+00
1.548338678020692694e+00
1.577011777387133273e+00
1.605684876753574075e+00
1.634357976120014655e+00
1.663031075486455235e+00
1.691704174852895814e+00
1.720377274219336616e+00
1.749050373585777196e+00
1.777723472952217998e+00
1.806396572318658578e+00
1.835069671685099157e+00
1.863742771051539737e+00
1.892415870417980317e+00
1.921088969784421341e+00
1.949762069150861921e+00
1.978435168517302500e+00
2.007108267883742858e+00
2.035781367250183660e+00
2.064454466616624018e+00
2.093127565983064819e+00
2.121800665349505177e+00
2.150473764715945979e+00
2.179146864082386781e+00
2.207819963448827583e+00
2.236493062815267940e+00
2.265166162181708742e+00
2.293839261548149100e+00
2.322512360914589902e+00
2.351185460281030259e+00
2.379858559647471061e+00
2.408531659013911419e+00
2.437204758380352665e+00
2.465877857746793023e+00
2.494550957113233824e+00
2.523224056479674182e+00
2.551897155846114984e+00
2.580570255212555342e+00
2.609243354578996144e+00
2.637916453945436501e+00
2.666589553311877303e+00
2.695262652678317661e+00
2.723935752044758907e+00
2.752608851411199264e+00
2.781281950777640066e+00
2.809955050144080424e+00
2.838628149510521226e+00
2.867301248876962028e+00
2.895974348243402385e+00
2.924647447609843187e+00
2.953320546976283545e+00
2.981993646342724791e+00
3.010666745709165149e+00
3.039339845075605950e+00
3.068012944442046308e+00
3.096686043808487110e+00
3.125359143174927468e+00
3.154032242541368269e+00
3.182705341907808627e+00
3.211378441274249429e+00
3.240051540640690231e+00
3.268724640007131033e+00
3.297397739373571390e+00
3.326070838740012192e+00
3.354743938106452550e+00
3.383417037472893352e+00
3.412090136839333709e+00
3.440763236205774511e+00
3.469436335572214869e+00
3.498109434938656115e+00
3.526782534305096473e+00
3.555455633671537274e+00
3.584128733037977632e+00
3.612801832404418434e+00
3.641474931770858792e+00
3.670148031137299593e+00
3.698821130503739951e+00
3.727494229870180753e+00
3.756167329236621555e+00
3.784840428603062357e+00
3.813513527969503158e+00
3.842186627335943516e+00
3.870859726702384318e+00
3.899532826068825564e+00
3.928205925435265478e+00
3.956879024801706723e+00
3.985552124168146637e+00
4.014225223534587883e+00
4.042898322901027797e+00
4.071571422267468598e+00
4.100244521633909400e+00
4.128917621000350202e+00
4.157590720366791004e+00
4.186263819733230918e+00
4.214936919099672608e+00
4.243610018466112521e+00
4.272283117832553323e+00
4.300956217198993237e+00
4.329629316565434927e+00
4.358302415931874840e+00
4.386975515298315642e+00
4.415648614664756444e+00
4.444321714031197246e+00
4.472994813397638048e+00
4.501667912764077961e+00
4.530341012130518763e+00
4.559014111496959565e+00
4.587687210863400367e+00
4.616360310229840280e+00
4.645033409596281082e+00
4.673706508962722772e+00
4.702379608329162686e+00
4.731052707695603488e+00
4.759725807062043401e+00
4.788398906428485091e+00
4.817072005794925005e+00
4.845745105161365807e+00
4.874418204527805720e+00
4.903091303894247410e+00
4.931764403260688212e+00
4.960437502627128126e+00
4.989110601993568928e+00
5.017783701360009729e+00
5.046456800726450531e+00
5.075129900092890445e+00
5.103802999459331247e+00
5.132476098825772048e+00
5.161149198192212850e+00
5.189822297558653652e+00
5.218495396925093566e+00
5.247168496291535256e+00
5.275841595657975169e+00
5.304514695024415971e+00
5.333187794390856773e+00
5.361860893757297575e+00
5.390533993123737488e+00
5.419207092490178290e+00
5.447880191856619092e+00
5.476553291223059894e+00
5.505226390589500696e+00
5.533899489955940609e+00
5.562572589322382299e+00
5.591245688688822213e+00
5.619918788055263015e+00
5.648591887421702928e+00
