0.000000000000000000e+00
3.838286502402164790e-02
7.676573004804329581e-02
1.151485950720649437e-01
1.535314600960865916e-01
1.919143251201082534e-01
2.302971901441298874e-01
2.686800551681515214e-01
3.070629201921731832e-01
3.454457852161948450e-01
3.838286502402165068e-01
4.296980081272072094e-01
4.755673660141979120e-01
5.214367239011885591e-01
5.673060817881793172e-01
6.055349023141785025e-01
6.437637228401776879e-01
6.819925433661768732e-01
7.202213638921761696e-01
7.584501844181752439e-01
7.966790049441745403e-01
8.349078254701737256e-01
8.731366459961729110e-01
9.098321323057654286e-01
9.465276186153580573e-01
9.832231049249505750e-01
1.019918591234543204e+00
1.056614077544135721e+00
1.091507591202337313e+00
1.126401104860538682e+00
1.161294618518740274e+00
1.196188132176941643e+00
1.231081645835143235e+00
1.265975159493344826e+00
1.300868673151546195e+00
1.335762186809747787e+00
1.370655700467949156e+00
1.405549214126150748e+00
1.440442727784352339e+00
1.474423901585240504e+00
1.508405075386128669e+00
1.542386249187016833e+00
1.576367422987904998e+00
1.610348596788793163e+00
1.644329770589681328e+00
1.678310944390569492e+00
1.712292118191457657e+00
1.746273291992345822e+00
1.782086024865417118e+00
1.817898757738488413e+00
1.853711490611559487e+00
1.889524223484630783e+00
1.925336956357702078e+00
1.961149689230773374e+00
1.996962422103844670e+00
2.032775154976915744e+00
2.068587887849987261e+00
2.103324089763821458e+00
2.138060291677655655e+00
2.172796493591489853e+00
2.207532695505324050e+00
2.242268897419158247e+00
2.277005099332992444e+00
2.310986273133880609e+00
2.344967446934768773e+00
2.378948620735656938e+00
2.412929794536545103e+00
2.446910968337433268e+00
2.480892142138321432e+00
2.514873315939209597e+00
2.548854489740097762e+00
2.582835663540985927e+00
2.617571865454820124e+00
2.652308067368654321e+00
2.687044269282488518e+00
2.721780471196322715e+00
2.756516673110156912e+00
2.791252875023991109e+00
2.821835931444790280e+00
2.852418987865589894e+00
2.883002044286389065e+00
2.913585100707188680e+00
2.944168157127987850e+00
2.974751213548787021e+00
3.005334269969586636e+00
3.035917326390385806e+00
3.066500382811185421e+00
3.097083439231984592e+00
3.097083439231984592e+00
3.126384766128133652e+00
3.155686093024283156e+00
3.184987419920432217e+00
3.214288746816581277e+00
3.243590073712730781e+00
3.272891400608879842e+00
3.302192727505028902e+00
3.331494054401178406e+00
3.360795381297327467e+00
3.390096708193476971e+00
3.419398035089626031e+00
