-2.984409130930174445e-05 -8.765465308971657877e-06 4.541778770658944345e-08 4.241341967503409194e-02 9.999574386779359614e-01 1.240083880396762872e+00 1.240196122038518700e+00 1.338152756749710237e+00 1.338302812026401112e+00 1.340062259965742575e+00 1.340105353535712585e+00 1.342416870997261480e+00 1.402006668463728234e+00 1.556510585000557167e+00 1.556627746744631446e+00 1.827259171204937305e+00 1.827338807927901820e+00 1.987837052129976634e+00 1.987979339364076337e+00 2.032423498999993416e+00 2.032583862559609322e+00 2.172585059203016034e+00 2.225299981544623051e+00 2.361929695120330130e+00 2.361929782834975899e+00 2.942693333937780764e+00 2.979559844931882751e+00 3.430651738445591459e+00 3.430870012812097691e+00 3.805946993294835767e+00
4.410508686117708965e-02 5.394225293343760802e-02 8.178603948997061057e-02 1.022174339784601010e-01 9.933832080560446309e-01 1.224964556148619987e+00 1.238648229756023733e+00 1.327603451906650189e+00 1.332226360974199775e+00 1.337015821976370811e+00 1.341624770249702170e+00 1.351561136385464490e+00 1.414823874960980277e+00 1.560331666217114499e+00 1.563711380793706196e+00 1.827596259468423412e+00 1.827836981193358579e+00 1.987511167457113315e+00 1.987842933747204999e+00 2.031392051034077273e+00 2.031733783969474683e+00 2.172325431189906286e+00 2.227372179946231157e+00 2.362109507464500879e+00 2.362538601929166315e+00 2.936293984544629865e+00 2.979185381637695862e+00 3.431160433073514593e+00 3.436900638321900736e+00 3.806118755296683975e+00
8.808256159602831370e-02 1.078442305288214442e-01 1.453877160368964583e-01 2.035285693467738799e-01 9.749327317070907162e-01 1.187430112219400646e+00 1.230017576677534974e+00 1.310353585793186060e+00 1.321856432375472012e+00 1.335159297458353045e+00 1.345058814009992387e+00 1.363391179817704968e+00 1.439400897377576483e+00 1.571218707131001757e+00 1.581572709362210727e+00 1.828519769375503090e+00 1.828968734476885682e+00 1.986266588831620883e+00 1.986652514565774741e+00 2.028383116405022779e+00 2.030461192306177942e+00 2.171495229667628202e+00 2.233587382258685139e+00 2.362642944987486171e+00 2.364190023407441998e+00 2.918435713484865524e+00 2.978090445067908654e+00 3.432489141605367333e+00 3.454004895710620637e+00 3.806625440038006403e+00
1.309268285005941168e-01 1.612338092660350330e-01 2.117944601768981250e-01 3.029575972569316655e-01 9.474256598679245966e-01 1.139900159613595365e+00 1.206470363114440003e+00 1.296045793545611335e+00 1.309857757029067038e+00 1.335002788426975062e+00 1.350293712550762137e+00 1.379132712098956715e+00 1.462762696660532713e+00 1.587481474925960923e+00 1.603735707671966715e+00 1.829379707559225299e+00 1.830325301638440205e+00 1.981737812566236157e+00 1.984230864964833696e+00 2.023856068820533594e+00 2.031694584689169414e+00 2.169970347250739007e+00 2.243825185246118625e+00 2.363508232409106569e+00 2.366444210834079520e+00 2.892429711880085019e+00 2.976358637097986648e+00 3.434574506012316064e+00 3.479350291425281405e+00 3.807440344310750735e+00
1.720285174805371853e-01 2.138580170890454768e-01 2.781836012930783419e-01 3.993738247160090737e-01 9.137033947619680463e-01 1.089816287530567473e+00 1.168391057096047625e+00 1.286240691741156184e+00 1.295789492537407162e+00 1.336290717750030499e+00 1.357093483696727443e+00 1.399192663955246552e+00 1.481512103589978091e+00 1.606161414362626827e+00 1.625097033182748119e+00 1.827692262312941462e+00 1.833446178513329361e+00 1.971761738424691268e+00 1.981404844328920500e+00 2.018497223939026863e+00 2.037163035082776741e+00 2.167626299325670747e+00 2.257618531143990470e+00 2.364658825374533091e+00 2.368795949833982117e+00 2.862215594407280683e+00 2.974123385886144444e+00 3.437239376879105635e+00 3.509707322890449621e+00 3.808516478300243424e+00
2.106726958498775781e-01 2.655326175485522855e-01 3.435969199641180083e-01 4.913934949629123472e-01 8.760740654100899194e-01 1.041382414622962882e+00 1.121578853885612848e+00 1.278076319437451369e+00 1.279476646713917143e+00 1.338053861051536453e+00 1.365143158391883604e+00 1.422523754596570988e+00 1.495617966737536886e+00 1.624106472047483374e+00 1.642345760287508893e+00 1.823247092193516883e+00 1.838474842349136607e+00 1.957884029481104182e+00 1.977717112175563008e+00 2.013123397577254892e+00 2.045841491464523099e+00 2.164418244899086297e+00 2.274035482832879485e+00 2.366016727383685847e+00 2.370868007805805533e+00 2.831415426158048643e+00 2.971559159942881667e+00 3.440259473397337509e+00 3.542109931825668134e+00 3.809784504055761190e+00
2.460006990444052466e-01 3.161329784607642690e-01 4.072507165174745203e-01 5.772295583146155318e-01 8.365193725857029694e-01 9.974713738995921730e-01 1.069856595865430693e+00 1.261020222436884497e+00 1.270428414020773777e+00 1.339679715915602864e+00 1.374080968025722216e+00 1.447505260019760875e+00 1.505412500417576904e+00 1.639109382524729819e+00 1.653560040008363874e+00 1.816749850190975568e+00 1.845880017981448296e+00 1.941671090260195909e+00 1.972989761247585516e+00 2.008557747666842808e+00 2.055835474643769256e+00 2.160443029611708532e+00 2.291757532605447789e+00 2.367474011231032183e+00 2.372501714448770560e+00 2.802903104855250405e+00 2.968869418496234314e+00 3.443384855029694158e+00 3.574017883162858400e+00 3.811152705329353463e+00
2.770154829047260514e-01 3.655781676595805108e-01 4.677946340767868971e-01 6.544298781734173565e-01 7.973190151994736796e-01 9.604850398402480227e-01 1.015159940260729199e+00 1.240941033457000353e+00 1.263314828592607464e+00 1.340964509629861467e+00 1.383557514774784059e+00 1.472550538648240037e+00 1.510791237210201032e+00 1.650123814005905798e+00 1.658182625061124460e+00 1.810379997175275868e+00 1.855593686219285887e+00 1.924054432045350316e+00 1.967089701617920738e+00 2.005388502806662032e+00 2.065523912022565245e+00 2.155974821974167455e+00 2.309267414847308242e+00 2.368903700299452630e+00 2.373714300437755220e+00 2.778641848842407835e+00 2.966271612081963660e+00 3.446361997507867869e+00 3.603271474234358784e+00 3.812510776859163730e+00
3.026418301028503954e-01 4.137472729647310721e-01 5.218321842855792037e-01 7.194159825806208941e-01 7.625494209350359709e-01 9.328625607478965298e-01 9.586854840539061895e-01 1.220250772708585396e+00 1.257148121650781825e+00 1.341892481612424692e+00 1.393191771458431649e+00 1.496122523520319936e+00 1.511619463582860368e+00 1.656961057047011243e+00 1.657055262340899837e+00 1.807052722426010449e+00 1.866771126544922943e+00 1.905641365180145375e+00 1.960183803970302341e+00 2.003721241108347595e+00 2.073761788654736371e+00 2.151471224988852793e+00 2.325030848486473456e+00 2.370176205275923209e+00 2.374573485065875289e+00 2.759686695658702060e+00 2.963979882523160025e+00 3.448954575743986783e+00 3.628046869515717532e+00 3.813738389038888510e+00
3.218401713827301891e-01 4.602788644609074886e-01 5.599707704579068857e-01 7.420255603161730606e-01 7.671273059915143522e-01 9.015716400113185092e-01 9.171844691649865267e-01 1.200938512160260263e+00 1.252361027526042614e+00 1.342505508630697397e+00 1.402297795966690908e+00 1.508661492265072512e+00 1.516421835897795001e+00 1.652186046746334958e+00 1.660237124920981078e+00 1.808733733969667856e+00 1.877877245199348843e+00 1.887407230969201377e+00 1.952934009195556930e+00 2.003190279934905504e+00 2.079887639393593002e+00 2.147537249468181475e+00 2.337630682814068273e+00 2.371175745728097084e+00 2.375103046280651498e+00 2.746353833614895823e+00 2.962186644579399175e+00 3.450961147560681841e+00 3.646860548642823829e+00 3.814718090881561441e+00
3.337433779188710425e-01 5.041183502485543366e-01 5.662651769249033018e-01 7.516825521663255127e-01 7.934103318532772509e-01 8.456899289090989980e-01 9.135202127726079757e-01 1.186385955862027775e+00 1.249322841959639163e+00 1.342850964626148835e+00 1.409399815877674600e+00 1.504361538758410388e+00 1.530894654062420646e+00 1.646681491250762797e+00 1.661244016260581047e+00 1.814411766666458758e+00 1.871758826553628241e+00 1.886692455083844644e+00 1.946778077921678785e+00 2.003214239685847442e+00 2.083614394131855008e+00 2.144823522975539021e+00 2.345847143413746227e+00 2.371812787722221039e+00 2.375320370388443791e+00 2.738519123180439330e+00 2.961044818779758003e+00 3.452228724767041790e+00 3.658606343361745505e+00 3.815350578435516837e+00
3.377778878442451171e-01 5.420157041004107779e-01 5.425440258027871554e-01 7.814474365876757922e-01 8.008923827603527945e-01 8.030008288219284696e-01 9.143866800422311147e-01 1.180813112626175387e+00 1.248281038298152623e+00 1.342962184965629246e+00 1.412208925360671774e+00 1.502286736193563010e+00 1.536310867712886497e+00 1.644202336424321231e+00 1.661385382772154973e+00 1.818224643981492861e+00 1.864667024145243213e+00 1.890236113957079356e+00 1.944180133578107039e+00 2.003288523465148518e+00 2.084860331548016976e+00 2.143851481163135730e+00 2.348723713865100482e+00 2.372031438099125644e+00 2.375353764224244824e+00 2.735943980794321551e+00 2.960652876554477508e+00 3.452662024956079989e+00 3.662599025155131471e+00 3.815569232771464314e+00
3.449040223912047121e-01 5.432075924842003634e-01 5.458152935184429344e-01 7.785816526345150645e-01 7.881871219975876697e-01 8.025335848584148613e-01 9.287069067809377021e-01 1.179682829762381369e+00 1.237419410863104696e+00 1.346021636109144382e+00 1.419776844235665969e+00 1.499890070498880901e+00 1.535678034235385958e+00 1.642120100417742146e+00 1.664450063700217308e+00 1.819071227170782512e+00 1.862330627006656636e+00 1.891399277159911962e+00 1.943487687810836695e+00 2.005362096768289693e+00 2.083322214927985527e+00 2.142780546434846833e+00 2.349900751838745805e+00 2.372329793306711565e+00 2.375524454150431453e+00 2.733544436726094595e+00 2.960543204686612029e+00 3.457646872657102133e+00 3.659446016847767602e+00 3.815625102204535324e+00
3.659024200396067128e-01 5.478675998139270753e-01 5.529116772970108507e-01 7.591242029944733627e-01 7.721786947102681209e-01 8.016794367459499915e-01 9.600603395189771794e-01 1.176387137657237680e+00 1.210825314609665915e+00 1.354865937692865563e+00 1.436153152096685037e+00 1.492940117382909992e+00 1.535279617777601580e+00 1.636256560271255323e+00 1.672681802830897846e+00 1.820564119153118554e+00 1.855095466065504350e+00 1.895528669680523581e+00 1.942058158964948600e+00 2.011159555956205214e+00 2.078957908078501671e+00 2.139465854353022944e+00 2.353466525777611285e+00 2.373099275699185995e+00 2.376026253503770391e+00 2.726996673441773211e+00 2.960242357693524173e+00 3.471832128314575883e+00 3.650212101231132156e+00 3.815780476722971049e+00
3.991782229536956494e-01 5.539384903448477671e-01 5.608031396567974003e-01 7.279398219873159936e-01 7.636747985739724687e-01 7.985979828167910632e-01 9.959750415218826536e-01 1.170858039644302684e+00 1.178358623491158719e+00 1.368428251845901000e+00 1.451049881499378191e+00 1.482179654046377637e+00 1.538847014564192373e+00 1.627239840496370160e+00 1.683834696925121666e+00 1.821015016022659694e+00 1.843371827323593948e+00 1.903236429691850251e+00 1.940866717959899512e+00 2.019620499600343067e+00 2.072499125845348900e+00 2.133998248881929793e+00 2.359166654935040519e+00 2.374021605596511986e+00 2.376791913462369621e+00 2.718029004424583839e+00 2.959824755154388143e+00 3.493152053493999265e+00 3.635572442990962383e+00 3.816001403510080436e+00
4.414508936307745546e-01 5.572795436384192502e-01 5.645001751542161328e-01 7.011250362755229171e-01 7.579152721947668425e-01 7.921802784630952443e-01 1.030096196281102827e+00 1.147580782024638202e+00 1.163190681262231241e+00 1.385141935092400578e+00 1.458251118665317314e+00 1.468922890430126804e+00 1.549536114583468738e+00 1.615372805204179807e+00 1.695221135637676735e+00 1.820014916221018852e+00 1.829840053687179058e+00 1.913297704379444131e+00 1.939774717518679692e+00 2.029474097405903787e+00 2.064884532016247665e+00 2.127437345023730497e+00 2.365909516225521703e+00 2.374778089454687713e+00 2.377572077213186752e+00 2.708936746870737267e+00 2.959389722640795028e+00 3.518802434822662306e+00 3.616614396271714771e+00 3.816238103968982553e+00
4.884487873262692847e-01 5.525181754229340214e-01 5.573388968547795530e-01 6.857615395398004576e-01 7.593065347591965164e-01 7.817280221254083727e-01 1.054927868736055485e+00 1.129559241959418037e+00 1.151740416531991551e+00 1.402545532013211416e+00 1.455725986243473269e+00 1.457717962455824301e+00 1.566143004393215632e+00 1.600895465143768570e+00 1.703810077959169389e+00 1.817978456904369544e+00 1.819383353087853372e+00 1.923407955628022803e+00 1.937384011599807998e+00 2.039522033664857403e+00 2.056786071162287843e+00 2.121950407064016275e+00 2.371934203309746803e+00 2.375200589904191251e+00 2.377817387031846419e+00 2.702072067300916647e+00 2.959045308179950595e+00 3.545779377959469070e+00 3.594706869492434009e+00 3.816429516260496424e+00
5.360645703591874200e-01 5.366232814578290045e-01 5.368534652754909375e-01 6.829832932664089418e-01 7.686013538537770362e-01 7.688512756426109096e-01 1.061553427403370220e+00 1.136062531922586771e+00 1.136290431249873389e+00 1.412172145354580355e+00 1.452047805371776246e+00 1.452177424468561684e+00 1.584283039441926499e+00 1.584386163267349934e+00 1.706846885207019326e+00 1.816055611352172861e+00 1.816370991850419836e+00 1.931864361823224741e+00 1.931940967789214758e+00 2.048329089404812287e+00 2.048818794883655148e+00 2.119810445102625174e+00 2.375207508320538619e+00 2.375241378436423023e+00 2.377155520554633306e+00 2.699443640339315831e+00 2.958904700453421910e+00 3.571141058378347388e+00 3.571341420039176207e+00 3.816506241753840456e+00
5.090174657930024438e-01 5.117587209671069504e-01 5.797730047831035627e-01 6.784595656407151898e-01 7.628827710639219939e-01 7.800358738853910845e-01 1.062122011136542588e+00 1.119326677631988787e+00 1.156261241608181445e+00 1.405027538756685956e+00 1.444731153074595875e+00 1.467304004069201362e+00 1.567373045817567201e+00 1.598114302229358019e+00 1.705008237286200767e+00 1.813803462423418944e+00 1.822314889813906325e+00 1.923824771458661820e+00 1.938750126583330458e+00 2.041082239501063711e+00 2.055242603541078239e+00 2.121235166613852918e+00 2.372338962953184360e+00 2.374905324774284843e+00 2.378201761681062898e+00 2.701475039903749931e+00 2.959079943022533854e+00 3.549138102377725978e+00 3.590869550051215775e+00 3.816424719571354540e+00
4.757654261384749450e-01 4.802550712196492211e-01 6.215079287753459969e-01 6.563326262319421067e-01 7.744449273775811937e-01 7.867913464174953742e-01 1.068680995521911870e+00 1.103672610118053843e+00 1.179011055394624252e+00 1.392437494051154800e+00 1.436334909991609843e+00 1.491147682136969133e+00 1.548533751427108029e+00 1.605181193449341182e+00 1.701882532358462763e+00 1.811371218428190044e+00 1.834868129850615093e+00 1.913572980146357461e+00 1.945456993208886765e+00 2.033607416989052119e+00 2.060058459505605288e+00 2.125231446951371339e+00 2.365625421245109994e+00 2.374269258903627833e+00 2.378771692106908642e+00 2.707888540896496554e+00 2.959663351777565676e+00 3.527557503772858372e+00 3.604559721258289606e+00 3.816124707516755699e+00
4.391707487974416124e-01 4.437529477749712070e-01 6.180910813751230304e-01 6.616566703909790848e-01 7.817463282788599255e-01 8.015127137435382743e-01 1.083166572882529710e+00 1.094139057886689637e+00 1.201127156113219074e+00 1.380183982919415131e+00 1.427514286446361469e+00 1.517001838059166552e+00 1.528245126483251948e+00 1.603444808702643165e+00 1.700251853184217010e+00 1.809284748822043598e+00 1.851908842170057801e+00 1.901574011946861154e+00 1.951959643372531694e+00 2.026805561489139595e+00 2.062345508631134194e+00 2.131061500398698794e+00 2.355354139920437628e+00 2.373337454533578139e+00 2.378445145853850029e+00 2.718948792003459403e+00 2.960710806849760068e+00 3.507287745156113523e+00 3.611123695682338042e+00 3.815560290751680128e+00
4.003739210259406600e-01 4.038908155462115901e-01 5.703433182538849566e-01 6.953099058000197230e-01 7.646114670149125603e-01 8.381807207534247572e-01 1.094916101782741791e+00 1.104343769558446375e+00 1.221705023406230772e+00 1.369752304774455975e+00 1.418536033619287595e+00 1.505293343744247059e+00 1.543216059577776189e+00 1.593837978755113571e+00 1.699486115014095189e+00 1.808105227760372413e+00 1.871295875482243520e+00 1.888864473450395209e+00 1.958182824422562751e+00 2.021093541281365980e+00 2.061924377836341193e+00 2.137915404660386987e+00 2.341637145103319106e+00 2.372147430696790682e+00 2.377417767257361536e+00 2.734692638573221313e+00 2.962236685470874598e+00 3.489048649735590590e+00 3.609877699570579246e+00 3.814713395394364603e+00
3.600520799040641817e-01 3.618244954574130756e-01 5.166670575261933518e-01 6.890049687471182516e-01 7.682787749323294335e-01 8.815107864118115755e-01 1.106298613449156587e+00 1.130399313165386666e+00 1.240537196056477498e+00 1.361383469387580147e+00 1.409549684504238121e+00 1.481567750474623635e+00 1.565606030045892938e+00 1.578920121012705291e+00 1.696838330848459142e+00 1.808296823945756193e+00 1.873147435331190991e+00 1.894785795255748750e+00 1.964014760205256005e+00 2.016855885616010369e+00 2.058921986935696058e+00 2.145082653039334986e+00 2.325067299092850259e+00 2.370761179576756916e+00 2.375854395128994323e+00 2.754945250082058816e+00 2.964206952732913347e+00 3.473342407792215703e+00 3.600764042244831931e+00 3.813610543624061044e+00
3.183514799032094444e-01 3.185875662270742925e-01 4.589252872256345261e-01 6.355665899873869096e-01 8.027436084854646658e-01 9.297984078556845722e-01 1.125440377462208597e+00 1.159662143226459774e+00 1.257641917582231539e+00 1.354786046107828490e+00 1.400653077891986342e+00 1.456711162480209598e+00 1.560711087612659309e+00 1.582625423668553521e+00 1.689817675869733637e+00 1.810088467535327039e+00 1.860475934486174765e+00 1.916125726086268521e+00 1.969328444379607301e+00 2.014446591137114329e+00 2.053796363383396884e+00 2.151989883354088029e+00 2.306665443512270652e+00 2.369254155386617988e+00 2.373899534778605602e+00 2.779288993758959769e+00 2.966537335030423606e+00 3.460426877198328643e+00 3.584346104763103114e+00 3.812324255224849079e+00
2.739988614943072998e-01 2.761332150431602406e-01 3.982469471832306707e-01 5.642280575628327854e-01 8.419987128585645353e-01 9.816123360030745149e-01 1.148993925951112605e+00 1.190708875313453596e+00 1.273118375697616989e+00 1.349464060971313328e+00 1.391918228953477277e+00 1.431345591103929893e+00 1.540249646621529633e+00 1.592568018859524148e+00 1.676931413599758613e+00 1.813307163691727508e+00 1.849221872966143598e+00 1.936826320858107353e+00 1.974010596736980983e+00 2.014136412356498873e+00 2.047327574387546978e+00 2.158188677539705669e+00 2.287752462421955624e+00 2.367706483632882719e+00 2.371693994615049483e+00 2.806991723967435348e+00 2.969097469063041395e+00 3.450316604731572312e+00 3.561790528012691581e+00 3.810955700815982006e+00
2.290859672185763807e-01 2.326785504636573465e-01 3.354367530904934225e-01 4.825353621321948894e-01 8.807801212495901533e-01 1.035493739851490957e+00 1.174162975475356196e+00 1.222292419974218669e+00 1.287099138661004449e+00 1.344966215436354418e+00 1.383394422923757361e+00 1.406377317556949391e+00 1.517912415931915060e+00 1.594844358161986664e+00 1.657890229900120582e+00 1.817303739763613590e+00 1.840510592931001277e+00 1.955295176334767238e+00 1.978008647791424268e+00 2.015955248417245826e+00 2.040586163607095660e+00 2.163347577469621363e+00 2.269758984491065057e+00 2.366198664813690566e+00 2.369381333420665925e+00 2.836911326984159043e+00 2.971721023766447090e+00 3.442813222677854945e+00 3.534842231298859883e+00 3.809611433814097836e+00
1.837820577544317380e-01 1.881401337379021155e-01 2.711736724327593051e-01 3.936002539890826601e-01 9.172267249730314820e-01 1.089788101468013748e+00 1.198416830698356250e+00 1.253224329636279943e+00 1.299742267443951826e+00 1.341078554970726699e+00 1.375099128510148150e+00 1.383205265239840109e+00 1.493724110227436785e+00 1.590204945640260270e+00 1.633819742100573569e+00 1.821168965495087777e+00 1.834498636407376315e+00 1.970223028418210509e+00 1.981353628084517426e+00 2.019510658196350672e+00 2.034883883866785759e+00 2.167272138394130021e+00 2.253986001918375059e+00 2.364810721798114912e+00 2.367113477290671675e+00 2.867393049114722370e+00 2.974220904637451479e+00 3.437561609744662849e+00 3.505802389549337317e+00 3.808386979588739507e+00
1.381664505568654389e-01 1.424625706882811649e-01 2.061534563070040738e-01 2.994335278685585910e-01 9.496738725288853544e-01 1.142352997160508643e+00 1.218925991441659251e+00 1.282225303265603911e+00 1.311252583469617816e+00 1.337990702225561490e+00 1.363840722310292630e+00 1.367001961205696503e+00 1.467652853841462823e+00 1.580679754758639532e+00 1.607281058234471205e+00 1.824172418829052678e+00 1.830757612055554207e+00 1.980444341075041415e+00 1.984090321219396102e+00 2.023969044063119060e+00 2.031547286046960998e+00 2.169946057360787606e+00 2.241373195336948232e+00 2.363621634411438244e+00 2.365057824790314900e+00 2.896180026599384671e+00 2.976407810633393769e+00 3.434123158944951459e+00 3.477516852841473938e+00 3.807359673536596656e+00
9.228621291399502491e-02 9.570530960485731931e-02 1.413812535737064280e-01 2.015837282946461029e-01 9.760397680710588553e-01 1.189825185407159314e+00 1.232694296845378901e+00 1.307741225505235194e+00 1.321945780842640916e+00 1.336436289899344043e+00 1.350325067761709796e+00 1.358988289552418349e+00 1.440243893998151226e+00 1.569373506677730568e+00 1.582187808268504581e+00 1.826059535138283119e+00 1.828656435111752021e+00 1.985708283702015242e+00 1.986183322500500559e+00 2.028250163405572515e+00 2.031027105357319229e+00 2.171543537484079689e+00 2.232377534786802897e+00 2.362706104370245974e+00 2.363396983451862443e+00 2.920402587209711243e+00 2.978109730835170055e+00 3.432054567800923550e+00 3.453325905509575744e+00 3.806587245628495264e+00
4.620002235200434265e-02 4.809112637028965798e-02 7.975131334805835026e-02 1.013709369359176854e-01 9.936807627863939452e-01 1.225921269360206178e+00 1.238794838574551083e+00 1.327755213517084698e+00 1.332182601787444076e+00 1.337012551005088312e+00 1.342915387017078688e+00 1.350733024051236963e+00 1.414635142682048041e+00 1.560117647926501983e+00 1.563603844093490736e+00 1.826992447995181790e+00 1.827637308731169474e+00 1.987506835287572438e+00 1.987518461723488672e+00 2.031314060071691685e+00 2.032001947349103332e+00 2.172345623946512649e+00 2.227054909860929133e+00 2.362127666793388592e+00 2.362309296612986387e+00 2.936835321870808979e+00 2.979189735009667217e+00 3.430980610799174713e+00 3.436784877597591326e+00 3.806108873896151046e+00
-2.984409130930174445e-05 -8.765465308971657877e-06 4.541778770658944345e-08 4.241341967503409194e-02 9.999574386779359614e-01 1.240083880396762872e+00 1.240196122038518700e+00 1.338152756749710237e+00 1.338302812026401112e+00 1.340062259965742575e+00 1.340105353535712585e+00 1.342416870997261480e+00 1.402006668463728234e+00 1.556510585000557167e+00 1.556627746744631446e+00 1.827259171204937305e+00 1.827338807927901820e+00 1.987837052129976634e+00 1.987979339364076337e+00 2.032423498999993416e+00 2.032583862559609322e+00 2.172585059203016034e+00 2.225299981544623051e+00 2.361929695120330130e+00 2.361929782834975899e+00 2.942693333937780764e+00 2.979559844931882751e+00 3.430651738445591459e+00 3.430870012812097691e+00 3.805946993294835767e+00
4.375875016359730141e-02 4.376245609156503846e-02 5.376767058569550950e-02 1.135787320746741713e-01 1.000962644735211349e+00 1.237528798473722658e+00 1.237637754842225268e+00 1.317098653263979902e+00 1.317181274378462774e+00 1.342544154321297256e+00 1.360546673428254305e+00 1.360639831367221220e+00 1.401547060302187564e+00 1.557753419997408129e+00 1.557870358662583499e+00 1.827346183062846130e+00 1.827425572932815934e+00 1.989824260879745621e+00 1.989973522435942499e+00 2.030261466611547050e+00 2.030429967196736296e+00 2.154810389213260180e+00 2.239913827859769224e+00 2.364073371417742209e+00 2.364074465384988777e+00 2.909687795357942086e+00 3.018392803656241075e+00 3.428675284364735454e+00 3.428894006873744349e+00 3.804696552966768675e+00
7.799896851430103417e-02 8.716895213462133585e-02 8.717727759059833159e-02 2.252324703373704551e-01 1.003928973058158647e+00 1.228009941228563440e+00 1.228104142918069464e+00 1.298515225268602302e+00 1.298574211774859544e+00 1.342966257568708022e+00 1.379510722573712433e+00 1.379607906377652071e+00 1.400189140581940661e+00 1.561421968182954201e+00 1.561538237177875654e+00 1.827408261453520977e+00 1.827486701695712368e+00 1.995203875179324626e+00 1.995382110986670066e+00 2.024543962750605441e+00 2.024744879324620328e+00 2.121007902845108539e+00 2.264278319363843828e+00 2.370254652697484588e+00 2.370258694939290312e+00 2.868701308600233535e+00 3.076488745133672431e+00 3.422864726535192581e+00 3.423084780263745408e+00 3.800951066663420974e+00
1.055166331036809652e-01 1.298361370069647802e-01 1.298470838279691120e-01 3.330033515344755779e-01 1.008747377570442749e+00 1.208639594159899966e+00 1.208709277007533833e+00 1.287502437755290829e+00 1.287529655740913048e+00 1.343678149658763088e+00 1.395526898923174608e+00 1.395622729464758072e+00 1.397994763806271745e+00 1.567360451837128688e+00 1.567475731319921239e+00 1.826807742537741142e+00 1.826884065813075386e+00 2.000713835381513483e+00 2.000941568438972862e+00 2.019085463447123363e+00 2.019341381267678592e+00 2.082025321583722111e+00 2.287692050765348650e+00 2.379813602546132056e+00 2.379822314913876635e+00 2.832044370556975998e+00 3.140479833735161819e+00 3.413575847620978987e+00 3.413798079863239021e+00 3.794716306260035310e+00
1.328566857477229968e-01 1.712730675720393336e-01 1.712858261945578164e-01 4.348471001512461687e-01 1.015353910915165248e+00 1.181189473539460577e+00 1.181243103489197699e+00 1.283262973414177388e+00 1.283268174261470884e+00 1.344691469457473421e+00 1.395064227118617994e+00 1.408777496653928374e+00 1.408867250479731270e+00 1.575390680088553985e+00 1.575505097044309188e+00 1.824421135518513815e+00 1.824493775081537539e+00 1.997330270125358576e+00 1.997442180780361509e+00 2.023913258751683486e+00 2.024060409553189555e+00 2.040030213645565915e+00 2.308289246084606283e+00 2.391868889888491001e+00 2.391883612725238528e+00 2.800243420322396926e+00 3.208252251703275437e+00 3.401398730470953868e+00 3.401623953308782422e+00 3.785965882496143298e+00
1.585111704399486676e-01 2.108512219504748431e-01 2.108645985149346092e-01 5.285495164129657697e-01 1.023861435479267890e+00 1.149968881416815414e+00 1.150018240565158889e+00 1.282420853147885342e+00 1.282424747244585550e+00 1.346018749869222209e+00 1.391532441416758470e+00 1.419742573359470850e+00 1.419822392887976958e+00 1.585408911201753090e+00 1.585523362080848653e+00 1.818785829307746793e+00 1.818853023279303205e+00 1.989005753582709257e+00 1.989046145337477256e+00 1.996100170602572943e+00 2.035749095653637042e+00 2.035832519664223295e+00 2.325574554503791802e+00 2.405467916601151668e+00 2.405489458179108642e+00 2.773362609989924898e+00 3.277807444204585252e+00 3.387150328305541080e+00 3.387379469049096592e+00 3.774597219009453664e+00
1.815614800090795677e-01 2.477523133514548948e-01 2.477650533701726554e-01 6.116477486042158906e-01 1.034629085411538751e+00 1.118189140688012451e+00 1.118240882925271906e+00 1.282840939875685038e+00 1.282846491567741110e+00 1.347668232585601977e+00 1.387564750783351508e+00 1.428886147790229488e+00 1.428953651469787589e+00 1.597436523145809417e+00 1.597552902515463780e+00 1.808631001572444053e+00 1.808690769331173120e+00 1.951429348974096145e+00 1.982052775131406985e+00 1.982071725112484417e+00 2.048781266867421902e+00 2.048850893399581263e+00 2.339427492521001906e+00 2.419639692034616374e+00 2.419668226317154058e+00 2.751429462235114531e+00 3.346990983616374038e+00 3.371856745259763866e+00 3.372094266728654866e+00 3.760387390256017426e+00
2.013285280881649264e-01 2.809279859156039727e-01 2.809389760207476883e-01 6.815021553707090174e-01 1.048080878181811171e+00 1.088157113564343303e+00 1.088214223738458442e+00 1.283535130593493889e+00 1.283538979581129169e+00 1.349633316675436179e+00 1.383355120019830187e+00 1.436477336904510516e+00 1.436531914714670899e+00 1.611562930525358706e+00 1.611684471167055932e+00 1.793609461979127628e+00 1.793659100085613023e+00 1.907746767707653168e+00 1.977986220507277348e+00 1.978000188552744287e+00 2.061115664068717379e+00 2.061187179019110527e+00 2.349951451233459832e+00 2.433382665363378550e+00 2.433417717076544751e+00 2.734370187561262266e+00 3.356715904767094028e+00 3.356948334504085363e+00 3.413707096840733257e+00 3.742962330174779861e+00
2.172741040110382216e-01 3.090900912935597433e-01 3.090985865958729151e-01 7.357870316163891422e-01 1.061878644780593683e+00 1.061942131853273574e+00 1.064007585678492962e+00 1.284103364916368895e+00 1.284104466697090219e+00 1.351869405200087026e+00 1.379134417754285469e+00 1.442563605822344996e+00 1.442606357782528992e+00 1.627763364367845522e+00 1.627895568082496469e+00 1.774606680527103908e+00 1.774641575788023840e+00 1.867584084094374486e+00 1.976508803861760644e+00 1.976523898979940075e+00 2.071663564341009511e+00 2.071741849648818690e+00 2.357439101107271284e+00 2.445652272087200263e+00 2.445692809236176934e+00 2.721915753410446115e+00 3.343027921579200257e+00 3.343265394533498025e+00 3.476076022104187313e+00 3.721795678459496326e+00
2.289751645117163170e-01 3.307748778057289507e-01 3.307807348742339837e-01 7.734111674676857895e-01 1.041264202325325572e+00 1.041333261761308693e+00 1.080453172459709510e+00 1.284446430804856210e+00 1.284447860916965611e+00 1.354235667346010308e+00 1.375212278200052429e+00 1.447050593801487484e+00 1.447084000555892258e+00 1.645538684031465859e+00 1.645691917773460577e+00 1.753525589553850184e+00 1.753536454727966598e+00 1.834365897020019176e+00 1.976566859659573128e+00 1.976584873110147855e+00 2.079677472878705302e+00 2.079762845651274006e+00 2.362312606471423049e+00 2.455401687649708897e+00 2.455446298614466727e+00 2.713604568010310913e+00 3.332081452752187367e+00 3.332322186115105556e+00 3.532654735337776408e+00 3.696269398024466746e+00
2.361223860618734405e-01 3.445340553276906026e-01 3.445378786679626493e-01 7.949907660418421562e-01 1.028042424681476996e+00 1.028115462977384542e+00 1.093367411085701679e+00 1.284604951530584849e+00 1.284608071105801663e+00 1.356337370547464838e+00 1.372118533920639427e+00 1.449807366780552442e+00 1.449834837586818193e+00 1.662852178759720578e+00 1.663047311933910866e+00 1.733650144931771608e+00 1.733683002984381938e+00 1.812071024687552212e+00 1.977084786746582834e+00 1.977105298274937084e+00 2.084667494365084028e+00 2.084757916053967097e+00 2.365013289105917238e+00 2.461695852432902676e+00 2.461742939510593864e+00 2.708903763931938879e+00 3.324995612950131463e+00 3.325238400112227932e+00 3.582241551922636713e+00 3.665986101699733268e+00
2.385261268972655446e-01 3.492605256581420847e-01 3.492635811142650870e-01 8.019491036617437674e-01 1.023478070242668014e+00 1.023552542295769419e+00 1.098320660075593036e+00 1.284647813091162050e+00 1.284651518064910736e+00 1.357277340285695688e+00 1.370837793974323038e+00 1.450737572776513717e+00 1.450763014510983995e+00 1.671913435661391389e+00 1.672153107480626399e+00 1.723609361074084134e+00 1.723687368176653356e+00 1.804166257993695455e+00 1.977340138349280796e+00 1.977361599876174658e+00 2.086359956120549697e+00 2.086452185656876068e+00 2.365872644335813568e+00 2.463873927796122576e+00 2.463921841503422083e+00 2.707390322622467149e+00 3.322541576410025232e+00 3.322785073422707125e+00 3.616101453725480752e+00 3.638675033977502693e+00
2.443601313757161886e-01 3.533141469834940041e-01 3.589623810154836114e-01 7.921251994760155624e-01 1.022595694191905880e+00 1.026133924402771402e+00 1.102901702244037496e+00 1.264057222884250375e+00 1.280648580585206364e+00 1.353028266621866260e+00 1.386891850227062184e+00 1.449316191727016756e+00 1.451271486990655557e+00 1.673208778421539700e+00 1.676543404179511976e+00 1.724882236825489024e+00 1.725001288032842250e+00 1.807845527629982962e+00 1.977065168649663196e+00 1.978727167226993267e+00 2.085132948632526517e+00 2.086032070793625515e+00 2.365404331283349482e+00 2.463648579136685335e+00 2.464458672992833055e+00 2.705140653226361547e+00 3.322973307836321943e+00 3.324783788965076425e+00 3.615788505064774672e+00 3.638485872713536740e+00
2.601910950559621072e-01 3.656051975456705572e-01 3.863780615313580635e-01 7.655911432384459037e-01 1.019650099065726234e+00 1.031647480157234398e+00 1.116158916853451810e+00 1.223153519318298965e+00 1.267973522948093734e+00 1.342787324820734263e+00 1.411487724162907575e+00 1.448357368066985895e+00 1.452236732616057679e+00 1.676593067319422703e+00 1.688491275249269785e+00 1.728668050085681474e+00 1.729230661155775284e+00 1.818571621941104999e+00 1.976219414287850640e+00 1.982646593094234078e+00 2.081266038063585011e+00 2.084966120368529907e+00 2.364054077954125255e+00 2.462867015599292664e+00 2.466153960543206569e+00 2.698629714705217175e+00 3.324080958260726248e+00 3.330896160029696240e+00 3.614794747201179437e+00 3.637927064719134407e+00
2.819753100091046405e-01 3.864176064196910287e-01 4.274715381155927973e-01 7.280555917467086413e-01 1.014252754512432020e+00 1.036757861035804584e+00 1.135751356644698840e+00 1.177752987747569202e+00 1.245898941905395407e+00 1.331263757592412222e+00 1.416364332998452547e+00 1.452658706948737333e+00 1.462312952589595483e+00 1.681285679091689023e+00 1.704279654144133849e+00 1.734891416564489086e+00 1.737417214013641908e+00 1.835365837474221440e+00 1.974796795127002902e+00 1.988607524413759320e+00 2.074873683907588084e+00 2.083173263536012065e+00 2.361976094939971293e+00 2.461568841244546668e+00 2.468899976084443448e+00 2.688543425485532268e+00 3.325830652279885946e+00 3.340930408500959459e+00 3.612965015082223896e+00 3.637028540256968423e+00
3.053531492383865231e-01 4.155810206890244718e-01 4.777064189851977227e-01 6.844913084176206253e-01 1.005501441410403762e+00 1.040569879463458136e+00 1.133367433531771606e+00 1.156987188918309650e+00 1.216534310173912559e+00 1.321216814221698233e+00 1.404375487986186277e+00 1.452030441931152938e+00 1.486006641482980450e+00 1.686366099773619398e+00 1.719314889444168770e+00 1.743344778690702146e+00 1.751307236716249438e+00 1.856537644616328420e+00 1.972790122424685544e+00 1.995984903035787905e+00 2.066052620029745768e+00 2.080637862166923924e+00 2.359397085936729255e+00 2.459775590867119721e+00 2.472546294231517727e+00 2.675931062164807361e+00 3.328098763151361439e+00 3.354603943903698759e+00 3.610070756440699302e+00 3.635849480534486755e+00
3.272432519031301390e-01 4.514226254331407118e-01 5.331305389205394096e-01 6.391241539350224210e-01 9.919184206850044649e-01 1.043325693450199543e+00 1.093797537533679476e+00 1.162297303808583315e+00 1.196509362686220435e+00 1.313383992647661813e+00 1.386662279587709046e+00 1.450200757007838792e+00 1.508665637004555027e+00 1.691199284655583002e+00 1.731607733215727807e+00 1.753630687778841235e+00 1.770510515068714597e+00 1.879794779020252715e+00 1.970212509143649982e+00 2.004285911613796767e+00 2.054964853439618100e+00 2.077365026434425221e+00 2.356578550937928451e+00 2.457539534341426357e+00 2.476842360905100016e+00 2.662068415247441866e+00 3.330723301322645380e+00 3.371471892819420280e+00 3.605850660996383628e+00 3.634480567608268764e+00
3.457988240735961338e-01 4.889504562767841289e-01 5.905428471310719685e-01 5.982168020061966462e-01 9.721995548788728847e-01 1.045123481154142109e+00 1.062030572810173545e+00 1.127748254983003351e+00 1.209324446511436113e+00 1.308446015239152160e+00 1.366026024777069248e+00 1.447174450841147042e+00 1.528522550830003546e+00 1.695532033683227136e+00 1.742475988970392908e+00 1.765246817962152992e+00 1.791834497659027914e+00 1.902560153901811990e+00 1.967117843533807919e+00 2.013317518845760379e+00 2.041877316622691119e+00 2.073406154600474061e+00 2.353776749424032921e+00 2.454957211244355175e+00 2.481435799966976052e+00 2.648281053159138754e+00 3.333519331382380102e+00 3.390917464037126461e+00 3.600059315933607618e+00 3.633032446016593475e+00
3.590934354118334171e-01 5.082514313315118493e-01 5.832439730126165456e-01 6.475131605612972630e-01 9.475949686832638719e-01 1.037834483589661128e+00 1.045158769364477047e+00 1.085090919452504243e+00 1.223467098400456088e+00 1.307753466133916742e+00 1.343887635935094860e+00 1.443044552754690235e+00 1.545332398047335687e+00 1.699359277485967379e+00 1.752915254548722990e+00 1.777705446925661459e+00 1.812716676601507260e+00 1.922463129965268136e+00 1.963623714596745895e+00 2.022804249051343817e+00 2.027512680055461036e+00 2.068892335795561088e+00 2.351208405376805644e+00 2.452177315292832560e+00 2.485909189122213814e+00 2.635751410056271560e+00 3.336293536308929664e+00 3.412176879668287643e+00 3.592511298420190791e+00 3.631615616684422232e+00
3.639235841890063328e-01 4.917743618690864071e-01 6.154530210509149279e-01 7.016625691070035309e-01 9.222405239073921956e-01 1.018930598443592794e+00 1.026488835533397648e+00 1.057178635625018348e+00 1.231761261437010369e+00 1.312298821401648663e+00 1.321622934822347606e+00 1.438014835473170328e+00 1.559000727584636259e+00 1.702745500507796494e+00 1.762932582168357909e+00 1.790544619004818427e+00 1.831680960962324356e+00 1.937953116246398544e+00 1.959934385366986831e+00 2.011314943169877356e+00 2.033773934146186679e+00 2.064071826307323221e+00 2.349028541460357555e+00 2.449399613731408021e+00 2.489857729666515862e+00 2.625344323914783118e+00 3.338858386068877859e+00 3.434389098652707251e+00 3.583109988495500886e+00 3.630325870153762846e+00
3.571863618915140370e-01 4.748383931626490306e-01 6.636412844788218690e-01 7.507502406901721548e-01 9.001633006898861478e-01 9.801148152787647616e-01 1.002049632490108477e+00 1.054605994509250300e+00 1.234584305726957432e+00 1.300871915836620651e+00 1.320781393722026076e+00 1.432468831950269195e+00 1.569454189998516380e+00 1.705689498644938240e+00 1.772009780141777346e+00 1.803169566256768164e+00 1.847727955345503048e+00 1.948686939525750006e+00 1.956357742876651873e+00 1.995782652720354378e+00 2.043940434387033989e+00 2.059341875868390570e+00 2.347324050345411806e+00 2.446861982209054709e+00 2.492984622305170817e+00 2.617496855640990105e+00 3.341044747921193991e+00 3.456640119441821479e+00 3.571876667555341278e+00 3.629240645041392987e+00
3.421987510687565237e-01 4.680495686893934582e-01 7.156842394998437218e-01 7.917674882375275169e-01 8.840672924225824181e-01 9.291082784613944323e-01 9.861161313816483309e-01 1.054864776288062744e+00 1.234489889979190069e+00 1.283635854911514995e+00 1.330082898265693370e+00 1.427084289246056237e+00 1.576718682386446080e+00 1.708060217391541569e+00 1.779380741765266505e+00 1.814544263937907020e+00 1.860017320897198401e+00 1.953299290423159418e+00 1.955160965324530098e+00 1.982074212184804729e+00 2.052519967998318151e+00 2.055251261111832761e+00 2.346123077238903232e+00 2.444814121152582231e+00 2.495162562389348526e+00 2.612224131494802482e+00 3.342712019917217336e+00 3.477915274312805671e+00 3.559061985981452292e+00 3.628420512087842997e+00
3.283255967795036812e-01 4.668568963221098045e-01 7.690045244425723903e-01 8.198285599337366003e-01 8.757829752646550947e-01 8.765747783148848393e-01 9.726602247810208768e-01 1.055248229013780570e+00 1.233662751888418896e+00 1.272076306410852009e+00 1.337197578825543243e+00 1.422943672208067944e+00 1.580947539694476323e+00 1.709629091612719032e+00 1.784233258803391564e+00 1.822902278994867897e+00 1.867788211385750463e+00 1.951211675236395715e+00 1.957880821941633487e+00 1.972850270965105235e+00 2.052430753738516245e+00 2.058206585405816469e+00 2.345416481061569858e+00 2.443480003350207319e+00 2.496413663063157706e+00 2.609265746277535047e+00 3.343755396864418916e+00 3.496529464978868962e+00 3.545767763057652289e+00 3.627909993702015612e+00
3.228790133745591540e-01 4.669084701530230030e-01 8.185631494399465691e-01 8.272871161775277038e-01 8.295209117366955098e-01 8.742619043139160384e-01 9.667992212155619436e-01 1.055398714418348538e+00 1.233270259897827570e+00 1.267985749321259625e+00 1.339876552037476021e+00 1.421345330123632289e+00 1.582329072719223628e+00 1.710181091217386040e+00 1.785931877964847647e+00 1.826057475568999555e+00 1.870454413099137181e+00 1.950466444130333210e+00 1.958102901931136453e+00 1.969984876276880126e+00 2.051418453741163272e+00 2.060190062259234622e+00 2.345184119526527944e+00 2.443016453623024997e+00 2.496817457382426664e+00 2.608322119373674308e+00 3.344110429757074954e+00 3.506127439253979627e+00 3.537984453388332451e+00 3.627736691685266024e+00
3.264504176780812505e-01 4.656082848877697855e-01 8.030457323945450199e-01 8.227821264927066558e-01 8.298961725069630146e-01 8.907932841379876399e-01 9.726811451595361868e-01 1.055440290924927860e+00 1.231379512393945053e+00 1.267968749282231800e+00 1.335201431380891535e+00 1.417847645021511616e+00 1.588094406118964352e+00 1.712257399577371775e+00 1.784426896099488458e+00 1.826555202540792289e+00 1.869637688662566744e+00 1.950534081801826636e+00 1.958434625576636723e+00 1.971402445266164483e+00 2.050650484660725859e+00 2.059664075520826199e+00 2.345304182231423784e+00 2.443815724594534000e+00 2.496329371232854477e+00 2.607083886657861616e+00 3.347090056158738669e+00 3.505750112327463697e+00 3.535893081043315789e+00 3.627781479569253786e+00
3.365874596292797172e-01 4.617537472600298787e-01 7.757722773886226442e-01 8.123375141550616130e-01 8.304326957592335079e-01 9.212596311741049204e-01 9.878201627865188517e-01 1.055558801586361062e+00 1.224268135236129540e+00 1.267829675178761217e+00 1.324462244338365347e+00 1.408003100178853551e+00 1.603540100954532033e+00 1.717720301868864707e+00 1.780054125678239396e+00 1.827941035799503844e+00 1.867437675408276432e+00 1.950754998399355289e+00 1.958612141553903507e+00 1.976108943697563847e+00 2.048473475356173967e+00 2.058179673897396089e+00 2.345670480113891898e+00 2.446162050845708258e+00 2.494822969000153101e+00 2.603632184948785344e+00 3.355839041453451355e+00 3.504619553792557962e+00 3.529720783765309733e+00 3.627900389850201357e+00
3.516990040983523635e-01 4.553902283910932214e-01 7.484365107969137565e-01 8.014945729690493570e-01 8.301303426201610547e-01 9.543645961003768274e-01 1.007658870138480101e+00 1.055771525986922921e+00 1.208508339598167725e+00 1.267299364906562475e+00 1.314939621479626952e+00 1.393479152303417345e+00 1.624806303905352411e+00 1.724735081581995511e+00 1.773129894747833113e+00 1.830022849405563257e+00 1.864392202920645669e+00 1.951150359121927913e+00 1.958009265726972536e+00 1.983880786261041473e+00 2.045154761626747586e+00 2.056029330649757458e+00 2.346281408333271923e+00 2.449902770507280447e+00 2.492212460953123987e+00 2.598687055488207331e+00 3.369802852860328990e+00 3.502740145677190053e+00 3.519773422517793904e+00 3.628054467529858496e+00
3.694948669089612725e-01 4.465393910025940438e-01 7.243008935505088619e-01 7.947653813734474326e-01 8.278910603197187079e-01 9.875465284596092186e-01 1.028432925423304223e+00 1.056287763723811723e+00 1.182577472185898149e+00 1.265947230896884435e+00 1.311753781854901657e+00 1.376469501990682964e+00 1.648260134200739691e+00 1.731354189185564163e+00 1.764060472489717313e+00 1.832726807002791780e+00 1.860923337148769452e+00 1.951764937951061984e+00 1.956895705262967189e+00 1.993429095435245380e+00 2.040904444998866918e+00 2.053675429483684756e+00 2.347077779520369223e+00 2.454787853210064430e+00 2.488465409102053272e+00 2.593245548930735112e+00 3.388101189866640883e+00 3.500121992713172592e+00 3.506559228312258192e+00 3.628199005061315319e+00
3.873327322162832820e-01 4.355954860466152434e-01 7.055566630659119154e-01 7.944131276723271906e-01 8.231145451006430802e-01 1.019584069644131397e+00 1.045906111086441603e+00 1.058780053957255163e+00 1.149335187758683263e+00 1.263400387223666321e+00 1.314836273862382665e+00 1.359356011705090683e+00 1.670866553340529137e+00 1.736250415948302317e+00 1.753585703003286866e+00 1.836180372186330789e+00 1.857057578565657119e+00 1.952584111685460755e+00 1.955618732000119486e+00 2.003483555798289739e+00 2.035751608377621480e+00 2.051644965542031240e+00 2.347902491666920000e+00 2.460475073745678642e+00 2.483696636381781175e+00 2.588360973094141038e+00 3.409557735045794402e+00 3.490693382905187825e+00 3.496892827344631360e+00 3.628301038304392545e+00
4.026390575591178855e-01 4.238906377690393468e-01 6.940418546644782083e-01 7.999181304011769855e-01 8.160667957332722322e-01 1.049611202682265487e+00 1.052126436607238480e+00 1.069004792232487011e+00 1.113086629294306684e+00 1.260082887786075467e+00 1.322164783484804262e+00 1.344236366812514571e+00 1.689137217163301230e+00 1.738905375302491008e+00 1.743631850575322551e+00 1.840683853334335707e+00 1.852418746494934876e+00 1.953412666533471453e+00 1.954517688348221371e+00 2.013135817455535381e+00 2.029493403261512174e+00 2.050392306047039259e+00 2.348527622966439132e+00 2.466541675373892684e+00 2.478202535537609830e+00 2.584958454496960822e+00 3.432595274248829043e+00 3.473050451992016008e+00 3.493283713046935191e+00 3.628348576988272622e+00
4.134095979673867993e-01 4.138970739618216821e-01 6.904674326297371989e-01 8.078947453673385182e-01 8.081702371729891921e-01 1.052794290067717187e+00 1.075500326444386312e+00 1.079062335141551143e+00 1.079432679773197901e+00 1.258204466893108275e+00 1.331964758809461635e+00 1.332184516990615464e+00 1.696846254495991246e+00 1.739199848913316693e+00 1.739444634403833234e+00 1.846492350663828663e+00 1.846591415902785416e+00 1.953922605988227978e+00 1.953934844302990026e+00 2.021847457093866485e+00 2.021945203672461666e+00 2.050042962787265832e+00 2.348765763660097150e+00 2.472371222276152913e+00 2.472559686093003251e+00 2.583720702734452423e+00 3.454226811843507328e+00 3.454453442162574106e+00 3.490963165762415166e+00 3.628352531754900578e+00
4.078550342528881045e-01 4.191819449986692314e-01 6.918661614041434760e-01 8.014062043110941058e-01 8.133786625127974457e-01 1.048292515395077285e+00 1.052439842350588961e+00 1.084345790171903134e+00 1.100606126752774250e+00 1.260836665040532267e+00 1.322892587288930777e+00 1.342837743302194964e+00 1.690985334558529507e+00 1.737776558693921558e+00 1.743061436394123254e+00 1.839767926976410894e+00 1.853331781213223062e+00 1.953979093538912748e+00 1.954017362905716260e+00 2.013931912758213372e+00 2.029402340192186571e+00 2.049748567167748448e+00 2.348656849988587147e+00 2.467356198791964328e+00 2.477452120280029924e+00 2.584631812675442397e+00 3.436484769001209028e+00 3.465637852662409646e+00 3.496491489592729263e+00 3.628382855987323463e+00
4.083935291639392839e-01 4.195566113051549806e-01 6.918155469811636538e-01 7.991687347523098728e-01 8.124570578792595921e-01 1.024427828209187652e+00 1.051588957855623896e+00 1.086864210125034091e+00 1.122660536285917443e+00 1.269368843718076123e+00 1.314547770827944717e+00 1.354686068052359804e+00 1.678123946899026331e+00 1.734854362687911378e+00 1.748022869955180747e+00 1.831655907906035718e+00 1.860763876159053476e+00 1.953428052080595334e+00 1.954748158128287061e+00 2.006156082435396559e+00 2.036437510572859821e+00 2.048497970821084202e+00 2.348480860170925055e+00 2.462720743854543315e+00 2.481711423242667802e+00 2.587432034221520905e+00 3.418909345269971478e+00 3.463773842279488591e+00 3.512668324592175040e+00 3.628471721012707096e+00
4.155381745700719720e-01 4.168091455474633444e-01 6.825312428208328841e-01 8.020260787192257101e-01 8.074535637034240265e-01 1.007731628488636844e+00 1.050609094241242492e+00 1.090035115523229514e+00 1.143597900648096077e+00 1.282925651802507394e+00 1.306179187059163471e+00 1.366923460425963244e+00 1.662341261804446635e+00 1.730818058914314062e+00 1.750625955274707879e+00 1.822437959109935779e+00 1.866835619929612555e+00 1.951829014577549426e+00 1.956048835845678013e+00 2.000176014267530444e+00 2.041989867985567031e+00 2.046684154442101278e+00 2.348371110917728544e+00 2.458954340698160657e+00 2.484867294599575782e+00 2.592182391447955592e+00 3.402062969824492189e+00 3.456471206374724048e+00 3.531131998223121293e+00 3.628667529857452667e+00
4.078887750467871665e-01 4.337406953411030441e-01 6.609427226417966539e-01 7.807296723958254692e-01 8.281908916365240403e-01 9.984764883939302171e-01 1.049880505467959635e+00 1.096666594102243319e+00 1.163861455229397768e+00 1.292707174125687253e+00 1.303958407279683707e+00 1.379034286543089127e+00 1.644950230086553944e+00 1.726003759298021967e+00 1.750431950785538593e+00 1.812412660085156002e+00 1.868614976143169848e+00 1.948627634952463383e+00 1.957865478072589260e+00 1.998025871653884566e+00 2.039598269908434514e+00 2.050433161112860336e+00 2.348474835026366225e+00 2.456260303633376996e+00 2.486729903017219634e+00 2.598887143857532944e+00 3.386431854082331050e+00 3.446702895397864452e+00 3.548404394294225828e+00 3.629017921826638737e+00
3.973447402712682042e-01 4.587622963075824734e-01 6.299265895122928560e-01 7.493187067624208497e-01 8.581675314676959765e-01 9.959285959376962261e-01 1.049380343564429996e+00 1.107761088180752473e+00 1.183898190104147874e+00 1.282511584956528283e+00 1.321841328657586967e+00 1.390584326267070958e+00 1.626351785863249688e+00 1.720680289632693150e+00 1.747997225515232067e+00 1.801890491063088406e+00 1.863689617455675407e+00 1.943193473271545457e+00 1.960118917986122256e+00 2.001176683988790117e+00 2.033061465762879827e+00 2.055973595145511368e+00 2.348935499158434581e+00 2.454717053634096757e+00 2.487223329370435110e+00 2.607484878067000800e+00 3.372397773298231538e+00 3.435124368929372007e+00 3.563602686045601153e+00 3.629560592855313850e+00
3.845152100942336171e-01 4.907012062512517980e-01 5.931275360291737853e-01 7.098082478484442071e-01 8.936563981541902901e-01 9.990937799763642824e-01 1.048814700361939689e+00 1.122819652888679132e+00 1.204086667636394381e+00 1.268610113366627212e+00 1.342043993089231613e+00 1.401227295227328806e+00 1.606633427839462280e+00 1.715048346698621717e+00 1.744009884791367870e+00 1.791142898155530183e+00 1.851777079043825047e+00 1.934853151735918875e+00 1.962586009936708287e+00 2.009324019664239014e+00 2.024943696349487787e+00 2.061208947065077624e+00 2.349866870161998023e+00 2.454267685391768428e+00 2.486395958676435480e+00 2.617825011987878536e+00 3.360217451171758629e+00 3.422023247783766653e+00 3.576504021551365486e+00 3.630314100341402561e+00
3.698594215572487132e-01 5.280058853009073072e-01 5.532771971989142168e-01 6.644425158103615114e-01 9.310822075892900562e-01 1.007869260956415269e+00 1.047963283572196369e+00 1.140475808462933616e+00 1.224678991345013346e+00 1.252637246141066196e+00 1.362203844304228140e+00 1.410699141826498249e+00 1.585743873778301172e+00 1.709249519707911169e+00 1.739042944036000460e+00 1.780392910349583024e+00 1.834343331116439879e+00 1.923026541812425494e+00 1.965052194529418150e+00 2.016190730708049550e+00 2.020722876993563677e+00 2.066022836748036884e+00 2.351320518217515865e+00 2.454737163523072585e+00 2.484416085404912433e+00 2.629640719348571576e+00 3.350012959411508007e+00 3.407717172150269036e+00 3.587142604820104719e+00 3.631271379794960286e+00
3.536737095965117317e-01 5.125002180236972738e-01 5.689593765397616965e-01 6.153073284512834418e-01 9.647969674078490376e-01 1.025106085555646862e+00 1.046726436393183413e+00 1.158540252057791431e+00 1.235874081270098790e+00 1.245749747844836275e+00 1.381483093952888375e+00 1.418796541346942996e+00 1.563567792123737643e+00 1.703380316871199396e+00 1.733488046378132585e+00 1.769831198859044274e+00 1.813257322776903990e+00 1.907543617265207603e+00 1.967426254194837965e+00 2.007696784572806870e+00 2.033467827587104537e+00 2.070405042861939826e+00 2.353261987182732717e+00 2.455874714301224060e+00 2.481551824136853934e+00 2.642528157635541497e+00 3.341775400622568171e+00 3.392660419778032121e+00 3.595675957753748264e+00 3.632397973915552747e+00
3.360749572611353986e-01 4.727411682478576682e-01 5.637327342277016484e-01 6.124349770775748825e-01 9.876318116082026810e-01 1.045045365759923017e+00 1.055781121911651077e+00 1.171692591040812470e+00 1.222985648478035703e+00 1.267152355568677224e+00 1.399252759912700927e+00 1.425328924795152385e+00 1.539996279814669577e+00 1.697507394323743091e+00 1.727487472413721914e+00 1.759648273501148275e+00 1.790315373652234587e+00 1.888976682853916067e+00 1.969671190000281680e+00 2.000051209934593732e+00 2.046132947268043178e+00 2.074345696040520881e+00 2.355569789045262041e+00 2.457405278871416687e+00 2.478137817033270185e+00 2.655940405629255707e+00 3.335382031133422576e+00 3.377458901151292103e+00 3.602320577316893591e+00 3.633634647603284584e+00
3.170344488585029596e-01 4.360398992820372355e-01 5.124048639212757106e-01 6.560003763406203614e-01 1.000938406260523328e+00 1.042829867428913149e+00 1.096767529140866948e+00 1.168219875458106571e+00 1.225375182917626038e+00 1.288480709992329443e+00 1.414966076802183892e+00 1.429995632220776525e+00 1.515074620277647721e+00 1.691688280199509009e+00 1.720724398534215993e+00 1.750075089741284673e+00 1.767547619681653082e+00 1.868678751001123350e+00 1.971748021150214969e+00 1.993461868574203599e+00 2.057778411191534484e+00 2.077817495823747418e+00 2.358056738107286332e+00 2.459072846861324546e+00 2.474534621085013431e+00 2.669202725268515319e+00 3.330624524057802738e+00 3.362833524364925886e+00 3.607319982864020780e+00 3.634902567756272518e+00
2.966427303337471622e-01 4.045075660917727967e-01 4.630145885703090269e-01 6.984218811105514790e-01 1.009681853047009970e+00 1.039898677106580127e+00 1.141586581169131254e+00 1.150971251337522983e+00 1.240256237773947223e+00 1.309028219387332603e+00 1.428131269892533695e+00 1.431947245973121063e+00 1.489498244234108926e+00 1.686015217588523241e+00 1.711951694755490472e+00 1.741418035296130373e+00 1.747900202533837710e+00 1.848505736272461286e+00 1.973600703752139474e+00 1.987935018088162531e+00 2.067809080097632979e+00 2.080775196135048688e+00 2.360502005618571708e+00 2.460666949163221595e+00 2.471088662847793049e+00 2.681552650775049784e+00 3.327244158303633181e+00 3.349552515423414700e+00 3.610929223360880957e+00 3.636110482810134492e+00
2.758027233440301096e-01 3.798159979794380470e-01 4.183827737578607597e-01 7.375588791760735452e-01 1.015894928429427413e+00 1.035967249757475228e+00 1.131050250989640737e+00 1.186756245731071857e+00 1.257044215821985000e+00 1.327737089386327174e+00 1.427843353155197725e+00 1.438352202140199765e+00 1.466707334985735134e+00 1.680699607905823845e+00 1.699660034075035409e+00 1.734064082329318301e+00 1.734722763646563637e+00 1.830441099068854216e+00 1.975158024129610057e+00 1.983470883366225346e+00 2.075859318192053493e+00 2.083162086671811686e+00 2.362682636259581859e+00 2.462032217418820945e+00 2.468100260738582463e+00 2.692203358363160159e+00 3.324968975017739137e+00 3.338352828318422283e+00 3.613401948156674592e+00 3.637164899302493204e+00
2.569050050307933319e-01 3.625860637137024445e-01 3.819915248614900727e-01 7.705855348837499230e-01 1.020177950866983929e+00 1.030921954697417764e+00 1.113718418846620928e+00 1.229854273321192570e+00 1.271469925569040260e+00 1.343159745915093906e+00 1.410470891586704134e+00 1.445433375453299529e+00 1.454721291728798604e+00 1.676166353398361064e+00 1.686080383443792963e+00 1.727814280269878822e+00 1.728433712157300350e+00 1.816253597830561617e+00 1.976343077560949180e+00 1.980141035595880616e+00 2.081715824345720556e+00 2.084919509711189889e+00 2.364399316226906134e+00 2.463065410601185334e+00 2.465804351605542788e+00 2.700422616602943027e+00 3.323548416198976341e+00 3.329868935123691198e+00 3.614971955901884471e+00 3.637982198751308793e+00
2.434360519962131542e-01 3.525494761357094720e-01 3.577990167364689666e-01 7.935492482641113288e-01 1.022712011168975810e+00 1.025809811843952479e+00 1.102253797158657234e+00 1.266839435948022841e+00 1.281203592207748709e+00 1.353546563132369762e+00 1.385193722176703890e+00 1.449472174324472062e+00 1.451413950466816871e+00 1.673038867649447647e+00 1.675886932681386776e+00 1.724574755789169744e+00 1.724894521430591077e+00 1.807246625953580876e+00 1.977086544537169699e+00 1.978067549437289685e+00 2.085264374432937107e+00 2.085996839327288299e+00 2.365495788093949336e+00 2.463705468636709028e+00 2.464364172852806067e+00 2.705614607547410788e+00 3.322782199576450601e+00 3.324580965487853312e+00 3.615830014900777822e+00 3.638498575579207195e+00
2.385261268972655446e-01 3.492605256581420847e-01 3.492635811142650870e-01 8.019491036617437674e-01 1.023478070242668014e+00 1.023552542295769419e+00 1.098320660075593036e+00 1.284647813091162050e+00 1.284651518064910736e+00 1.357277340285695688e+00 1.370837793974323038e+00 1.450737572776513717e+00 1.450763014510983995e+00 1.671913435661391389e+00 1.672153107480626399e+00 1.723609361074084134e+00 1.723687368176653356e+00 1.804166257993695455e+00 1.977340138349280796e+00 1.977361599876174658e+00 2.086359956120549697e+00 2.086452185656876068e+00 2.365872644335813568e+00 2.463873927796122576e+00 2.463921841503422083e+00 2.707390322622467149e+00 3.322541576410025232e+00 3.322785073422707125e+00 3.616101453725480752e+00 3.638675033977502693e+00
3.228790133745591540e-01 4.669084701530230030e-01 8.185631494399465691e-01 8.272871161775277038e-01 8.295209117366955098e-01 8.742619043139160384e-01 9.667992212155619436e-01 1.055398714418348538e+00 1.233270259897827570e+00 1.267985749321259625e+00 1.339876552037476021e+00 1.421345330123632289e+00 1.582329072719223628e+00 1.710181091217386040e+00 1.785931877964847647e+00 1.826057475568999555e+00 1.870454413099137181e+00 1.950466444130333210e+00 1.958102901931136453e+00 1.969984876276880126e+00 2.051418453741163272e+00 2.060190062259234622e+00 2.345184119526527944e+00 2.443016453623024997e+00 2.496817457382426664e+00 2.608322119373674308e+00 3.344110429757074954e+00 3.506127439253979627e+00 3.537984453388332451e+00 3.627736691685266024e+00
3.275466540990158992e-01 4.654642137865385720e-01 8.177922949070253189e-01 8.229210139233086307e-01 8.297818237412547537e-01 8.751775403367952899e-01 9.718988829709037658e-01 1.043421080580159810e+00 1.233763951816549520e+00 1.274887992821805316e+00 1.340215686886777391e+00 1.421659363973075019e+00 1.582055680982636270e+00 1.709932772576621129e+00 1.780377093955108014e+00 1.831154863599871563e+00 1.870232324404634827e+00 1.946368494358293955e+00 1.958536028614268343e+00 1.972997584831015061e+00 2.049922107290474749e+00 2.062768814955871832e+00 2.345004069494644572e+00 2.441223759009182981e+00 2.494396073626992116e+00 2.609086543089943699e+00 3.346547786664941349e+00 3.486310074529519909e+00 3.540775496846812143e+00 3.641861496252259744e+00
3.409964803262805488e-01 4.611477077129553792e-01 8.112363869730309096e-01 8.160610149753048104e-01 8.303932459501305319e-01 8.777632354394706571e-01 9.795310271681517689e-01 1.017997636374784909e+00 1.235206322834778270e+00 1.291041607287537030e+00 1.341316788054726761e+00 1.422900783986146056e+00 1.581239074598727257e+00 1.708939388989298536e+00 1.768322657900418760e+00 1.841448919306200693e+00 1.869398583597453145e+00 1.938617483436291478e+00 1.957599783653498404e+00 1.980411631601452394e+00 2.045470346043506638e+00 2.070172671725248659e+00 2.344472537180367855e+00 2.436117045533762404e+00 2.487317371459323301e+00 2.611573437396253805e+00 3.353510695019910504e+00 3.441379975568624516e+00 3.548842513849559843e+00 3.670103098931511543e+00
3.617545940020163164e-01 4.540128806046868637e-01 7.957218183715903947e-01 8.131333760172958502e-01 8.309127717397662982e-01 8.816790837725918539e-01 9.517105832700578638e-01 1.021982447735924948e+00 1.237456318452613058e+00 1.308998500407368093e+00 1.343438608083182384e+00 1.425882545258314149e+00 1.579873930880578481e+00 1.706597820564550227e+00 1.754066527085630822e+00 1.851486043498550060e+00 1.867603601939726410e+00 1.929879767289207626e+00 1.956309198585215459e+00 1.990393684948343456e+00 2.038193182734599596e+00 2.081441846829487297e+00 2.343647479350623453e+00 2.428431129600744587e+00 2.476141234484622977e+00 2.616269996273162146e+00 3.363009031375503888e+00 3.386411187545774748e+00 3.561336726402183128e+00 3.699525216856827559e+00
3.878294042608435577e-01 4.441611628843798454e-01 7.765337715619510250e-01 8.098887584943842421e-01 8.307590298486378089e-01 8.865588430463234859e-01 9.027953823410375112e-01 1.045620844730230647e+00 1.240230914100396653e+00 1.324113820444547507e+00 1.347019279942086367e+00 1.431598951208483239e+00 1.577898560634242386e+00 1.702275784476249054e+00 1.738848302209459407e+00 1.857761120528991894e+00 1.865282363406101096e+00 1.921023123664713728e+00 1.956517248155744237e+00 2.002493784016059042e+00 2.028476062433321570e+00 2.095045006936716803e+00 2.342707484891946468e+00 2.419164167174721491e+00 2.461765743884970270e+00 2.623761413618722838e+00 3.320992052209868817e+00 3.379505679641180649e+00 3.577013806110629357e+00 3.726426811700685793e+00
4.170123668158575714e-01 4.317876723008876594e-01 7.503302011864108056e-01 8.066437402571290383e-01 8.293823345994345564e-01 8.556717476045372361e-01 8.920341563097879956e-01 1.072557371139737592e+00 1.243099139009979481e+00 1.334602106945701250e+00 1.352608839248515382e+00 1.440577434958269620e+00 1.575122686340777234e+00 1.695619114622366252e+00 1.723043595379627702e+00 1.855643820061193328e+00 1.865781531498304169e+00 1.912722357139884810e+00 1.959173497677714204e+00 2.014870782689305972e+00 2.018689415368125850e+00 2.109085309232681560e+00 2.341991914646620376e+00 2.409346518809686089e+00 2.445313695866620840e+00 2.634559526428414067e+00 3.255422094281211542e+00 3.394239995571046276e+00 3.594420706744564598e+00 3.749915341523453627e+00
4.166893588712273777e-01 4.475059587539487738e-01 7.113665687000874094e-01 8.036910305972395641e-01 8.211501089750400384e-01 8.269428497890164431e-01 8.976784097568364373e-01 1.099679746321580165e+00 1.245570249708365385e+00 1.340685237482537095e+00 1.360670409885431198e+00 1.452356014969742093e+00 1.571160392882751111e+00 1.686716946087982061e+00 1.707095680744816102e+00 1.848629981498625119e+00 1.866355453467234859e+00 1.905531880632510555e+00 1.963233905636874610e+00 2.005208891022220996e+00 2.032158827185743810e+00 2.121693408088110022e+00 2.341922663165540985e+00 2.399867222370914099e+00 2.428001646804631264e+00 2.648975075694897985e+00 3.188666363406544857e+00 3.409414478319845010e+00 3.612069241846580070e+00 3.769829158946225167e+00
3.994115397103901732e-01 4.767797545352968069e-01 6.623544823259924774e-01 8.012415161930128704e-01 8.019484180222908876e-01 8.224180102492932853e-01 9.030512389569691489e-01 1.125232614359218841e+00 1.247279562526301788e+00 1.343511056164953699e+00 1.371340750896693939e+00 1.465695596709174042e+00 1.565460994377051662e+00 1.676137479878697212e+00 1.691908535143638925e+00 1.840173599321276887e+00 1.865769218525441531e+00 1.899759953644921007e+00 1.964954577868049057e+00 1.997170376265066771e+00 2.047662436494250837e+00 2.131512714134188524e+00 2.342781532262561139e+00 2.391399408724548259e+00 2.411068869834873230e+00 2.666970129516671673e+00 3.123589487444961232e+00 3.423583394218157494e+00 3.628567920894479215e+00 3.786175643953860526e+00
3.800511428406108672e-01 5.029746557018598407e-01 6.138976314080151209e-01 7.912967372570941516e-01 7.996065654526174349e-01 8.170190051571772916e-01 9.077241244047188351e-01 1.147653319421050311e+00 1.248149625805374585e+00 1.344261980168714343e+00 1.384076927213568453e+00 1.479088058070486156e+00 1.557639245536435180e+00 1.664915684907746440e+00 1.678819450398324920e+00 1.831748562926882151e+00 1.864991178304312713e+00 1.895451831780874397e+00 1.960395665085001626e+00 1.996151055812448893e+00 2.062146522621414402e+00 2.138062916267286173e+00 2.344470527454277420e+00 2.384405183661035821e+00 2.395783732959080758e+00 2.687877444513632863e+00 3.063251970191410489e+00 3.435692280410009847e+00 3.642708989462667635e+00 3.798962486357208235e+00
3.602052151450207962e-01 5.239456186092564804e-01 5.748745077273879067e-01 7.853972494124018544e-01 7.989300210292460402e-01 8.112607721950745310e-01 9.113336772147141440e-01 1.165366645242896571e+00 1.248388185944883544e+00 1.343908909704461641e+00 1.397268344791449124e+00 1.490889315407576410e+00 1.548282735977721369e+00 1.654560081381581949e+00 1.669082527175676178e+00 1.824632841016902596e+00 1.864604381172414893e+00 1.892505876201954207e+00 1.952660491947734167e+00 1.999215996252260208e+00 2.074103468986861376e+00 2.141736943438288243e+00 2.346476805436426893e+00 2.379130709126971333e+00 2.383514489512683632e+00 2.709771184302368408e+00 3.011610917346731142e+00 3.444925227685161406e+00 3.653520207907473782e+00 3.808159505664388433e+00
3.441308089439348850e-01 5.376278946980552753e-01 5.503842130666818377e-01 7.823781409906462869e-01 7.995066810775597332e-01 8.060754159973642086e-01 9.136095699789925639e-01 1.176829960562234101e+00 1.248335563370803314e+00 1.343263538901511511e+00 1.407946843932805114e+00 1.499230227868225018e+00 1.539857185486253499e+00 1.647010752444513004e+00 1.663282533235798333e+00 1.819888913430850241e+00 1.864603749714490943e+00 1.890796208939745648e+00 1.946478276694327381e+00 2.002164331506250949e+00 2.082059161153340998e+00 2.143401309272121136e+00 2.348097193341132982e+00 2.374646809533791370e+00 2.376673814177869826e+00 2.728246644497671625e+00 2.974630432943813130e+00 3.450698618716297794e+00 3.660293367760402816e+00 3.813711806732675402e+00
3.377778878442451171e-01 5.420157041004107779e-01 5.425440258027871554e-01 7.814474365876757922e-01 8.008923827603527945e-01 8.030008288219284696e-01 9.143866800422311147e-01 1.180813112626175387e+00 1.248281038298152623e+00 1.342962184965629246e+00 1.412208925360671774e+00 1.502286736193563010e+00 1.536310867712886497e+00 1.644202336424321231e+00 1.661385382772154973e+00 1.818224643981492861e+00 1.864667024145243213e+00 1.890236113957079356e+00 1.944180133578107039e+00 2.003288523465148518e+00 2.084860331548016976e+00 2.143851481163135730e+00 2.348723713865100482e+00 2.372031438099125644e+00 2.375353764224244824e+00 2.735943980794321551e+00 2.960652876554477508e+00 3.452662024956079989e+00 3.662599025155131471e+00 3.815569232771464314e+00
5.360645703591874200e-01 5.366232814578290045e-01 5.368534652754909375e-01 6.829832932664089418e-01 7.686013538537770362e-01 7.688512756426109096e-01 1.061553427403370220e+00 1.136062531922586771e+00 1.136290431249873389e+00 1.412172145354580355e+00 1.452047805371776246e+00 1.452177424468561684e+00 1.584283039441926499e+00 1.584386163267349934e+00 1.706846885207019326e+00 1.816055611352172861e+00 1.816370991850419836e+00 1.931864361823224741e+00 1.931940967789214758e+00 2.048329089404812287e+00 2.048818794883655148e+00 2.119810445102625174e+00 2.375207508320538619e+00 2.375241378436423023e+00 2.377155520554633306e+00 2.699443640339315831e+00 2.958904700453421910e+00 3.571141058378347388e+00 3.571341420039176207e+00 3.816506241753840456e+00
5.146675548697476898e-01 5.149888691403233798e-01 5.437693910680310161e-01 6.773811507040249369e-01 7.877120164582815942e-01 7.879630873760685716e-01 1.066888969705792611e+00 1.129211712124573719e+00 1.129450695748522637e+00 1.407197946133504907e+00 1.481401557596043750e+00 1.481565976121549166e+00 1.554577563273720875e+00 1.554712967421764125e+00 1.705774691411102939e+00 1.824272984951056609e+00 1.824573359777368342e+00 1.928677471652582964e+00 1.928757201185991255e+00 2.040329531432833576e+00 2.040820111594034536e+00 2.138077218942314062e+00 2.363801977524203402e+00 2.382010598422314995e+00 2.382039217619908555e+00 2.694355075944117939e+00 2.967998208347558453e+00 3.571094986390420001e+00 3.571295615620877495e+00 3.816255000875282910e+00
4.906765110191743662e-01 4.910211049169136976e-01 5.731284582798564786e-01 6.726628036909004793e-01 8.062434540217815471e-01 8.064968214909085109e-01 1.072235125069995076e+00 1.119951199276597364e+00 1.120205044181988852e+00 1.399156957900302034e+00 1.507991568245800273e+00 1.508207170230801308e+00 1.528509394253215303e+00 1.528699452407916937e+00 1.704381862218183441e+00 1.834114125056363509e+00 1.834394960950016307e+00 1.928518671288832476e+00 1.928607830295667735e+00 2.029847837464733296e+00 2.030326725347445294e+00 2.156766038593970425e+00 2.346993801034523930e+00 2.391421534737796506e+00 2.391434673265378841e+00 2.679149827484199609e+00 2.999654547898082946e+00 3.566743601302603484e+00 3.566945443223033418e+00 3.812177329133890069e+00
4.659092483701256504e-01 4.662833299092418726e-01 6.196071449897677663e-01 6.691734353837575089e-01 8.233069272686570628e-01 8.235628439185566085e-01 1.077205632940396507e+00 1.108779330338391267e+00 1.109050958196804215e+00 1.388465894899540753e+00 1.492748683264516263e+00 1.492829466322873389e+00 1.545210018691103526e+00 1.545308790758977757e+00 1.702775873616139801e+00 1.844704092166597587e+00 1.844960220131997231e+00 1.931883329187852327e+00 1.931989988350347520e+00 2.017468497560498619e+00 2.017927740263959713e+00 2.174485043905891590e+00 2.327531674149846630e+00 2.402681887145062589e+00 2.402692234741172328e+00 2.659741626398164360e+00 3.047095181843934242e+00 3.558353017321548961e+00 3.558556960955409298e+00 3.804283183233398091e+00
4.418184279081627253e-01 4.422264472756690656e-01 6.671456720408445173e-01 6.775715802359870699e-01 8.379851170865409982e-01 8.382431418109527188e-01 1.081450995075523114e+00 1.096547415141032156e+00 1.096840512487611052e+00 1.375472414904487239e+00 1.465625952827019240e+00 1.465761771696362903e+00 1.574254627284026764e+00 1.574398895575339852e+00 1.701084109524785726e+00 1.855222235019009736e+00 1.855448813657307294e+00 1.938611264803011158e+00 1.938742199839720737e+00 2.004014278694246087e+00 2.004448812607154018e+00 2.188406529434807624e+00 2.307819965233103954e+00 2.415082296773840564e+00 2.415120609672823271e+00 2.640504142811409771e+00 3.104456989968789937e+00 3.546451474268146331e+00 3.546658306871711464e+00 3.792592316377714212e+00
4.200169885234579237e-01 4.204609069528235654e-01 6.666947282218732562e-01 7.419320485270306520e-01 8.492044402489197230e-01 8.494637987616446839e-01 1.084410504664104602e+00 1.084503473616213798e+00 1.085084411875795629e+00 1.360366054493271637e+00 1.439695511333246580e+00 1.439860670476842630e+00 1.602618077421751330e+00 1.602782104544600017e+00 1.699444514926041538e+00 1.865160007620576543e+00 1.865354290880031130e+00 1.947204343923675030e+00 1.947353143012566123e+00 1.991018063351660983e+00 1.991415247447304138e+00 2.192946363906456586e+00 2.293405042392600457e+00 2.427973043420701416e+00 2.428040841696628149e+00 2.623619516943735075e+00 3.167532754271172202e+00 3.531822736002065977e+00 3.532033093203374996e+00 3.777107625729356322e+00
4.022174246475853088e-01 4.026954683910136112e-01 6.678214389587496802e-01 8.086543757030547619e-01 8.557496760143418202e-01 8.560098163329735721e-01 1.074221271069250028e+00 1.074532446754150161e+00 1.086672771497318779e+00 1.343173498089510920e+00 1.415686844311943471e+00 1.415873575906183346e+00 1.629472666298877437e+00 1.629650208486180807e+00 1.697994267738705210e+00 1.874085788320455359e+00 1.874245757023151659e+00 1.952953147645484888e+00 1.953032894594282087e+00 1.982938072509929484e+00 1.983208427686632191e+00 2.182094491623086441e+00 2.290776462404445102e+00 2.440675207674612768e+00 2.440771696877392927e+00 2.609906968143249628e+00 3.233090851094313933e+00 3.515491301014044723e+00 3.515705612904083566e+00 3.757803338468497678e+00
3.900593500887705178e-01 3.905649979574124520e-01 6.704209077854325072e-01 8.565399587555415639e-01 8.568015602361066518e-01 8.745672816491030233e-01 1.067274467674501848e+00 1.067602796563046796e+00 1.087233347025069463e+00 1.323892565116294273e+00 1.393880439069286492e+00 1.394083470475462772e+00 1.654586450761945216e+00 1.654774972226875862e+00 1.696857350504864081e+00 1.880822861240750044e+00 1.880940067207707234e+00 1.949299048902222387e+00 1.949377530750433740e+00 1.986463543907893037e+00 1.986511324982493498e+00 2.158410162132516241e+00 2.298388802527391306e+00 2.452434161338341578e+00 2.452556867726985335e+00 2.599465858638686733e+00 3.298392993717833122e+00 3.498691216033389839e+00 3.498909656463633500e+00 3.734660482240049983e+00
3.848378012685008676e-01 3.853598135374308731e-01 6.742946734799428743e-01 8.511654572645201977e-01 8.514292828092357990e-01 9.367912884474842716e-01 1.064653311439318406e+00 1.064991716848948222e+00 1.086315288192152062e+00 1.302848748158851766e+00 1.374448761691492216e+00 1.374663331161374069e+00 1.677991613784242109e+00 1.678190171686823273e+00 1.696132454251733535e+00 1.882537833861162024e+00 1.882589783119144711e+00 1.943420088330087392e+00 1.943515852958213497e+00 1.996033927455388435e+00 1.996086244215819816e+00 2.129208192720745352e+00 2.310390881979738076e+00 2.462387491328672962e+00 2.462532871300093351e+00 2.592034759311448777e+00 3.360910446831440801e+00 3.482806015027824831e+00 3.483028490117427545e+00 3.707817073448142153e+00
3.872122603334740010e-01 3.877363372916142747e-01 6.791645625245054108e-01 8.402618167561490825e-01 8.405293083314098190e-01 9.917790452693077130e-01 1.066342066087515361e+00 1.066684601513463448e+00 1.083948008286946152e+00 1.281475741587118522e+00 1.357538438270202708e+00 1.357759826397034075e+00 1.695880920833132244e+00 1.699845413020597551e+00 1.700056375208236048e+00 1.876278246583294562e+00 1.876301274814822895e+00 1.943006196612477199e+00 1.943052350784336246e+00 2.005973884833406551e+00 2.006062878859299126e+00 2.099513394012484380e+00 2.323507784072266436e+00 2.469595034787939625e+00 2.469759016770502580e+00 2.587199428820307290e+00 3.417883570734138843e+00 3.469265900251066626e+00 3.469492348086510969e+00 3.678033336543972798e+00
3.970366197025427257e-01 3.975483036726038533e-01 6.846869805329209857e-01 8.252808636325215108e-01 8.255525508596412987e-01 1.033634006163206775e+00 1.071508971480061634e+00 1.071847037213503162e+00 1.080274347023029824e+00 1.263892605345390940e+00 1.343311454467080779e+00 1.343534728755081398e+00 1.696127667141358319e+00 1.720270111358083165e+00 1.720494115100509758e+00 1.863204617901201621e+00 1.863276425268163505e+00 1.947612476290062400e+00 1.947619315374545357e+00 2.014691059594232669e+00 2.014791765872437246e+00 2.072413962053978320e+00 2.336467197558155018e+00 2.473151708228337409e+00 2.473330068946275606e+00 2.584535882898463477e+00 3.459395543793147176e+00 3.459610316187812451e+00 3.464873856129818019e+00 3.648239072192451360e+00
4.134095979673867993e-01 4.138970739618216821e-01 6.904674326297371989e-01 8.078947453673385182e-01 8.081702371729891921e-01 1.052794290067717187e+00 1.075500326444386312e+00 1.079062335141551143e+00 1.079432679773197901e+00 1.258204466893108275e+00 1.331964758809461635e+00 1.332184516990615464e+00 1.696846254495991246e+00 1.739199848913316693e+00 1.739444634403833234e+00 1.846492350663828663e+00 1.846591415902785416e+00 1.953922605988227978e+00 1.953934844302990026e+00 2.021847457093866485e+00 2.021945203672461666e+00 2.050042962787265832e+00 2.348765763660097150e+00 2.472371222276152913e+00 2.472559686093003251e+00 2.583720702734452423e+00 3.454226811843507328e+00 3.454453442162574106e+00 3.490963165762415166e+00 3.628352531754900578e+00
