-5.632356962591762023e-02
-3.649604474708485757e-02
-1.666851986825209839e-02
3.159005010580667305e-03
2.298652988941341999e-02
4.281405476824617223e-02
6.264157964707894877e-02
8.246910452591170448e-02
1.022966294047444602e-01
1.221241542835772159e-01
1.419516791624099716e-01
1.617792040412427412e-01
1.816067289200755108e-01
2.014342537989082804e-01
2.212617786777410223e-01
2.410893035565737919e-01
2.609168284354065337e-01
2.807443533142393033e-01
3.005718781930720174e-01
3.203994030719047870e-01
3.402269279507375566e-01
3.600544528295703262e-01
3.798819777084030958e-01
3.997095025872358653e-01
4.195370274660686905e-01
4.393645523449014045e-01
4.591920772237341741e-01
4.790196021025669437e-01
4.988471269813996578e-01
5.186746518602324274e-01
5.385021767390651970e-01
5.583297016178979666e-01
5.781572264967307362e-01
5.979847513755633948e-01
6.178122762543961644e-01
6.376398011332289339e-01
6.574673260120617035e-01
6.772948508908944731e-01
6.971223757697272427e-01
7.169499006485600123e-01
7.367774255273926709e-01
7.566049504062255515e-01
7.764324752850583211e-01
7.962600001638910907e-01
8.160875250427238603e-01
8.359150499215566299e-01
8.557425748003892885e-01
8.755700996792220581e-01
8.953976245580549387e-01
9.152251494368877083e-01
9.350526743157204779e-01
9.548801991945532475e-01
9.747077240733859060e-01
9.945352489522186756e-01
1.014362773831051445e+00
1.034190298709884326e+00
1.054017823588716984e+00
1.073845348467549643e+00
1.093672873346382524e+00
1.113500398225215182e+00
1.133327923104048063e+00
1.153155447982880721e+00
1.172982972861713380e+00
1.192810497740546261e+00
1.212638022619378919e+00
1.232465547498211800e+00
1.252293072377044458e+00
1.272120597255877339e+00
1.291948122134709998e+00
1.311775647013542656e+00
1.331603171892375537e+00
1.351430696771208195e+00
1.371258221650041076e+00
1.391085746528873734e+00
1.410913271407706615e+00
1.430740796286539274e+00
1.450568321165371932e+00
1.470395846044204813e+00
1.490223370923037471e+00
1.510050895801870352e+00
1.529878420680703011e+00
1.549705945559536113e+00
1.569533470438368772e+00
1.589360995317201430e+00
1.609188520196034311e+00
1.629016045074866970e+00
1.648843569953699850e+00
1.668671094832532509e+00
1.688498619711365389e+00
1.708326144590198048e+00
1.728153669469030707e+00
1.747981194347863587e+00
1.767808719226696246e+00
1.787636244105529126e+00
1.807463768984361785e+00
1.827291293863194444e+00
1.847118818742027546e+00
1.866946343620860205e+00
1.886773868499693085e+00
1.906601393378525966e+00
1.926428918257358402e+00
1.946256443136191505e+00
1.966083968015023720e+00
1.985911492893857044e+00
2.005739017772689259e+00
2.025566542651522361e+00
2.045394067530355020e+00
2.065221592409188123e+00
2.085049117288020337e+00
2.104876642166853440e+00
2.124704167045685654e+00
2.144531691924519201e+00
2.164359216803351416e+00
2.184186741682184518e+00
2.204014266561016733e+00
2.223841791439849835e+00
2.243669316318682494e+00
2.263496841197515597e+00
2.283324366076347811e+00
2.303151890955180914e+00
2.322979415834013572e+00
2.342806940712846675e+00
2.362634465591678889e+00
2.382461990470511992e+00
2.402289515349344207e+00
2.422117040228177753e+00
2.441944565107009968e+00
2.461772089985843071e+00
2.481599614864675285e+00
2.501427139743508388e+00
2.521254664622341046e+00
2.541082189501174149e+00
2.560909714380006363e+00
2.580737239258839466e+00
2.600564764137672125e+00
2.620392289016505227e+00
2.640219813895337442e+00
2.660047338774170544e+00
2.679874863653002759e+00
2.699702388531836306e+00
2.719529913410668520e+00
2.739357438289501623e+00
2.759184963168333837e+00
2.779012488047166940e+00
2.798840012925999599e+00
2.818667537804832701e+00
2.838495062683664916e+00
2.858322587562498018e+00
2.878150112441330677e+00
2.897977637320163780e+00
2.917805162198995994e+00
2.937632687077829097e+00
2.957460211956661311e+00
2.977287736835494858e+00
2.997115261714327072e+00
3.016942786593160175e+00
3.036770311471992390e+00
3.056597836350825492e+00
3.076425361229658151e+00
3.096252886108491253e+00
3.116080410987323468e+00
3.135907935866156571e+00
3.155735460744989673e+00
3.175562985623822332e+00
3.195390510502655435e+00
3.215218035381487649e+00
3.235045560260320752e+00
3.254873085139153410e+00
3.274700610017986513e+00
3.294528134896818727e+00
3.314355659775651830e+00
3.334183184654484045e+00
3.354010709533317591e+00
3.373838234412149806e+00
3.393665759290982908e+00
3.413493284169815123e+00
3.433320809048648226e+00
3.453148333927480884e+00
3.472975858806313987e+00
3.492803383685146201e+00
3.512630908563979304e+00
3.532458433442811518e+00
3.552285958321645065e+00
3.572113483200477280e+00
3.591941008079310382e+00
3.611768532958142597e+00
3.631596057836975699e+00
3.651423582715808358e+00
3.671251107594641461e+00
3.691078632473473675e+00
3.710906157352306778e+00
3.730733682231139436e+00
3.750561207109972539e+00
3.770388731988804754e+00
3.790216256867637856e+00
3.810043781746470071e+00
3.829871306625303617e+00
3.849698831504135832e+00
3.869526356382968935e+00
3.889353881261801149e+00
