0.000000000000000000e+00
3.546629581571756479e-02
7.093259163143512958e-02
1.063988874471527013e-01
1.418651832628702592e-01
1.773314790785878170e-01
2.127977748943054026e-01
2.482640707100229605e-01
2.837303665257405183e-01
3.191966623414581039e-01
3.546629581571756340e-01
3.901292539728932196e-01
4.276694589395595436e-01
4.652096639062258121e-01
5.027498688728920806e-01
5.402900738395584046e-01
5.778302788062247286e-01
6.153704837728910526e-01
6.500229806651983688e-01
6.846754775575056851e-01
7.193279744498131123e-01
7.539804713421204285e-01
7.886329682344277447e-01
8.232854651267351720e-01
8.579379620190424882e-01
8.925904589113498044e-01
9.272429558036571207e-01
9.618954526959644369e-01
9.965479495882718641e-01
1.031200446480579291e+00
1.065852943372886497e+00
1.098201123909356314e+00
1.130549304445826131e+00
1.162897484982295948e+00
1.195245665518765765e+00
1.227593846055235804e+00
1.259942026591705622e+00
1.292290207128175439e+00
1.324638387664645256e+00
1.356986568201115073e+00
1.389334748737584890e+00
1.421682929274054707e+00
1.454193700438462411e+00
1.486704471602870337e+00
1.519215242767278040e+00
1.551726013931685744e+00
1.584236785096093447e+00
1.616747556260501373e+00
1.649258327424909076e+00
1.681769098589316780e+00
1.714279869753724483e+00
1.746790640918132409e+00
1.779301412082540113e+00
1.811812183246948038e+00
1.843989501789804919e+00
1.876166820332661800e+00
1.908344138875518459e+00
1.940521457418375340e+00
1.972698775961232220e+00
2.004876094504088879e+00
2.037053413046945760e+00
2.067085577020278730e+00
2.097117740993611701e+00
2.127149904966944671e+00
2.157182068940278086e+00
2.187214232913611056e+00
2.217246396886944027e+00
2.247278560860276997e+00
2.277310724833609967e+00
2.307342888806942938e+00
2.337375052780275908e+00
2.367407216753608878e+00
2.397439380726942293e+00
2.427471544700275263e+00
2.457503708673608234e+00
2.487535872646941204e+00
2.487535872646941204e+00
2.519884053183411243e+00
2.552232233719880838e+00
2.584580414256350878e+00
2.616928594792820473e+00
2.649276775329290512e+00
2.681624955865760107e+00
2.713973136402230146e+00
2.746321316938700186e+00
2.778669497475169781e+00
2.811017678011639820e+00
2.843365858548109415e+00
2.843365858548109415e+00
2.875714039084579454e+00
2.908062219621049049e+00
2.940410400157519089e+00
2.972758580693988684e+00
3.005106761230458723e+00
3.037454941766928318e+00
3.069803122303398357e+00
3.102151302839867952e+00
3.134499483376337992e+00
3.166847663912808031e+00
3.199195844449277626e+00
