-3.095902210172081226e-01
-2.232152289765904907e-01
-1.368402369359728588e-01
-5.046524489535520602e-02
3.590974714526238426e-02
1.222847391858799815e-01
2.086597312264976689e-01
2.950347232671152731e-01
3.814097153077328772e-01
4.677847073483504814e-01
5.541596993889680300e-01
6.405346914295857452e-01
7.269096834702034604e-01
8.132846755108209535e-01
8.996596675514386687e-01
9.860346595920562729e-01
1.072409651632673988e+00
1.158784643673291592e+00
1.245159635713908974e+00
1.331534627754526579e+00
1.417909619795144405e+00
1.504284611835762009e+00
1.590659603876379835e+00
1.677034595916997439e+00
1.763409587957615043e+00
1.849784579998232426e+00
1.936159572038850030e+00
2.022534564079467856e+00
2.108909556120085682e+00
2.195284548160703064e+00
2.281659540201320446e+00
2.368034532241938273e+00
2.454409524282556099e+00
2.540784516323173481e+00
2.627159508363791307e+00
2.713534500404408689e+00
2.799909492445026071e+00
2.886284484485643898e+00
2.972659476526261724e+00
3.059034468566879550e+00
3.145409460607496488e+00
3.231784452648114314e+00
3.318159444688732140e+00
3.404534436729349967e+00
3.490909428769967349e+00
3.577284420810584731e+00
3.663659412851203001e+00
3.750034404891819939e+00
3.836409396932438209e+00
3.922784388973055592e+00
4.009159381013672530e+00
4.095534373054291244e+00
4.181909365094908182e+00
4.268284357135526008e+00
4.354659349176143834e+00
4.441034341216760772e+00
4.527409333257378599e+00
4.613784325297996425e+00
4.700159317338614251e+00
4.786534309379232077e+00
4.872909301419849015e+00
4.959284293460466841e+00
5.045659285501084668e+00
5.132034277541702494e+00
5.218409269582319432e+00
5.304784261622937258e+00
5.391159253663555084e+00
5.477534245704172022e+00
5.563909237744790737e+00
5.650284229785407675e+00
5.736659221826025501e+00
5.823034213866643327e+00
5.909409205907260265e+00
5.995784197947878980e+00
6.082159189988495918e+00
6.168534182029112856e+00
6.254909174069731570e+00
6.341284166110348508e+00
6.427659158150966334e+00
6.514034150191584160e+00
6.600409142232201098e+00
6.686784134272819813e+00
6.773159126313436751e+00
6.859534118354054577e+00
6.945909110394672403e+00
7.032284102435290229e+00
7.118659094475907168e+00
7.205034086516524994e+00
7.291409078557142820e+00
7.377784070597759758e+00
7.464159062638377584e+00
7.550534054678994522e+00
7.636909046719613237e+00
7.723284038760230175e+00
7.809659030800847113e+00
7.896034022841464939e+00
7.982409014882083653e+00
8.068784006922701479e+00
8.155158998963317529e+00
8.241533991003935355e+00
8.327908983044553182e+00
8.414283975085171008e+00
8.500658967125788834e+00
8.587033959166406660e+00
8.673408951207022710e+00
8.759783943247640536e+00
8.846158935288260139e+00
8.932533927328877965e+00
9.018908919369494015e+00
9.105283911410111841e+00
9.191658903450729667e+00
9.278033895491347494e+00
9.364408887531965320e+00
9.450783879572583146e+00
9.537158871613199196e+00
9.623533863653817022e+00
9.709908855694436625e+00
9.796283847735052674e+00
9.882658839775670501e+00
9.969033831816288327e+00
1.005540882385690438e+01
1.014178381589752398e+01
1.022815880793814181e+01
1.031453379997875786e+01
1.040090879201937568e+01
1.048728378405999351e+01
1.057365877610061133e+01
1.066003376814122916e+01
1.074640876018184699e+01
1.083278375222246481e+01
1.091915874426308086e+01
1.100553373630370046e+01
1.109190872834431829e+01
1.117828372038493434e+01
1.126465871242555217e+01
1.135103370446616999e+01
1.143740869650678782e+01
1.152378368854740565e+01
1.161015868058802347e+01
1.169653367262863952e+01
1.178290866466925735e+01
1.186928365670987695e+01
1.195565864875049300e+01
1.204203364079111083e+01
1.212840863283172865e+01
1.221478362487234470e+01
1.230115861691296431e+01
1.238753360895358213e+01
1.247390860099419818e+01
1.256028359303481601e+01
1.264665858507543383e+01
1.273303357711605166e+01
1.281940856915666949e+01
1.290578356119728731e+01
1.299215855323790514e+01
1.307853354527852119e+01
1.316490853731914079e+01
1.325128352935975862e+01
1.333765852140037467e+01
1.342403351344099249e+01
1.351040850548161032e+01
1.359678349752222815e+01
1.368315848956284597e+01
1.376953348160346380e+01
1.385590847364407985e+01
1.394228346568469945e+01
1.402865845772531728e+01
1.411503344976593333e+01
1.420140844180655115e+01
1.428778343384716898e+01
1.437415842588778681e+01
1.446053341792840463e+01
1.454690840996902246e+01
1.463328340200964028e+01
1.471965839405025633e+01
1.480603338609087594e+01
1.489240837813149376e+01
1.497878337017210981e+01
1.506515836221272764e+01
1.515153335425334724e+01
1.523790834629396329e+01
1.532428333833458112e+01
1.541065833037519894e+01
1.549703332241581855e+01
1.558340831445643637e+01
1.566978330649705420e+01
1.575615829853767025e+01
1.584253329057828807e+01
1.592890828261890590e+01
1.601528327465952373e+01
1.610165826670014155e+01
1.618803325874075583e+01
1.627440825078137721e+01
1.636078324282199503e+01
1.644715823486261286e+01
1.653353322690323068e+01
1.661990821894384851e+01
1.670628321098446278e+01
1.679265820302508061e+01
1.687903319506569844e+01
