-7.325273460170835804e-01 -7.325081645670146191e-01 -7.324174268201277815e-01 -3.262719203366727938e-01 -3.262193419955440321e-01 -3.260363071013365754e-01 -2.289975157043697140e-01 -2.289326358536041550e-01 -2.287219379093407001e-01 -9.377723287971354797e-04 -5.858659699647619139e-04 -3.115459043057636126e-04 8.337055635607749648e-01 8.337266421944390382e-01 8.337419048808432098e-01 1.528534533711556787e+00 1.528546382342527377e+00 1.528572151979305405e+00 1.549052478126854870e+00 1.549155197603474754e+00 1.549179009001977914e+00 2.272024104219551255e+00 2.272134712027291226e+00 3.552661419278450250e+00 3.577211710202386818e+00 3.577313383474109543e+00 3.577344335508779061e+00 3.865177598195778330e+00 3.865270031975634790e+00 3.865361573029890252e+00
-7.318147682144163779e-01 -7.303670697463972017e-01 -7.285538148765788868e-01 -3.404521188283750055e-01 -3.291313669823119903e-01 -3.019507234141627361e-01 -2.408459228043299538e-01 -2.293369191487369951e-01 -2.265885606694958421e-01 1.105422646980307455e-01 1.327927776058713816e-01 1.401967244536194424e-01 8.315493024048812298e-01 8.337461652687583324e-01 8.360482448906710884e-01 1.519413449044175746e+00 1.524606619424523357e+00 1.527918388328396437e+00 1.554739016171247767e+00 1.562869975901183039e+00 1.564284602043731986e+00 2.272683780960356614e+00 2.274244179736638394e+00 3.487629756902600686e+00 3.574102025730126364e+00 3.575579996495685808e+00 3.621997859261138597e+00 3.865047658919606111e+00 3.866496666062583021e+00 3.879800903524592837e+00
-7.302792523489146648e-01 -7.241218796865815932e-01 -7.176445631808411330e-01 -3.626469341996867435e-01 -3.379835556910018024e-01 -2.538092366725412385e-01 -2.332939294251705764e-01 -2.293846366945101467e-01 -2.082517554195527087e-01 1.961298731518283378e-01 2.504877616154381204e-01 2.648579232379306703e-01 8.298056507670062976e-01 8.342880243484083191e-01 8.382946139136983055e-01 1.508513691613230900e+00 1.517310907652472451e+00 1.527850247667475347e+00 1.566319966459169599e+00 1.584994130512104027e+00 1.606260092852381582e+00 2.274199471442533760e+00 2.280097586060426007e+00 3.399284290287833965e+00 3.566200104509275270e+00 3.571243912434087342e+00 3.655899502394264200e+00 3.864581161524155206e+00 3.868739217750646109e+00 3.917650452881826784e+00
-7.291539526215129463e-01 -7.139259553814816250e-01 -7.019272032635905934e-01 -3.776585271258464105e-01 -3.497832407969636015e-01 -2.579993880096400627e-01 -2.303839487610239711e-01 -2.107454530377562418e-01 1.080072889263850450e-01 2.608914443138093953e-01 3.338959378376782916e-01 3.966051091072906321e-01 8.291205059078700090e-01 8.360039494767510515e-01 8.405430199402682545e-01 1.500357086907120330e+00 1.509227809556688449e+00 1.529490338710548292e+00 1.579374581716863402e+00 1.605111818427111148e+00 1.669598403217868343e+00 2.276096405355865215e+00 2.287314391740911557e+00 3.306332993362520067e+00 3.557403959513496083e+00 3.566427740923335588e+00 3.675378655177496512e+00 3.863412836291197916e+00 3.870116037018097810e+00 3.965533771265465024e+00
-7.295848306182851628e-01 -7.000898147447914832e-01 -6.840234501083071184e-01 -3.849973129661588556e-01 -3.612269990499508698e-01 -2.559102746214935165e-01 -2.307533210017002345e-01 -1.919201139287337321e-01 2.786526080102528780e-01 3.102240864090092254e-01 3.913231504343600009e-01 5.249046829620699350e-01 8.301934816392970706e-01 8.389389987098386792e-01 8.433521807735192555e-01 1.494071647642313705e+00 1.500682690018122267e+00 1.533488802140389407e+00 1.591844934790677124e+00 1.618512799054856011e+00 1.747957748819192192e+00 2.277841481408063196e+00 2.291546007225792270e+00 3.217472849245305966e+00 3.551508031151608069e+00 3.563125141968953358e+00 3.686936764716751913e+00 3.861264667043004639e+00 3.868986866745213860e+00 4.011781364218441226e+00
-7.318480889608434126e-01 -6.830056679921990836e-01 -6.663022503563573729e-01 -3.880354365812928030e-01 -3.708849140373564612e-01 -2.503342078876552024e-01 -2.319868957716184898e-01 -1.686780075005805124e-01 3.480518871069166464e-01 3.813208790495233869e-01 4.236442752720368521e-01 6.417787919803732422e-01 8.323996384182488217e-01 8.431297394213064234e-01 8.472035418288775821e-01 1.488588725375581179e+00 1.492047113795994751e+00 1.539845196616060452e+00 1.602895221882978838e+00 1.624081260747207711e+00 1.835968710211425048e+00 2.279208923302532774e+00 2.286279731102127233e+00 3.141900155300331399e+00 3.550439785037801776e+00 3.561991391869282264e+00 3.693830837529784805e+00 3.858133454926400141e+00 3.864914824974287288e+00 4.049232973086654752e+00
-7.351444967158602406e-01 -6.631404746501459169e-01 -6.503841727640246040e-01 -3.890848418350000837e-01 -3.787648859887927655e-01 -2.430659605053749339e-01 -2.332835752134633789e-01 -1.413946741468813662e-01 3.798679811033123244e-01 4.339865205031560036e-01 4.597851538630726154e-01 7.396841360477468541e-01 8.340436018136501151e-01 8.486973674098913234e-01 8.516109438712354818e-01 1.483057657827726139e+00 1.483973492144431416e+00 1.547639415397291218e+00 1.612815162290770488e+00 1.624774751249806304e+00 1.930630971305621779e+00 2.264333100666512610e+00 2.280493911503580939e+00 3.088612608510373558e+00 3.553522176028800938e+00 3.561983716710415138e+00 3.696966354928474807e+00 3.854340385519787304e+00 3.858684381122138074e+00 4.073743169235754635e+00
-7.381194400684082391e-01 -6.410729459318185164e-01 -6.363249913709652095e-01 -3.889852667666250929e-01 -3.856546787859874148e-01 -2.350441153082933610e-01 -2.325729513593822184e-01 -1.098334256195721281e-01 4.105853709504889704e-01 4.300195438391050673e-01 5.225228574380182955e-01 8.127468882213779722e-01 8.346623864781546054e-01 8.543860026576104438e-01 8.556188984828111410e-01 1.477026650648822992e+00 1.477098838588205565e+00 1.555408650868061571e+00 1.622488618562095697e+00 1.625675826532213986e+00 2.030166494939119382e+00 2.223267467498087235e+00 2.281965759243083980e+00 3.062949444296688029e+00 3.558025882789895178e+00 3.561089063715566105e+00 3.696105599535295827e+00 3.850436318806516933e+00 3.851821327084043123e+00 4.082936943030477828e+00
-7.397149410980035089e-01 -6.220287523197621793e-01 -6.175147321048242155e-01 -3.925766082928814904e-01 -3.898127653723571506e-01 -2.277867133822146783e-01 -2.260576468043755116e-01 -7.077364325031344772e-02 4.246818171449365242e-01 4.430505594155639826e-01 5.719931787850510707e-01 8.345108404161978299e-01 8.574210360110005036e-01 8.581142242933339492e-01 8.601190732690247032e-01 1.471027243522782912e+00 1.471281979481572355e+00 1.561896168400900731e+00 1.630523947921519889e+00 1.632621503271045382e+00 2.113211938746612173e+00 2.187779067945708977e+00 2.284017088800615713e+00 3.063469608554981516e+00 3.557710938054785554e+00 3.560771190819095544e+00 3.690490555536595885e+00 3.845835574799695511e+00 3.846958800186785599e+00 4.075837940242949209e+00
-7.397650246099177762e-01 -6.044068388329743025e-01 -5.932326154619046443e-01 -4.000679938558993620e-01 -3.942696416159544026e-01 -2.185707604388495984e-01 -2.150955490969581052e-01 3.338540290362836810e-02 4.314270564271492359e-01 4.759925585334642273e-01 6.081846040911407236e-01 8.339459864753219209e-01 8.588282924493831905e-01 8.652860762556889851e-01 8.759140790103329133e-01 1.465469926780190058e+00 1.466350457045249911e+00 1.566669883701259813e+00 1.639662849630546093e+00 1.643145582474488275e+00 2.072648185214942984e+00 2.273032144585404257e+00 2.286596479482315036e+00 3.083454574938875314e+00 3.551842431906317543e+00 3.559917191832671080e+00 3.679095077084408416e+00 3.841542799320117663e+00 3.844092793511340922e+00 4.053001512641098536e+00
-7.390593568148237091e-01 -5.817046094742087670e-01 -5.688789786309970120e-01 -4.079274024049696634e-01 -4.021500253730659336e-01 -2.062239845397643156e-01 -2.013271231255965299e-01 8.065675009822553809e-02 4.538275829389513683e-01 5.053122247622703345e-01 6.292747844847401684e-01 8.335028638909207643e-01 8.593099879332242175e-01 8.696104875142723900e-01 8.742628891871960795e-01 1.460720274464669677e+00 1.461826873478449862e+00 1.570217265030211751e+00 1.650716091332928848e+00 1.653104505685192516e+00 2.002534368661397668e+00 2.289290732343510548e+00 2.392141625381247305e+00 3.115100253570401989e+00 3.545177024320057768e+00 3.555823047272130832e+00 3.660671476344858455e+00 3.838770983347392640e+00 3.841671700454253990e+00 4.016892105751987962e+00
-7.388627128383141729e-01 -5.547946183889472804e-01 -5.449166611876563593e-01 -4.156984852030167210e-01 -4.114794542540199940e-01 -1.914324174740806572e-01 -1.852062899576820965e-01 1.074611931951327121e-01 4.838850131651919462e-01 5.270677045562600638e-01 6.324338944220619929e-01 8.336223956015447190e-01 8.569388120365732942e-01 8.617134242339528072e-01 8.778364601286537949e-01 1.456729975261107590e+00 1.457630362812478042e+00 1.573470996005564615e+00 1.660543394238817694e+00 1.661156947895630287e+00 1.937012496100524395e+00 2.291545172350471837e+00 2.514040750564977778e+00 3.152061194055586490e+00 3.540069423178792807e+00 3.550431965096625397e+00 3.633790195547189850e+00 3.836852889584120518e+00 3.839369450815193652e+00 3.972297364932819708e+00
-7.400481842270526522e-01 -5.267728006146714659e-01 -5.217815906601872555e-01 -4.232728287776214016e-01 -4.211675722345021300e-01 -1.750103086126661156e-01 -1.688114969988433467e-01 1.293039897471441324e-01 5.114145422258858931e-01 5.396655619074131049e-01 6.172905135782829067e-01 8.339482455811856321e-01 8.421478679369595044e-01 8.669674383340694179e-01 8.817825365863024567e-01 1.453436488451098185e+00 1.454006908164666712e+00 1.577080238736278117e+00 1.666421300656998783e+00 1.666985365226875349e+00 1.882726414612045263e+00 2.292980210534893093e+00 2.630197585454844056e+00 3.189858769341433309e+00 3.538047201457054758e+00 3.545834829337040084e+00 3.597456371995954694e+00 3.835246101512467032e+00 3.837019489230269365e+00 3.926327255183066356e+00
-7.424086157029512467e-01 -5.017553846735877121e-01 -5.002142395616191450e-01 -4.311913830276306037e-01 -4.303217281586815823e-01 -1.597013005470384883e-01 -1.549986595570367331e-01 1.491454063074881820e-01 5.307083527552773905e-01 5.444109672067113381e-01 5.908746201617207650e-01 8.304372053431241518e-01 8.356467839721206659e-01 8.745301640106105667e-01 8.836692374933154959e-01 1.450930018433021162e+00 1.451277290634012340e+00 1.580888191707401802e+00 1.669018686452699463e+00 1.669752946270645078e+00 1.842692359317696260e+00 2.293589103564136256e+00 2.730484221682194956e+00 3.225262466102039927e+00 3.538878091029999950e+00 3.543094393773910777e+00 3.553542071185597173e+00 3.833824018898730479e+00 3.834777320838474335e+00 3.887134876648052462e+00
-7.447510634970991861e-01 -4.834396700026281080e-01 -4.825524732467670330e-01 -4.389308924055640992e-01 -4.381505646766251649e-01 -1.488574499863320744e-01 -1.463651635023619502e-01 1.650357603156214770e-01 5.410834210922800258e-01 5.447225215192830206e-01 5.663248106286149497e-01 8.250188960124562598e-01 8.355404331527600537e-01 8.812561883616598646e-01 8.840133342530167582e-01 1.449403267247941995e+00 1.449588073432540369e+00 1.583953325953197266e+00 1.669877699461967513e+00 1.670191765486338076e+00 1.818290189520009426e+00 2.293689087451185493e+00 2.801143719189701731e+00 3.254141017731738028e+00 3.511747972483889146e+00 3.540793106412535973e+00 3.542007449720253387e+00 3.832781351379058510e+00 3.833094457130629795e+00 3.861334651988069577e+00
-7.457252653034056600e-01 -4.753906615544236103e-01 -4.753241196999403728e-01 -4.425218831287196508e-01 -4.424777297552802136e-01 -1.443441001436204796e-01 -1.441926955364809526e-01 1.714427303332577979e-01 5.442578761482074201e-01 5.442891881465128368e-01 5.562792627345944929e-01 8.231955240751815950e-01 8.355813376717923235e-01 8.839254601358348395e-01 8.839473235420484132e-01 1.448949317145624471e+00 1.448967490787528289e+00 1.585144377562321960e+00 1.670031893236813003e+00 1.670061829722240043e+00 1.810101547989588333e+00 2.293665969892300094e+00 2.827106855350945303e+00 3.266658699273537358e+00 3.492877954731426371e+00 3.541714543575623431e+00 3.541799605879563551e+00 3.832360264371113434e+00 3.832498656840748197e+00 3.852415377783169781e+00
-7.430842346908111962e-01 -4.822888105079362053e-01 -4.794180022785642370e-01 -4.375656510066993632e-01 -4.274905438664390878e-01 -1.480989474000635742e-01 -1.447747578188927076e-01 1.747875455909669584e-01 5.405138493724934712e-01 5.499741461713840707e-01 5.529346938186020521e-01 8.014163053170096918e-01 8.357898812025107427e-01 8.826331940115814678e-01 9.008878981555520360e-01 1.449432865153576389e+00 1.450693488188866453e+00 1.581083124914374860e+00 1.673602551561935270e+00 1.682081257196145652e+00 1.807853197932932421e+00 2.295100993269814094e+00 2.817787571787901513e+00 3.239370164354339554e+00 3.495767905210902526e+00 3.542243565040223086e+00 3.561843243544151161e+00 3.832408308561258803e+00 3.839136223043066121e+00 3.851812266499502257e+00
-7.351024855996863838e-01 -5.008539417573057984e-01 -4.881577703068499252e-01 -4.239810128179992699e-01 -3.841214401382387900e-01 -1.597203939319081778e-01 -1.450797318047730433e-01 1.807278492493339106e-01 5.310028500362014015e-01 5.421585877472218096e-01 5.705552471240795676e-01 7.619481257436041544e-01 8.369620875042957930e-01 8.792613249793024277e-01 9.261263854551298191e-01 1.450487205287745107e+00 1.455427327853940467e+00 1.570714659670877422e+00 1.682874455018697812e+00 1.717734897192765287e+00 1.801926031831895925e+00 2.298482789566892670e+00 2.791194197992350468e+00 3.176701052537858505e+00 3.502937041770755933e+00 3.542561197485741609e+00 3.603833803165444216e+00 3.832460357761406478e+00 3.850058251110060947e+00 3.858468037506420423e+00
-7.217560781124655600e-01 -5.262259379700238160e-01 -4.942874278646781638e-01 -4.046806104933343695e-01 -3.160501452294088298e-01 -1.808448524534688462e-01 -1.433590987049095100e-01 1.826739496673372432e-01 5.216706407079643171e-01 5.336006032932293364e-01 6.003404574309243458e-01 7.198625615392796329e-01 8.400860813669140947e-01 8.751245828090081780e-01 9.455313443347639346e-01 1.451335380669070307e+00 1.462147090906368296e+00 1.557179877783837263e+00 1.695782736463586682e+00 1.775399563348990073e+00 1.794047288064612333e+00 2.300485694155664618e+00 2.751691549001574089e+00 3.103522624239677175e+00 3.510848411750305598e+00 3.540620649134843756e+00 3.645755268856653686e+00 3.833285250233332331e+00 3.847959915280782184e+00 3.886471943164375276e+00
-7.034026046365324802e-01 -5.535032048542845029e-01 -4.925357681437770863e-01 -3.834012154058317190e-01 -2.234185286750102750e-01 -2.116867054511143709e-01 -1.404068320257169655e-01 1.772530953055009850e-01 5.197304558543887065e-01 5.307878225155296947e-01 6.328434406714642524e-01 6.812829330702884212e-01 8.453471859133815380e-01 8.713760062629306580e-01 9.570877165998387115e-01 1.451339402095150888e+00 1.470136505764921608e+00 1.542652530547064194e+00 1.711044514774494152e+00 1.785510381129104873e+00 1.851903449609234142e+00 2.294104912547366038e+00 2.707404245650830710e+00 3.033528999041229302e+00 3.516169779092484404e+00 3.535227345018087330e+00 3.679362872616926516e+00 3.835204636920802379e+00 3.845991676856282293e+00 3.917398224318344724e+00
-6.810684391499554069e-01 -5.800275681820104001e-01 -4.828668668953583487e-01 -3.622632933846675063e-01 -2.486949966035645887e-01 -1.432847192560781080e-01 -5.922015930416420215e-02 1.655365174843669018e-01 5.263582147283839552e-01 5.344333355778390082e-01 6.305876827057483869e-01 6.786102606017651029e-01 8.517067610313253656e-01 8.683862458710202015e-01 9.619171769952832296e-01 1.450478876279650775e+00 1.479280080527919816e+00 1.528240582893807487e+00 1.727399741290145396e+00 1.776749363546051619e+00 1.941756805023861165e+00 2.268872276678762567e+00 2.669785862893077510e+00 2.975279025041366765e+00 3.517780397684325600e+00 3.527536043315866010e+00 3.703078465348693893e+00 3.837837380706532908e+00 3.844562365477630639e+00 3.944667352187054110e+00
-6.563763997201195188e-01 -6.056082108219467131e-01 -4.709574864797877458e-01 -3.403887616119721238e-01 -2.846961552504212456e-01 -1.450147965221411650e-01 1.491130333931684204e-01 1.771443775058978154e-01 5.357324880243162779e-01 5.401838952579914865e-01 6.036954599117372311e-01 6.993784301745740173e-01 8.576852885037007379e-01 8.656728381990110854e-01 9.627448075672699890e-01 1.449389675057706217e+00 1.489725153181189699e+00 1.514434684330645986e+00 1.743051330741943517e+00 1.767361154542278712e+00 2.036413735789750490e+00 2.217576555517730696e+00 2.647760414279194841e+00 2.935923735096394704e+00 3.517170529757407849e+00 3.520612138405101899e+00 3.717110458590491273e+00 3.840398163369077356e+00 3.843492965335116640e+00 3.963076397952739693e+00
-6.310061273530900294e-01 -6.309300696631253702e-01 -4.654721163355587943e-01 -3.153298694683233649e-01 -3.152846738785506919e-01 -1.471578360632329052e-01 1.451444347877665075e-01 2.102384683850108127e-01 5.414112820315211128e-01 5.414413755129945383e-01 5.921361551777823973e-01 7.075588998871213953e-01 8.623266832345931610e-01 8.623573755165148125e-01 9.625657010935432245e-01 1.448901279450174773e+00 1.501493863549263619e+00 1.501514531133388175e+00 1.756423646316296550e+00 1.756445171227681845e+00 2.105881625245896505e+00 2.162877004671129644e+00 2.641258451342026525e+00 2.921837941034274522e+00 3.517177447821375313e+00 3.517259669262474464e+00 3.721755569251370410e+00 3.842204663537621467e+00 3.842341997991170821e+00 3.969544386153846638e+00
-6.483104619555700721e-01 -6.123134623181863967e-01 -4.697722576956622764e-01 -3.312245396080723547e-01 -2.953039890299123948e-01 -1.489073926132708503e-01 1.449738920126769359e-01 1.954281744271572085e-01 5.370755056583462750e-01 5.394179242442316280e-01 6.056924821553404392e-01 7.037254801882911748e-01 8.590610435695829050e-01 8.639444212093438935e-01 9.636185055303273517e-01 1.449371534207408274e+00 1.493195430659939316e+00 1.511209810854382551e+00 1.751804593825667666e+00 1.763985566928964133e+00 2.064286829083447738e+00 2.197563825043185926e+00 2.638737628684864500e+00 2.925217874858414113e+00 3.514110562686498351e+00 3.516991347611738483e+00 3.724466214452179624e+00 3.834599976585440384e+00 3.843331455825671927e+00 3.976453087464968839e+00
-6.627738024738314415e-01 -5.936606749680228834e-01 -4.811942492744478717e-01 -3.395167386383673991e-01 -2.741962565376017125e-01 -1.550835574692207008e-01 1.425750183581321051e-01 1.539593043324301302e-01 5.291946016009805298e-01 5.397223803410999832e-01 6.301393284229332981e-01 6.944984440460538755e-01 8.556237147054399639e-01 8.630494505026721219e-01 9.672386065986613435e-01 1.451006921615384915e+00 1.485056665732374936e+00 1.522763777411154429e+00 1.754307830257267220e+00 1.769975858529840851e+00 2.003099660895361733e+00 2.239986058640555111e+00 2.632412320708956255e+00 2.934638340681442248e+00 3.503510239168038165e+00 3.517698937461047226e+00 3.732313567339523797e+00 3.818790208432564004e+00 3.844202976447191666e+00 3.991556703143033680e+00
-6.736281247864808197e-01 -5.748255444094211297e-01 -4.974604201837747874e-01 -3.398191674039870991e-01 -2.528912210946833161e-01 -1.665969344092583238e-01 5.628324341217803839e-02 1.482582697977349040e-01 5.219970174473214097e-01 5.462044835095835049e-01 6.437323197733301194e-01 6.893785194596934174e-01 8.524450891909016725e-01 8.611585564695294348e-01 9.722150858510684168e-01 1.453891873969483051e+00 1.477310676118051891e+00 1.534446009458501292e+00 1.763198904543316292e+00 1.774370593189559919e+00 1.945310777666408475e+00 2.271182797148421084e+00 2.625346594726619021e+00 2.946986937557805941e+00 3.489420310498724032e+00 3.518787290389785660e+00 3.742718487572839425e+00 3.801825014248936707e+00 3.844906955844377361e+00 4.006896206456372234e+00
-6.803766197240611602e-01 -5.556154779766276919e-01 -5.162789618467645836e-01 -3.349647365976766156e-01 -2.322285485265402072e-01 -1.834049543994845377e-01 -1.146384196019040458e-01 1.495397994280455167e-01 5.164774638871770795e-01 5.568210311747077146e-01 6.374561361587980368e-01 6.959518281802031803e-01 8.500218956883915933e-01 8.596162878308637456e-01 9.764206840302223078e-01 1.457956143391721637e+00 1.470246917257227004e+00 1.543496748217027648e+00 1.776247398004078715e+00 1.777168842890497258e+00 1.899611380757362022e+00 2.289513376583861781e+00 2.620274965922551491e+00 2.957380638495593850e+00 3.477702489667377161e+00 3.519700567815175596e+00 3.752468139384026014e+00 3.788070413865496366e+00 3.845374281345872891e+00 4.017663130871900634e+00
-6.826950208925255392e-01 -5.372339474224253619e-01 -5.347029794303860273e-01 -3.317869889984164100e-01 -2.173836055169683368e-01 -1.984288288871425832e-01 -1.394293921369967881e-01 1.500616113947166597e-01 5.140377730597027739e-01 5.634429669051529421e-01 6.309486548352870594e-01 7.002035893678267842e-01 8.489504916889675235e-01 8.591672435928234819e-01 9.780600786134618918e-01 1.461803029235980711e+00 1.465389914002310334e+00 1.546956600876145949e+00 1.777956026909860876e+00 1.784494978925535547e+00 1.880005142340968494e+00 2.295472683254463853e+00 2.618495767997045753e+00 2.961435504452018641e+00 3.473173826128593600e+00 3.520051086668686491e+00 3.757314193025818483e+00 3.781888626778935336e+00 3.845539181783597993e+00 4.021491422651013004e+00
-6.654817012384812713e-01 -5.519773565409566984e-01 -5.482879749572436845e-01 -3.083070820584765670e-01 -2.307932821204067841e-01 -2.185473365161265946e-01 1.285621043183771406e-01 1.445549943427843764e-01 4.981272987610431691e-01 5.744113146607269238e-01 6.065137622581130428e-01 7.420342131570443200e-01 8.512156309442536761e-01 8.562661840690922732e-01 9.826999158521217970e-01 1.466029824045588903e+00 1.468606199247300070e+00 1.542191963213393135e+00 1.769955434036051489e+00 1.834699198767032025e+00 1.944511423340813394e+00 2.277319864297729257e+00 2.543511386022901721e+00 2.905379929584324561e+00 3.457861184313290703e+00 3.520850220395325803e+00 3.766480834169726233e+00 3.790593060262929637e+00 3.845428503755079053e+00 4.076050538605184848e+00
-6.509926756050122831e-01 -5.774836652787393998e-01 -5.602011300570663987e-01 -2.877995666324926760e-01 -2.403550228587925108e-01 -2.341642377911801742e-01 1.315253012524854326e-01 2.178540679435541361e-01 4.858065636768720275e-01 5.805469288069399214e-01 5.809982049070773202e-01 7.814458315716747983e-01 8.495815389240644055e-01 8.557709834126886461e-01 9.806224441677130477e-01 1.471420070291628912e+00 1.472595393617612158e+00 1.538545891983876812e+00 1.758311540269889672e+00 1.892193924911766523e+00 2.006980032965516969e+00 2.246829273855322828e+00 2.465182660281953986e+00 2.859192074304866882e+00 3.446858446766239314e+00 3.525039688267540328e+00 3.751890651780963370e+00 3.816821873702711088e+00 3.845152696366021416e+00 4.127429815920289791e+00
-6.391084693798884109e-01 -6.030046148377175008e-01 -5.746267049697508789e-01 -2.713924411220313693e-01 -2.475006684949230817e-01 -2.466491708411112926e-01 9.522685711079781345e-02 2.562063009335931452e-01 4.893679273405969754e-01 5.574731204117976402e-01 5.803957252113216558e-01 8.149526004127307655e-01 8.443594243423395707e-01 8.575248857929914648e-01 9.721863417552258912e-01 1.476794320313231434e+00 1.477631969910230714e+00 1.534641199376006959e+00 1.743420631517529129e+00 1.954871681315799581e+00 2.064873607331753735e+00 2.203895857503342270e+00 2.387889284010629165e+00 2.823384139326816200e+00 3.439925073321525861e+00 3.531153056840409477e+00 3.739884698207174285e+00 3.834503028123146251e+00 3.845555270554654292e+00 4.172174470204680574e+00
-6.290182662103782629e-01 -6.211550022747751587e-01 -5.926019867910693462e-01 -2.654929056565321077e-01 -2.595990373543075602e-01 -2.505613615679073702e-01 -4.335963827894631639e-02 2.592955680444299915e-01 5.021114731984943624e-01 5.425601549429641679e-01 5.731111030915168048e-01 8.366240729676550636e-01 8.418711481907704686e-01 8.595692716699674385e-01 9.588957560383685186e-01 1.481317822756254676e+00 1.483205937989246825e+00 1.529359625700286385e+00 1.727509756429813859e+00 2.020151144536948440e+00 2.114360671397180536e+00 2.149670445485992065e+00 2.316305152209524376e+00 2.799329404506678554e+00 3.436107523453744594e+00 3.536029392465215526e+00 3.732284580397254636e+00 3.841829309785420588e+00 3.848897293217895754e+00 4.207029455171486632e+00
-6.326012368105969896e-01 -6.205350499877084758e-01 -6.129545046427458121e-01 -2.891621055615823943e-01 -2.548566891208486340e-01 -2.524106918953128442e-01 -1.062209253327014852e-01 2.368714986769340503e-01 5.078695747901824653e-01 5.350982917526304616e-01 5.606960131648527357e-01 8.293285818486396677e-01 8.567671402862140351e-01 8.603072425610325258e-01 9.432823434538462060e-01 1.484379316399247140e+00 1.489015552061204728e+00 1.522855357712911362e+00 1.712831633415765165e+00 2.081245427378836332e+00 2.089609877272682326e+00 2.135982939380822287e+00 2.267093555261131765e+00 2.790581705022970205e+00 3.435007521242063877e+00 3.538258694952576278e+00 3.730372608059488559e+00 3.844557211755049053e+00 3.850175651492160345e+00 4.229694982931200720e+00
-6.421174571508203588e-01 -6.328916769378054585e-01 -6.172531177460290897e-01 -3.149949623782588581e-01 -2.535663146854822414e-01 -2.517032797998636218e-01 -1.361939693855621913e-01 1.967705205573764826e-01 4.971643131211451738e-01 5.276462315767398437e-01 5.456490499455054488e-01 8.227580682822015490e-01 8.548704531593889211e-01 8.589579085682738091e-01 9.280905506169576658e-01 1.485923995998611469e+00 1.494892319983592399e+00 1.516773433064022569e+00 1.699739284972126452e+00 2.015700555543679329e+00 2.095898037910008505e+00 2.145127426748789645e+00 2.267973420826440822e+00 2.802401190153479327e+00 3.437034900833540796e+00 3.539547449165686199e+00 3.734590232147064537e+00 3.844366046132336123e+00 3.847974666252117704e+00 4.239197943446197492e+00
-6.561270660511275832e-01 -6.500615456875108444e-01 -6.204718123931508567e-01 -3.353296464267634391e-01 -2.542101443263902194e-01 -2.467925938356212712e-01 -1.596659079914364565e-01 1.384000180401049884e-01 4.697294125012683730e-01 5.154628166819522628e-01 5.298566580809278559e-01 8.183441329449067103e-01 8.320547238201539963e-01 8.562142567408568272e-01 9.143285284494699905e-01 1.487441138734451718e+00 1.499968483333326885e+00 1.512852671697269002e+00 1.686505994756035021e+00 1.943394934592928669e+00 2.023549208694446211e+00 2.196607474160397810e+00 2.285200327584199442e+00 2.837958917611750120e+00 3.442484598032040211e+00 3.542625358023482107e+00 3.744748278338076997e+00 3.833251616235852310e+00 3.850390749494632114e+00 4.235566104440231960e+00
-6.736524115709778826e-01 -6.648625148800554330e-01 -6.293966173225857830e-01 -3.478483283681813032e-01 -2.558178671263871551e-01 -2.374905629039164578e-01 -1.814942281704251259e-01 -9.769714165265468500e-03 4.366088806993781990e-01 4.949160151127718343e-01 5.131638655827729378e-01 7.889067971835820314e-01 8.167965884077947880e-01 8.535484762216577481e-01 9.008486416449890122e-01 1.490828061130852644e+00 1.503334167094665386e+00 1.511608693167557860e+00 1.671363293391211924e+00 1.873487171839615550e+00 1.946542528967490249e+00 2.237042255868188168e+00 2.294470062902620455e+00 2.894241881167507913e+00 3.450811601942341156e+00 3.548063889380310254e+00 3.760224362226319617e+00 3.816853201857055122e+00 3.852610688514627846e+00 4.219208729329996466e+00
-6.906073174947062743e-01 -6.769160926053114924e-01 -6.415330020927121346e-01 -3.553537187352250326e-01 -2.602211533798923782e-01 -2.260632318472266256e-01 -2.002177441073455522e-01 -1.317126697707469984e-01 4.122566323035868896e-01 4.648653543821147927e-01 4.934836087683299732e-01 7.292326448407920880e-01 8.161522121313282696e-01 8.514214809141421592e-01 8.875533568558084951e-01 1.496537268965787204e+00 1.505566232338454657e+00 1.512166103352230229e+00 1.654472924772304010e+00 1.809986447416517708e+00 1.874226033993856344e+00 2.265539130512576271e+00 2.295594687995576422e+00 2.964040333822277606e+00 3.461207185455550839e+00 3.553435195764136800e+00 3.779733395953358333e+00 3.796655671965303736e+00 3.854996394803501758e+00 4.190610921208667961e+00
-7.028973684150171541e-01 -6.867482028286445717e-01 -6.546888241125612407e-01 -3.622500585075630886e-01 -2.707846117970750810e-01 -2.164693263513440824e-01 -2.109277753895427432e-01 -1.800300784875221993e-01 3.957867398403661086e-01 4.288205199663773781e-01 4.679030271976146182e-01 6.562611202548541689e-01 8.158732269207727983e-01 8.485934363090137378e-01 8.752479495424232425e-01 1.503149372952592877e+00 1.508372419489075744e+00 1.513207730476466617e+00 1.637929795429797331e+00 1.754452435150690492e+00 1.810240396923669115e+00 2.282725189261684218e+00 2.292813858832719376e+00 3.041501417711232058e+00 3.473750085043437075e+00 3.555763081183869190e+00 3.773716933459358103e+00 3.801104687303224594e+00 3.858460940982531007e+00 4.150578773285007905e+00
-7.104189919172817502e-01 -6.951522369952491953e-01 -6.682297087370858701e-01 -3.680222807036853672e-01 -2.887013266009947898e-01 -2.178372200338871967e-01 -2.117129269664500546e-01 -2.103433370877595132e-01 3.461733307446996366e-01 4.070705718856597599e-01 4.330045062371565834e-01 5.760988203787594797e-01 8.157240690638477565e-01 8.444725771601897524e-01 8.640286536667398654e-01 1.508392628206005392e+00 1.511528022231844792e+00 1.514902209298866431e+00 1.623686210649128103e+00 1.705640915776993172e+00 1.754217428599317508e+00 2.288940636717482935e+00 2.290187935396065022e+00 3.124441529961887287e+00 3.489537905775430549e+00 3.554894377881492318e+00 3.748763484721061801e+00 3.821668228705430437e+00 3.862934657877821198e+00 4.100737290779091104e+00
-7.157417921166679964e-01 -7.040181147220617719e-01 -6.822828796962834286e-01 -3.696342994196015752e-01 -3.101556582805807261e-01 -2.432727455058280031e-01 -2.129299881184898435e-01 -2.122215990723007317e-01 2.484077063661020990e-01 3.791973726339526451e-01 3.851295651339721737e-01 4.948991496436394577e-01 8.166116441722258701e-01 8.405162150284137823e-01 8.534851066998909719e-01 1.509960933873591094e+00 1.514147670958553071e+00 1.518682794951224047e+00 1.610455683052039566e+00 1.661166994083682846e+00 1.703284582097858380e+00 2.284843421951689990e+00 2.290164206036298111e+00 3.212798597747258178e+00 3.509394382384189992e+00 3.554143506782267981e+00 3.722248939286548985e+00 3.839072976426885386e+00 3.866952035359142226e+00 4.043821876865987264e+00
-7.211711999352127256e-01 -7.140591026509403028e-01 -6.974717976998908719e-01 -3.662806820376166561e-01 -3.280251685917311977e-01 -2.628352256777954921e-01 -2.179380450231882815e-01 -2.157448337226088031e-01 -2.549245138949932793e-02 3.205812222788982924e-01 3.256886267058330398e-01 4.093201615475517419e-01 8.199300150748068949e-01 8.371682678318721482e-01 8.449768820002712122e-01 1.509468423061991249e+00 1.517996664310451216e+00 1.522413014658718922e+00 1.594429504928184471e+00 1.620123484275663550e+00 1.654664815770182651e+00 2.280575780461435276e+00 2.285442107473936169e+00 3.305755316638825825e+00 3.532249462103563609e+00 3.557323848874638816e+00 3.694094499871114934e+00 3.851921598798010216e+00 3.868860259405919599e+00 3.983789318265653634e+00
-7.272030762590693254e-01 -7.233217157107615369e-01 -7.133119818758819619e-01 -3.572249595806032962e-01 -3.356580355350223810e-01 -2.787858956969813673e-01 -2.249885027612837096e-01 -2.243734401619461583e-01 -2.157110953152994726e-01 2.362373808676411502e-01 2.463771770201082234e-01 3.056333057897854810e-01 8.255285200702852100e-01 8.339241790175763169e-01 8.400576317057153464e-01 1.511844664779034453e+00 1.522016104748794563e+00 1.525116077344272014e+00 1.575039818023443061e+00 1.584626437651235342e+00 1.608593526189874279e+00 2.276445754869896199e+00 2.279105345777638014e+00 3.399756057426423173e+00 3.554526879939178041e+00 3.565050591879819653e+00 3.662628365434299926e+00 3.859982461524076314e+00 3.868232070863997230e+00 3.926620154740863455e+00
-7.319640954084865037e-01 -7.299098654441696921e-01 -7.262753322820841850e-01 -3.402825921681124077e-01 -3.314702741302308908e-01 -3.111396439723909668e-01 -2.402811005942546152e-01 -2.284621304471677605e-01 -2.254630379436483312e-01 1.283559765482424342e-01 1.407317981244451399e-01 1.716638366225333445e-01 8.308103143388714251e-01 8.328194172648435423e-01 8.367437007378093483e-01 1.519397370624450128e+00 1.526006248918442942e+00 1.527245987161460095e+00 1.557195503797982550e+00 1.559127740917297889e+00 1.569781242896536089e+00 2.273304261554661476e+00 2.273983434304357676e+00 3.488143462024203334e+00 3.571068138029151129e+00 3.573585423295665642e+00 3.622882015961024216e+00 3.864019611110697472e+00 3.866339626377421457e+00 3.882483794761196538e+00
-7.325273460170835804e-01 -7.325081645670146191e-01 -7.324174268201277815e-01 -3.262719203366727938e-01 -3.262193419955440321e-01 -3.260363071013365754e-01 -2.289975157043697140e-01 -2.289326358536041550e-01 -2.287219379093407001e-01 -9.377723287971354797e-04 -5.858659699647619139e-04 -3.115459043057636126e-04 8.337055635607749648e-01 8.337266421944390382e-01 8.337419048808432098e-01 1.528534533711556787e+00 1.528546382342527377e+00 1.528572151979305405e+00 1.549052478126854870e+00 1.549155197603474754e+00 1.549179009001977914e+00 2.272024104219551255e+00 2.272134712027291226e+00 3.552661419278450250e+00 3.577211710202386818e+00 3.577313383474109543e+00 3.577344335508779061e+00 3.865177598195778330e+00 3.865270031975634790e+00 3.865361573029890252e+00
-7.312265698132588421e-01 -7.289303542894937094e-01 -7.252838275443691529e-01 -3.424734766021843013e-01 -3.402616581407167384e-01 -3.100290159545685542e-01 -2.405442094041737866e-01 -2.262066185070500668e-01 -2.240607158056931170e-01 1.589762641723352632e-01 1.657247714216834311e-01 1.720649800481367231e-01 8.297513298624664690e-01 8.327309479123180536e-01 8.369751019344823240e-01 1.522282448903486962e+00 1.522655206424611052e+00 1.526102993185398216e+00 1.561717931562524697e+00 1.565523243133188025e+00 1.565650753730156719e+00 2.273717869229357369e+00 2.273970689120427657e+00 3.488064084529701958e+00 3.569791413194345786e+00 3.569969329708034156e+00 3.623657997505728368e+00 3.865798189695949905e+00 3.866067739464371211e+00 3.882878659972389013e+00
-7.254442120689247320e-01 -7.209251290047998806e-01 -7.095226827493943400e-01 -3.559955595809710660e-01 -3.533776832669688339e-01 -2.869547468737456697e-01 -2.198988075326935576e-01 -2.170530913086955727e-01 -2.016659713246784502e-01 2.825587791158903905e-01 2.870865120034367668e-01 2.972006771991917984e-01 8.206315718939541926e-01 8.362147470287035755e-01 8.402817841513920971e-01 1.517281740225107534e+00 1.517482787703381852e+00 1.522948431197476360e+00 1.593007275293000680e+00 1.595203746860587080e+00 1.595666542431712465e+00 2.278202624452663194e+00 2.278469401672144734e+00 3.399977741414308419e+00 3.552154838495078071e+00 3.552347665329455229e+00 3.665685080454606837e+00 3.865610632554768777e+00 3.865876678918402032e+00 3.928591062669627654e+00
-7.174470745430048257e-01 -7.117527994193092455e-01 -6.940637323098500788e-01 -3.508496761334756742e-01 -3.494309079427858067e-01 -2.672766203515801187e-01 -2.137073835500444274e-01 -2.120557706464579473e-01 7.156686505977408186e-02 3.601068945856043535e-01 3.611083725597523109e-01 4.042261685569983332e-01 8.124593499978267630e-01 8.434967319694797183e-01 8.443264236471237361e-01 1.514563876243340212e+00 1.515085172132510927e+00 1.521798645865529931e+00 1.623747434028860903e+00 1.624441166299745554e+00 1.636646485038310006e+00 2.283611868694644276e+00 2.283725301965926491e+00 3.306367831039051630e+00 3.533468943248207150e+00 3.533597080562810078e+00 3.701420271534865414e+00 3.860631563609086214e+00 3.860789633151907374e+00 3.989744247014765488e+00
-7.088222930017372692e-01 -7.040552618342905689e-01 -6.858751106658200758e-01 -3.338385839981823922e-01 -3.330931088351115066e-01 -2.274914319609441238e-01 -2.133750887082242753e-01 -2.129125193105392000e-01 2.488041961133001245e-01 3.937858420002212090e-01 3.969123467282916762e-01 4.914264667891639626e-01 8.096607364876756696e-01 8.481029324410127579e-01 8.543256058934562969e-01 1.512830927444178020e+00 1.513620960980835761e+00 1.523644048211019841e+00 1.646426429685389881e+00 1.647319085984057185e+00 1.687425069505475328e+00 2.287938688668211373e+00 2.288170914465328831e+00 3.212336919256300938e+00 3.519601524293320072e+00 3.519784833349108855e+00 3.735820946781347462e+00 3.848850341970109223e+00 3.849204236354291098e+00 4.057131894973526443e+00
-6.997723906467887556e-01 -6.976037283093892150e-01 -6.842164489256803428e-01 -3.147370235075889755e-01 -3.126693327103134412e-01 -2.183396209024231205e-01 -2.169331728290714301e-01 -1.621571359482168739e-01 3.508394909254549110e-01 3.983445993905095350e-01 4.031590505600371466e-01 5.633395593990333516e-01 8.101645847757972252e-01 8.551674804557742871e-01 8.625008478172671023e-01 1.511358175800798342e+00 1.511936994982923999e+00 1.528685425950125465e+00 1.668231424956124753e+00 1.669002552121674476e+00 1.743453288895738362e+00 2.290431248168960821e+00 2.290716691825566809e+00 3.118938890586601786e+00 3.509783796966014169e+00 3.510007146905915754e+00 3.770444127078031560e+00 3.831922214200760735e+00 3.832340816677120898e+00 4.124756446231350182e+00
-6.890373719039991629e-01 -6.888402613415317566e-01 -6.821980661530002710e-01 -3.010932856053179507e-01 -3.000024223085041020e-01 -2.214054189570986431e-01 -2.205611519142952059e-01 -5.323357169904832653e-02 4.007600571521857669e-01 4.031806314761504084e-01 4.269020820415578288e-01 6.315623553761448017e-01 8.084433199626084310e-01 8.643869451912191693e-01 8.674832939393658515e-01 1.509101752313156242e+00 1.509226482570038552e+00 1.535893482590982684e+00 1.698664367726843372e+00 1.698967060801465534e+00 1.802676208641174060e+00 2.290527490794366905e+00 2.290672753696040953e+00 3.025420644927753422e+00 3.499022812204084953e+00 3.499178322319155932e+00 3.805201931089703837e+00 3.813419988573504948e+00 3.813650001707215242e+00 4.188124615769175385e+00
-6.741553275344565055e-01 -6.737980902321155652e-01 -6.735359383525610921e-01 -2.992848472303494267e-01 -2.981928363813378668e-01 -2.213923097468471490e-01 -2.203975581807968431e-01 1.240009481293999349e-01 4.238487892891644182e-01 4.262923594379302572e-01 4.832999684812989138e-01 7.007391226857109245e-01 8.016822327817310079e-01 8.722590538422425599e-01 8.750946194466804329e-01 1.505041307442720022e+00 1.505061118138935727e+00 1.543826089993239004e+00 1.741725026208281291e+00 1.741997653028858339e+00 1.862337239707802405e+00 2.286444530900926253e+00 2.286573835008464783e+00 2.932117361864309490e+00 3.484132853737825553e+00 3.484288730826730962e+00 3.796084570686321769e+00 3.796310520729730964e+00 3.839342368777761916e+00 4.244314018814052680e+00
-6.591531914804497072e-01 -6.538789554860748865e-01 -6.510449074460830099e-01 -3.007278820167951783e-01 -2.983129894536655224e-01 -2.178064147122368566e-01 -2.152653952422926564e-01 1.785759039618602384e-01 4.656836725321261694e-01 4.706353728655168767e-01 5.264920004417871224e-01 7.634681412406031376e-01 7.914293771172448144e-01 8.811108612667233331e-01 8.865319145610998097e-01 1.499269600107380196e+00 1.499585394220396939e+00 1.551725672158739133e+00 1.794274505934898345e+00 1.794825767914851156e+00 1.920440965527147492e+00 2.275346118242964177e+00 2.275507008912677431e+00 2.841524239207498859e+00 3.467429516036742321e+00 3.467642978489183569e+00 3.780395806790550317e+00 3.780771891191943013e+00 3.871801011582466145e+00 4.292207359944699263e+00
-6.427795954987111093e-01 -6.325817250985303897e-01 -6.275055788687528002e-01 -2.947887164311437380e-01 -2.928006362870922419e-01 -2.089552757818200768e-01 -2.063067518119088284e-01 2.257278216584637509e-01 5.080801167951779496e-01 5.109222129922613709e-01 5.612848776377082904e-01 7.816170688889503282e-01 8.126886941905201445e-01 8.945934315402268577e-01 8.974344406902803328e-01 1.493216175728232509e+00 1.493736758829036892e+00 1.559189139691071757e+00 1.851186300324922041e+00 1.851640821373365275e+00 1.977207115613708766e+00 2.254734237345759951e+00 2.254836909043284265e+00 2.756896168508434997e+00 3.453729500068764668e+00 3.453906886177104951e+00 3.765649243890019093e+00 3.765917153511423976e+00 3.901306065242290178e+00 4.331946291493987466e+00
-6.291622190012058358e-01 -6.184514228343234166e-01 -6.130551986346670645e-01 -2.849297894428352573e-01 -2.842752594568855873e-01 -1.962205783910669910e-01 -1.948268832120196858e-01 2.677306642048670748e-01 5.319692184216389119e-01 5.343193163579841309e-01 5.891643766925863668e-01 7.753689183389527173e-01 8.482702610782716368e-01 9.067389553817799541e-01 9.089582923377231838e-01 1.488803825171323814e+00 1.489053315285738588e+00 1.565628002637786231e+00 1.909478364397640293e+00 1.909591766215206210e+00 2.034352578400834943e+00 2.223930650821346777e+00 2.224286741685181479e+00 2.680246632811954743e+00 3.445045429916940627e+00 3.445185599614141392e+00 3.751793269260061070e+00 3.751981077814869003e+00 3.926428906929389839e+00 4.363902188439856999e+00
-6.205556151121164321e-01 -6.152318163036407661e-01 -6.117946403599219263e-01 -2.809942301303768875e-01 -2.803135499076161996e-01 -1.823000621562660128e-01 -1.819994944952819105e-01 2.976547846251423324e-01 5.335705924421776380e-01 5.402623276182282330e-01 6.094872466866351202e-01 7.727439761346910352e-01 8.741113627808410058e-01 9.139653171251944652e-01 9.193832332102894744e-01 1.486691614449961563e+00 1.486943996404204604e+00 1.570419555515365495e+00 1.968422333881129083e+00 1.968687558376416069e+00 2.091190246811343023e+00 2.184500462270381860e+00 2.184991185451482298e+00 2.613128626953518996e+00 3.439852716363831053e+00 3.440028744229638225e+00 3.740322713269296440e+00 3.740705502980576913e+00 3.945700697198357698e+00 4.387872289804875869e+00
-6.191747582991674603e-01 -6.179549625253135670e-01 -6.155190170638069613e-01 -2.831853100636129716e-01 -2.822421360011818092e-01 -1.724788545583237354e-01 -1.715582273285545245e-01 3.126044744702037859e-01 5.273598148075510084e-01 5.333652820438424813e-01 6.216055975008109025e-01 7.719622519049675891e-01 8.924461380280784839e-01 9.188217223760791752e-01 9.231925165901939678e-01 1.486400587892823921e+00 1.486789138851397407e+00 1.573265426659404831e+00 2.027701113510197217e+00 2.027995573313099431e+00 2.138000301168476280e+00 2.138341378820031835e+00 2.138973699867968925e+00 2.561705807235839849e+00 3.436489396734723201e+00 3.436657609104956101e+00 3.733188789970169896e+00 3.733531005291200078e+00 3.957830196783411747e+00 4.402968314375866221e+00
-6.213545396561510614e-01 -6.212315178152637563e-01 -6.146277934994825998e-01 -2.846327728990482031e-01 -2.844407176811260540e-01 -1.686051911723890906e-01 -1.683340480151269691e-01 3.165075515468390721e-01 5.262305356505396770e-01 5.262718308541137757e-01 6.256118019099656813e-01 7.717973760958776186e-01 9.000089890156709460e-01 9.218323468735677428e-01 9.218399075359076100e-01 1.486770421188670754e+00 1.486789075405404281e+00 1.574191500245036401e+00 2.082181283118881510e+00 2.082239274021978392e+00 2.088364569621648403e+00 2.088458197239396075e+00 2.158992677126638338e+00 2.540966457663248690e+00 3.435177660832141378e+00 3.435318030223219132e+00 3.730910068365396626e+00 3.731068125035158722e+00 3.961967992728451016e+00 4.408152962991008117e+00
-6.227826866572150344e-01 -6.181826554822515973e-01 -6.138229528856520290e-01 -2.853230632113585297e-01 -2.814922729494763187e-01 -1.726637021178439035e-01 -1.660063702175055556e-01 3.157643176534719043e-01 5.153320819473328207e-01 5.286189466713040463e-01 6.380348713627701507e-01 7.732179763889054369e-01 8.939273097188198403e-01 9.207382036273519255e-01 9.225016244722603620e-01 1.486016524486718948e+00 1.487898268548647707e+00 1.572641832542233997e+00 2.041306600200122112e+00 2.049597877671659241e+00 2.105071247921161959e+00 2.119936618677604745e+00 2.175262937235803662e+00 2.553446155254675443e+00 3.435681864032559929e+00 3.437877877890584077e+00 3.731701989629504279e+00 3.733338931163819652e+00 3.958687428577422285e+00 4.400663331915508181e+00
-6.247468843654147008e-01 -6.127604107248698639e-01 -6.101454142392843671e-01 -2.856735061780914520e-01 -2.749595588623272580e-01 -1.827628190830918320e-01 -1.596107835529185781e-01 3.126214483287542145e-01 4.948489708764768347e-01 5.348980960638006765e-01 6.629534411247801629e-01 7.774830307215174763e-01 8.766138733065422795e-01 9.174552254956702679e-01 9.247506431551472117e-01 1.484519635122190317e+00 1.490137377857164047e+00 1.568004695777907909e+00 1.988689014986049886e+00 2.013537455887649763e+00 2.098050520418810017e+00 2.152584317103484413e+00 2.215061483192358516e+00 2.587454941579744983e+00 3.436859260139616623e+00 3.445618907823027932e+00 3.733943153334785325e+00 3.740040117496679084e+00 3.948968048975557643e+00 4.378574393018917377e+00
-6.285376189040624562e-01 -6.054960296951051868e-01 -6.022426992799229106e-01 -2.862194754023337784e-01 -2.659230046157889382e-01 -1.963460372015972122e-01 -1.481611742854095914e-01 3.046149164695280964e-01 4.784964475692985442e-01 5.436085670277833737e-01 6.854537597066013843e-01 7.845576398571004750e-01 8.504901153609532027e-01 9.120599117686702950e-01 9.296328619598792642e-01 1.482235902720568044e+00 1.492597419830018035e+00 1.560581043793640710e+00 1.934607805478803622e+00 1.977496036235581345e+00 2.079196873019360847e+00 2.182974532206772178e+00 2.264600874889572513e+00 2.635840563617205312e+00 3.438821920132285381e+00 3.457610777582309947e+00 3.737626106661810610e+00 3.750459837385717421e+00 3.933212378138982501e+00 4.343033723393660672e+00
-6.341680585329344533e-01 -5.960721798379822189e-01 -5.913120956737448752e-01 -2.874293835184806856e-01 -2.560905114251911252e-01 -2.103987859928352355e-01 -1.304469636846306568e-01 2.891431140237410435e-01 4.725249948248324006e-01 5.528535329322834535e-01 6.959869243867491395e-01 7.942529408654503964e-01 8.199054674476196070e-01 9.046890652829150392e-01 9.383252433434693396e-01 1.479368402601159760e+00 1.493439538781014653e+00 1.551725473753742479e+00 1.884534338981503021e+00 1.942025396085595323e+00 2.054097779110754640e+00 2.210585453315266680e+00 2.320449243239953940e+00 2.692172199706526659e+00 3.441608000662882638e+00 3.472468715895392410e+00 3.742668107806744970e+00 3.763505994822340828e+00 3.912233800289480534e+00 4.295981757178854110e+00
-6.414420402171939761e-01 -5.846021457289283241e-01 -5.788014544738835365e-01 -2.902145951317671724e-01 -2.465904448602347365e-01 -2.221695885096514056e-01 -1.043219122707406410e-01 2.653692771609287293e-01 4.774967558509835008e-01 5.609345711743980445e-01 6.879760150007778741e-01 7.912461796975309714e-01 8.061279729218145951e-01 8.955734124427943144e-01 9.505033920419239113e-01 1.476180575583583066e+00 1.490261096992667067e+00 1.544428333960371491e+00 1.842561029356974744e+00 1.907550686638284532e+00 2.024532058156454095e+00 2.234999322489497064e+00 2.381254384014199310e+00 2.751967230291575195e+00 3.445319039538516925e+00 3.488265978421425384e+00 3.748935951049619408e+00 3.777548904224551585e+00 3.887595885214469860e+00 4.240201171818766213e+00
-6.501808587340942580e-01 -5.717997349798474849e-01 -5.659244253272422975e-01 -2.959561438501095432e-01 -2.370629988301138913e-01 -2.291878578655530407e-01 -6.460923655038532110e-02 2.333915776934145092e-01 4.895268698631495274e-01 5.666226301559443845e-01 6.634038240774741135e-01 7.679498190740170482e-01 8.193680727164235345e-01 8.850689318352763513e-01 9.635531855929390099e-01 1.472950850733820705e+00 1.482361045868216820e+00 1.541322552438062266e+00 1.810831989814976506e+00 1.874384320076859956e+00 1.991437270262318426e+00 2.255883625534885084e+00 2.445017633654483102e+00 2.811960955873213930e+00 3.450130844903072536e+00 3.502656231966929656e+00 3.756244025931972708e+00 3.789578669706699987e+00 3.862642751600648960e+00 4.179404341642403153e+00
-6.601695631350567028e-01 -5.587079797026383021e-01 -5.537602944179198516e-01 -3.054629734109521322e-01 -2.301506306338556573e-01 -2.256872032677576523e-01 3.578367652251817493e-02 1.925806658840327479e-01 5.020142860734579937e-01 5.691605391030870598e-01 6.368607500125272880e-01 7.465548681663799480e-01 8.329638166737955984e-01 8.737016446553944604e-01 9.739112175219074574e-01 1.469938249827853038e+00 1.472862657721107249e+00 1.541834424759413791e+00 1.789757310942039048e+00 1.842741175845762358e+00 1.955651960630009789e+00 2.272997283712995031e+00 2.508796396267343187e+00 2.869106362867142934e+00 3.456269299426458108e+00 3.513270889742257541e+00 3.764362343708528069e+00 3.792128521795920193e+00 3.845515846626829770e+00 4.118388833684516470e+00
-6.711111984862575541e-01 -5.466587296198033297e-01 -5.431438329848273794e-01 -3.180036328325391848e-01 -2.255345074950769191e-01 -2.109046691516787142e-01 -4.234181518661043336e-02 1.550734002386265631e-01 5.084846584165965133e-01 5.681409733129025863e-01 6.254650840480068252e-01 7.237785850897990869e-01 8.455778180362318874e-01 8.623857989968917170e-01 9.789154122433100236e-01 1.465472306035434658e+00 1.467378665421857908e+00 1.544110896897382457e+00 1.778944125456563441e+00 1.812765896888143935e+00 1.918126001982495943e+00 2.286211497746299948e+00 2.568522265651290049e+00 2.920006086926647981e+00 3.463948773124506442e+00 3.518702102719600600e+00 3.773034949322124021e+00 3.778221403987968685e+00 3.843447244575910915e+00 4.063284903070667475e+00
-6.826112009591801533e-01 -5.372522019996046616e-01 -5.347775616288852341e-01 -3.320769285261958581e-01 -2.171604868287823065e-01 -1.943733930920987230e-01 -1.448239020883686501e-01 1.506480187413300753e-01 5.127508096404371774e-01 5.634149129808434520e-01 6.325934340922813037e-01 7.000905393358883844e-01 8.488941986586595601e-01 8.592621773796674800e-01 9.774964004651693905e-01 1.461775869372032854e+00 1.465391492536961104e+00 1.547004176267353204e+00 1.777991456773404311e+00 1.784566296130335905e+00 1.880008452056862289e+00 2.295541809358858210e+00 2.618436488549851227e+00 2.961388001066630249e+00 3.473286047604006388e+00 3.519970689258920871e+00 3.757306886641341048e+00 3.782011920048031328e+00 3.845402143924129490e+00 4.021503022287885365e+00
-6.803420948791734091e-01 -5.557546785501853437e-01 -5.161609052022454458e-01 -3.354121989043761243e-01 -2.303072695669317604e-01 -1.827297318789990188e-01 -1.183996112848225007e-01 1.501600335280721121e-01 5.136751388982135902e-01 5.595328305448304951e-01 6.378664524148318637e-01 6.958251727277546816e-01 8.496311175085173861e-01 8.600071643548650169e-01 9.759374854919352638e-01 1.457929097589964584e+00 1.470240891615263168e+00 1.543547979152462668e+00 1.776165215197825331e+00 1.777359190051935212e+00 1.899605248306723615e+00 2.289563837948813685e+00 2.620232206009209808e+00 2.957336685689796685e+00 3.477820214541293531e+00 3.519620413117852120e+00 3.752456631794922615e+00 3.788202522956352070e+00 3.845237937206076761e+00 4.017663870036634499e+00
-6.736169109897474083e-01 -5.749057875853490485e-01 -4.973716722035912974e-01 -3.402553171164175994e-01 -2.515800535064691146e-01 -1.669736592640491679e-01 5.285390273296158153e-02 1.491271781781337014e-01 5.176988679659908499e-01 5.510735690289684241e-01 6.431971964329391556e-01 6.894158816591801076e-01 8.520340340820080627e-01 8.615699805480249163e-01 9.719175352847924110e-01 1.453871919409679414e+00 1.477297253699125790e+00 1.534492357491572756e+00 1.763240855695115350e+00 1.774401520837571855e+00 1.945311430567179256e+00 2.271212935267026722e+00 2.625322449426874982e+00 2.946950590361781863e+00 3.489538155992998547e+00 3.518707242624960596e+00 3.742705784236126210e+00 3.801965240949998659e+00 3.844770480613044494e+00 4.006886731135590018e+00
-6.627511762824710440e-01 -5.937182710648032380e-01 -4.811435310645666985e-01 -3.398114077200564132e-01 -2.735888136874510823e-01 -1.553841715423118774e-01 1.408281109286565191e-01 1.555859367213703048e-01 5.245598214641545853e-01 5.449550898070070204e-01 6.295053194009150310e-01 6.945381888840557183e-01 8.554004166269446596e-01 8.632821780043115067e-01 9.671238468967302548e-01 1.450996444328994661e+00 1.485039778476403116e+00 1.522798627369065683e+00 1.754338724688516260e+00 1.769979762215838637e+00 2.003105155923666558e+00 2.239999201140635776e+00 2.632402457626457970e+00 2.934612925760413216e+00 3.503622799056679504e+00 3.517618824372995778e+00 3.732299420326435690e+00 3.818940840747478749e+00 3.844065855286934674e+00 3.991538787270676458e+00
-6.482577795951529609e-01 -6.123774215809624222e-01 -4.697527335717088803e-01 -3.313457143172297004e-01 -2.951487774924176355e-01 -1.490028725075541738e-01 1.449783547717557464e-01 1.954271447553730945e-01 5.341185336537557227e-01 5.426144793684137824e-01 6.054630302671717423e-01 7.037180081011542576e-01 8.589947590718014503e-01 8.640177939098033777e-01 9.636010723571244441e-01 1.449368602556636132e+00 1.493177619925624366e+00 1.511233657419454923e+00 1.751826608041619382e+00 1.763973007489089806e+00 2.064293632091559250e+00 2.197565658731438276e+00 2.638734693950336219e+00 2.925205571415868011e+00 3.514210838297574746e+00 3.516911036033573801e+00 3.724455841607615003e+00 3.834754290380607777e+00 3.843193880914543392e+00 3.976433924558815391e+00
-6.310061273530900294e-01 -6.309300696631253702e-01 -4.654721163355587943e-01 -3.153298694683233649e-01 -3.152846738785506919e-01 -1.471578360632329052e-01 1.451444347877665075e-01 2.102384683850108127e-01 5.414112820315211128e-01 5.414413755129945383e-01 5.921361551777823973e-01 7.075588998871213953e-01 8.623266832345931610e-01 8.623573755165148125e-01 9.625657010935432245e-01 1.448901279450174773e+00 1.501493863549263619e+00 1.501514531133388175e+00 1.756423646316296550e+00 1.756445171227681845e+00 2.105881625245896505e+00 2.162877004671129644e+00 2.641258451342026525e+00 2.921837941034274522e+00 3.517177447821375313e+00 3.517259669262474464e+00 3.721755569251370410e+00 3.842204663537621467e+00 3.842341997991170821e+00 3.969544386153846638e+00
-6.305133630498617192e-01 -6.302534616157943193e-01 -4.697162162204098212e-01 -3.139458585320744621e-01 -3.133767075976586769e-01 -1.508583546123033192e-01 1.438976830417879604e-01 2.117043317783219580e-01 5.312921016543856734e-01 5.443563574152008311e-01 6.034546636353516069e-01 7.078866747063201625e-01 8.597053169392745442e-01 8.636829836214087175e-01 9.633119895332875604e-01 1.449317939276021816e+00 1.501724073208590138e+00 1.502630875069958627e+00 1.758235864404622539e+00 1.760109833414157166e+00 2.105992917039126944e+00 2.162732821652424420e+00 2.633182414174516595e+00 2.916600368319388625e+00 3.512848116241776175e+00 3.516580927001138779e+00 3.727998232255879785e+00 3.834285841644907045e+00 3.841533655739868713e+00 3.983866581234977833e+00
-6.296553298091760453e-01 -6.285774093850566846e-01 -4.809612427299644888e-01 -3.101159444529929532e-01 -3.083322209198368080e-01 -1.607014747386874276e-01 1.375688391925602438e-01 2.183356332095353902e-01 5.129958755180707985e-01 5.521712727612781979e-01 6.258907300904561488e-01 7.100513997329205296e-01 8.524157616709271412e-01 8.673885494655609874e-01 9.650172146425591846e-01 1.450940015561575702e+00 1.502084943424382368e+00 1.505671109875341473e+00 1.764012179079696763e+00 1.771029735158724971e+00 2.106414623911898598e+00 2.162247238491296741e+00 2.609448390124397221e+00 2.900906421676479052e+00 3.501794110817427086e+00 3.514537978036745614e+00 3.743954832584496017e+00 3.817187073125947183e+00 3.839982661650661822e+00 4.019382340344082039e+00
-6.285070230624942855e-01 -6.262711951871946514e-01 -4.971143118620407475e-01 -3.053109794781286856e-01 -3.002690949254147590e-01 -1.739172637298185553e-01 1.216683486034238898e-01 2.307529374436375902e-01 4.950190108933825717e-01 5.619328576646517304e-01 6.499996576158266759e-01 7.160656507280583893e-01 8.422260997609901656e-01 8.730157060913713574e-01 9.656492880645767274e-01 1.454106102060216399e+00 1.502328953216105933e+00 1.510562857337689469e+00 1.774246652123571799e+00 1.788690534611363736e+00 2.107174977190121368e+00 2.161421451552416162e+00 2.572474217640245087e+00 2.875560265623859912e+00 3.487995415955308598e+00 3.510697023016774665e+00 3.763190373118415533e+00 3.798853859554067292e+00 3.839695714532109339e+00 4.066352055393396725e+00
-6.272148150646874587e-01 -6.237582868693987148e-01 -5.160581706693035953e-01 -3.006680499647322868e-01 -2.893399371724794111e-01 -1.879552761264636496e-01 9.307735028464066140e-02 2.463930808807927864e-01 4.798077783757228598e-01 5.695077151601704024e-01 6.720323412764511728e-01 7.285941908704677283e-01 8.307971838611379889e-01 8.799688614928228292e-01 9.634522469414393830e-01 1.458863850558636210e+00 1.502165907455556226e+00 1.517299745292455704e+00 1.789712870464847061e+00 1.812262528464063660e+00 2.108306257349036983e+00 2.160233910726224948e+00 2.525541722170559389e+00 2.841842834966078701e+00 3.474473584028843209e+00 3.504698261612496868e+00 3.777199209363981236e+00 3.782289366170539680e+00 3.845480921191816392e+00 4.119170535138762190e+00
-6.259218984489499649e-01 -6.214246920026920140e-01 -5.360297299670429005e-01 -2.965125010382110848e-01 -2.764842355914572947e-01 -2.010062378929501625e-01 3.770500955386308500e-02 2.624723656241907954e-01 4.686975835647133604e-01 5.716791590093416309e-01 6.893332188474825539e-01 7.490209462087086267e-01 8.192622005440433064e-01 8.876154130663431729e-01 9.578069805941318293e-01 1.464668740468471286e+00 1.501369707976896617e+00 1.525832033866059589e+00 1.811332525613183364e+00 1.840663202824196265e+00 2.109823316292638751e+00 2.158608537469623112e+00 2.472126871596263431e+00 2.801402187142342015e+00 3.462788570233754637e+00 3.496437625667824900e+00 3.768136799033890760e+00 3.780099393498514537e+00 3.861080609931643703e+00 4.174072900611172976e+00
-6.247358431112508548e-01 -6.195339750897960185e-01 -5.556092621656516517e-01 -2.929077675173801798e-01 -2.642015045431253539e-01 -2.109103466985857989e-01 -7.758136493534967260e-02 2.775060044611110666e-01 4.627886253109608217e-01 5.680130840994884744e-01 6.997095313676320316e-01 7.757896241380155544e-01 8.082976665437149322e-01 8.953625617943973269e-01 9.494983031695796161e-01 1.470578994723605648e+00 1.499835278708804731e+00 1.535757140794654196e+00 1.839859442313660498e+00 1.872679239522766936e+00 2.111690001674447092e+00 2.156370591895899302e+00 2.415454629711629053e+00 2.756143211059199682e+00 3.453480090231412447e+00 3.486195128079659700e+00 3.756710724160926329e+00 3.774513662422534388e+00 3.882444835742814515e+00 4.227969273728260369e+00
-6.237166995380537537e-01 -6.182043055923244212e-01 -5.736642498653631295e-01 -2.899380273398429742e-01 -2.581862857271567391e-01 -2.128771928988988926e-01 -1.136266172260293195e-01 2.907720656172922413e-01 4.629550222445104057e-01 5.602015648241601697e-01 7.014636115356169821e-01 7.972389511021726882e-01 8.065388773216131124e-01 9.026981488490333216e-01 9.404057423616256628e-01 1.475794703608414915e+00 1.497600359162758021e+00 1.546134897534830133e+00 1.875393669035390509e+00 1.907115361810002074e+00 2.113773249062261161e+00 2.153181551652131098e+00 2.358292157705588643e+00 2.708199283296222948e+00 3.446527743214442552e+00 3.474653644893267224e+00 3.747787339329286205e+00 3.765270885997330730e+00 3.904332870278039103e+00 4.278184568358565087e+00
-6.228840920728387909e-01 -6.174440072542872748e-01 -5.893067859780721784e-01 -2.877059045698133199e-01 -2.619112330613318496e-01 -2.043478890642650980e-01 -1.367930646270953121e-01 3.016031388792195234e-01 4.696670890831206036e-01 5.504912662446557192e-01 6.937990733042612712e-01 7.887230958366545641e-01 8.355289860661733181e-01 9.092057945355513926e-01 9.325640868470110867e-01 1.479958084904304805e+00 1.494853903634622894e+00 1.555778848245823021e+00 1.916927622947206533e+00 1.942936639040708569e+00 2.115775276866773691e+00 2.148436414411492468e+00 2.302915243657642552e+00 2.660053241790047540e+00 3.441644966959851892e+00 3.462821768513843157e+00 3.741110682079229033e+00 3.755065221174667123e+00 3.924034829942947944e+00 4.322430967843197358e+00
-6.222353985598492176e-01 -6.172479162277215714e-01 -6.018168460165338463e-01 -2.862316049520579053e-01 -2.698080167239393368e-01 -1.916058060035614741e-01 -1.520501391454655848e-01 3.093499922836216998e-01 4.826335179701907174e-01 5.409200924620826134e-01 6.775996817146612283e-01 7.813951765859931120e-01 8.616991503972647459e-01 9.145652835396934632e-01 9.270891906560346785e-01 1.483043825548586714e+00 1.491935033652493026e+00 1.563748491959348730e+00 1.962187848842016580e+00 1.979370105262750368e+00 2.117079370949710881e+00 2.141109597657470331e+00 2.251260459931141433e+00 2.614821641737579139e+00 3.438441976222005092e+00 3.451887098459160974e+00 3.736364565035750207e+00 3.745519684519643011e+00 3.940225981594720928e+00 4.358819711070332836e+00
-6.217647948130694546e-01 -6.178827084081476295e-01 -6.103698019978097689e-01 -2.854004776987245084e-01 -2.772879781388435938e-01 -1.798684214500272383e-01 -1.614761275802127083e-01 3.139095075973091231e-01 5.001444739156656327e-01 5.330803512044482995e-01 6.560565413848111760e-01 7.760643447981327991e-01 8.822742560176518589e-01 9.185454178042989914e-01 9.239010423921243387e-01 1.485148007161042782e+00 1.489303651058052180e+00 1.569551719984008109e+00 2.007835393408128333e+00 2.015893382794394562e+00 2.116172453673484277e+00 2.129590564275142928e+00 2.205628236816802534e+00 2.576591991869356946e+00 3.436517396157709570e+00 3.443036233283478964e+00 3.733237260890687637e+00 3.737808540418046555e+00 3.952186366247966820e+00 4.385872668545954589e+00
-6.214740481713418863e-01 -6.199401642585317118e-01 -6.139823665328433266e-01 -2.849901709970717456e-01 -2.824011842115494719e-01 -1.717756987483718412e-01 -1.664932456421767959e-01 3.159707203055202585e-01 5.177911761389827339e-01 5.280230972231970688e-01 6.352280077426682992e-01 7.728629055318210206e-01 8.954521642102633017e-01 9.209928546975133523e-01 9.223323833893690704e-01 1.486368954234393636e+00 1.487456862671240332e+00 1.573034634440735324e+00 2.049948374628816072e+00 2.051864189722254039e+00 2.108347449542171681e+00 2.111752053900783466e+00 2.171457712656513106e+00 2.550388130025584399e+00 3.435521686278782294e+00 3.437276240512907588e+00 3.731472783714359753e+00 3.732806539748296348e+00 3.959505656197951584e+00 4.402529673747208605e+00
-6.213545396561510614e-01 -6.212315178152637563e-01 -6.146277934994825998e-01 -2.846327728990482031e-01 -2.844407176811260540e-01 -1.686051911723890906e-01 -1.683340480151269691e-01 3.165075515468390721e-01 5.262305356505396770e-01 5.262718308541137757e-01 6.256118019099656813e-01 7.717973760958776186e-01 9.000089890156709460e-01 9.218323468735677428e-01 9.218399075359076100e-01 1.486770421188670754e+00 1.486789075405404281e+00 1.574191500245036401e+00 2.082181283118881510e+00 2.082239274021978392e+00 2.088364569621648403e+00 2.088458197239396075e+00 2.158992677126638338e+00 2.540966457663248690e+00 3.435177660832141378e+00 3.435318030223219132e+00 3.730910068365396626e+00 3.731068125035158722e+00 3.961967992728451016e+00 4.408152962991008117e+00
-6.232309713682770980e-01 -6.180244115006825467e-01 -6.139894449859254477e-01 -2.845795227785805070e-01 -2.826932965806464026e-01 -1.718162510603183368e-01 -1.665443021588460804e-01 3.159292041647167593e-01 5.172391975940097142e-01 5.281165164950498703e-01 6.359180042041078229e-01 7.729477919022293975e-01 8.951075594116462142e-01 9.208831630266549606e-01 9.224031960301377620e-01 1.486242525329388942e+00 1.487604731670424618e+00 1.572939280774335868e+00 2.046301690872619261e+00 2.053110862572161910e+00 2.104641024665859117e+00 2.116511482699168223e+00 2.172271723742180694e+00 2.551127371284620526e+00 3.435495088864799484e+00 3.437485780233497490e+00 3.731502066754742497e+00 3.732960316269469114e+00 3.959309173962955786e+00 4.402081322188037049e+00
-6.250948578370588704e-01 -6.130963256062345046e-01 -6.112381319637884003e-01 -2.848146384472837744e-01 -2.774344305096597685e-01 -1.802371914900193217e-01 -1.613773765267418059e-01 3.135682919408780966e-01 4.990356319552690101e-01 5.333308190341036203e-01 6.577977859721544363e-01 7.764029822771536526e-01 8.809558131216655985e-01 9.182353909325022823e-01 9.241213147242749448e-01 1.485027714195571225e+00 1.489471772427475083e+00 1.569185007048420788e+00 1.999584026643049128e+00 2.020700519126801264e+00 2.100753371920716095e+00 2.146155154607965354e+00 2.206115473286259121e+00 2.579273006971138482e+00 3.436447771146725838e+00 3.443809002558704258e+00 3.733309297028722717e+00 3.738443940147164302e+00 3.951412312793419979e+00 4.384115473228310300e+00
-6.280233199167309932e-01 -6.074669567609486398e-01 -6.045777927057364165e-01 -2.852869981919962106e-01 -2.697741500292697991e-01 -1.919962276655969857e-01 -1.522139593079040731e-01 3.076822182742853240e-01 4.826755169315519178e-01 5.408145296168231919e-01 6.795597687510844809e-01 7.821502869420446924e-01 8.590949815471655704e-01 9.138666066768239560e-01 9.277985387885350210e-01 1.483125530134256298e+00 1.491771647721293670e+00 1.563074758331851610e+00 1.950693928910755659e+00 1.988202116888466264e+00 2.085650603035910322e+00 2.174068072795508400e+00 2.249051223802263078e+00 2.620252038838088549e+00 3.438035011463278057e+00 3.453750845688281501e+00 3.736293629413058426e+00 3.747082441584327572e+00 3.938534619444331142e+00 4.355006705490153784e+00
-6.323579364476968889e-01 -6.000887209766349040e-01 -5.952829891092330516e-01 -2.862002757688826282e-01 -2.610215820669739561e-01 -2.048369959547752528e-01 -1.382565958853655685e-01 2.961597594370571906e-01 4.738537170576715973e-01 5.491866040329992371e-01 6.936708399493262123e-01 7.900945136810380021e-01 8.322669989821703806e-01 9.078527094229983385e-01 9.343942423863926816e-01 1.480680579467715585e+00 1.493314275402174207e+00 1.555313803577956788e+00 1.903824067599593883e+00 1.956046362534836325e+00 2.064734178443228707e+00 2.199843577693324281e+00 2.297478295398791115e+00 2.669034115393821960e+00 3.440275136248285737e+00 3.466404921346175616e+00 3.740403084323342675e+00 3.758156378977991263e+00 3.921175716097806241e+00 4.316021619581525748e+00
-6.380746274282573793e-01 -5.907049638430964533e-01 -5.845148333859819800e-01 -2.880409793616117153e-01 -2.522941455018752888e-01 -2.166687712722582815e-01 -1.182534172546726575e-01 2.779053842425766585e-01 4.743229726799741974e-01 5.571138974590849058e-01 6.943780912904244929e-01 7.999729486817461765e-01 8.048348648493958146e-01 9.003296556686846142e-01 9.442027022134915626e-01 1.477880071343890656e+00 1.492403491399135973e+00 1.547681791230308468e+00 1.862379718342604296e+00 1.924572512540798863e+00 2.039787668427955669e+00 2.223154673213692867e+00 2.350386990561771139e+00 2.721886467683134470e+00 3.443223617125976688e+00 3.480499252690954393e+00 3.745555594832726154e+00 3.770645677523308148e+00 3.900229255345223134e+00 4.268967005189444386e+00
-6.450848482589894850e-01 -5.797927431622572625e-01 -5.730574701275212846e-01 -2.916913765674256087e-01 -2.439368645477582032e-01 -2.255543502589312244e-01 -8.983209824625819351e-02 2.530893324035621839e-01 4.824555343062222335e-01 5.635362582516280083e-01 6.792693750132360320e-01 7.812169670488361417e-01 8.113324353180759729e-01 8.915106342488223756e-01 9.560258913520175428e-01 1.474930228134430754e+00 1.487562330184149850e+00 1.542633443514495717e+00 1.828594263651165175e+00 1.894044001561377977e+00 2.011641505893674520e+00 2.243731206650530385e+00 2.406602321678798173e+00 2.776143894083230812e+00 3.446984833847956509e+00 3.494437831514833892e+00 3.751634120860149579e+00 3.782981019739409589e+00 3.877362063862729524e+00 4.216231831568603816e+00
-6.532651246552184654e-01 -5.680367485871566924e-01 -5.617088844260222924e-01 -2.981179137379826316e-01 -2.353315377976426814e-01 -2.298056746596790767e-01 -4.556703893775448933e-02 2.216558270258136010e-01 4.943966312970065613e-01 5.677293336611273222e-01 6.542123410652675997e-01 7.613969607524225802e-01 8.234903771752969392e-01 8.817049288050389233e-01 9.674168152090957262e-01 1.472034591062357123e+00 1.479537316463935603e+00 1.541145551656049051e+00 1.803391258691968257e+00 1.864654139133557598e+00 1.980910518574916512e+00 2.261359410503209322e+00 2.464365818754798543e+00 2.829592725123887487e+00 3.451707955318934484e+00 3.506437016749822000e+00 3.758487781889209067e+00 3.791964650215154720e+00 3.856157728064048662e+00 4.160857107199554150e+00
-6.624362373752467059e-01 -5.563037121804740304e-01 -5.511742364639702352e-01 -3.075204812072542815e-01 -2.298219214225225848e-01 -2.242246753760587241e-01 4.555053236359227903e-02 1.835042110172292185e-01 5.048961363760146037e-01 5.692531371925662054e-01 6.319514948651153707e-01 7.420668472966981399e-01 8.356534700637896496e-01 8.713514785749464364e-01 9.758417460922110820e-01 1.469355999902781651e+00 1.471230683748892876e+00 1.542144551562447230e+00 1.786763170269747958e+00 1.836538776325480349e+00 1.948224420184355488e+00 2.275889513069167869e+00 2.521276382823363971e+00 2.879947925513375750e+00 3.457562302424879164e+00 3.514883132332749849e+00 3.765939886511837198e+00 3.790596067627937327e+00 3.844120518376277662e+00 4.106653622683905880e+00
-6.723504620446090208e-01 -5.456301339519097349e-01 -5.420095842699071964e-01 -3.191147079209457615e-01 -2.249547679218878993e-01 -2.112491186607704796e-01 -4.918793612181977110e-02 1.528763326112872745e-01 5.099757090411352056e-01 5.678643169332457941e-01 6.240787512619906385e-01 7.214056734993981035e-01 8.467530085627195113e-01 8.612554540052480556e-01 9.796011620671466469e-01 1.464961467354843894e+00 1.467168800664894412e+00 1.544330318577837202e+00 1.778375389603398915e+00 1.809793936194875608e+00 1.914302605359069709e+00 2.287250989296520043e+00 2.574125711130470506e+00 2.924666070328914458e+00 3.464694168013705777e+00 3.519064665809866099e+00 3.773801647004022541e+00 3.776268032002783048e+00 3.843829420972925792e+00 4.058359500556214527e+00
-6.826950208925255392e-01 -5.372339474224253619e-01 -5.347029794303860273e-01 -3.317869889984164100e-01 -2.173836055169683368e-01 -1.984288288871425832e-01 -1.394293921369967881e-01 1.500616113947166597e-01 5.140377730597027739e-01 5.634429669051529421e-01 6.309486548352870594e-01 7.002035893678267842e-01 8.489504916889675235e-01 8.591672435928234819e-01 9.780600786134618918e-01 1.461803029235980711e+00 1.465389914002310334e+00 1.546956600876145949e+00 1.777956026909860876e+00 1.784494978925535547e+00 1.880005142340968494e+00 2.295472683254463853e+00 2.618495767997045753e+00 2.961435504452018641e+00 3.473173826128593600e+00 3.520051086668686491e+00 3.757314193025818483e+00 3.781888626778935336e+00 3.845539181783597993e+00 4.021491422651013004e+00
-6.826112009591801533e-01 -5.372522019996046616e-01 -5.347775616288852341e-01 -3.320769285261958581e-01 -2.171604868287823065e-01 -1.943733930920987230e-01 -1.448239020883686501e-01 1.506480187413300753e-01 5.127508096404371774e-01 5.634149129808434520e-01 6.325934340922813037e-01 7.000905393358883844e-01 8.488941986586595601e-01 8.592621773796674800e-01 9.774964004651693905e-01 1.461775869372032854e+00 1.465391492536961104e+00 1.547004176267353204e+00 1.777991456773404311e+00 1.784566296130335905e+00 1.880008452056862289e+00 2.295541809358858210e+00 2.618436488549851227e+00 2.961388001066630249e+00 3.473286047604006388e+00 3.519970689258920871e+00 3.757306886641341048e+00 3.782011920048031328e+00 3.845402143924129490e+00 4.021503022287885365e+00
-6.990186862738984042e-01 -5.282886889823056320e-01 -5.254020732528044135e-01 -3.552504418079498461e-01 -2.357279438936698002e-01 -2.014639505312976198e-01 -1.709260252622474552e-01 1.577916096301589521e-01 5.201419152069181040e-01 5.530807377023454485e-01 6.315285487291729671e-01 6.868882451582328796e-01 8.450363731087049413e-01 8.628467380295737899e-01 9.682678505658975920e-01 1.458987960969663433e+00 1.462892778707620689e+00 1.552715525797442320e+00 1.747404711016838252e+00 1.783214657408828341e+00 1.824716010828070001e+00 2.302712342697710746e+00 2.678444381651542638e+00 3.018447344862108750e+00 3.489413232512100560e+00 3.520365675065320499e+00 3.722777429599577914e+00 3.795277806010248778e+00 3.845593446244098157e+00 3.973059789732426239e+00
-7.146764537495764458e-01 -5.232108479630863673e-01 -5.124265296349355125e-01 -3.797207670131335089e-01 -3.021529820365903007e-01 -1.840523384812382812e-01 -1.520594667415025580e-01 1.675972142015942912e-01 5.238917058868450827e-01 5.451248572945865956e-01 5.983043107961998341e-01 7.117744324130537148e-01 8.405328722415442710e-01 8.675611494485762076e-01 9.548853549939921859e-01 1.456608900689684072e+00 1.460142739668269130e+00 1.559686377650498557e+00 1.717933127770907120e+00 1.772860437408089185e+00 1.790604969698050608e+00 2.303728902945882506e+00 2.729700301144676544e+00 3.079981586296919538e+00 3.505938595883772102e+00 3.518651605115053815e+00 3.684024893300431369e+00 3.807378090001490190e+00 3.846393462023433241e+00 3.927427820687424465e+00
-7.279761845245154017e-01 -5.136332810348811506e-01 -4.988735715284845496e-01 -4.035575490097212392e-01 -3.579047852805312124e-01 -1.671633533003826499e-01 -1.434810338204244029e-01 1.755921111621204511e-01 5.301854388883420199e-01 5.413009374044669419e-01 5.694531424178836954e-01 7.439038594545777094e-01 8.370564284641501818e-01 8.730518311520479857e-01 9.378280281510772420e-01 1.454220494640902750e+00 1.456756840149244336e+00 1.567471802453418883e+00 1.696089226658916926e+00 1.731893822832391905e+00 1.796082646373590386e+00 2.301219504855740006e+00 2.771015079912266810e+00 3.142513968419331061e+00 3.512866404884162463e+00 3.520760717614778823e+00 3.641385515991962585e+00 3.817694940070253562e+00 3.848003791047184041e+00 3.887847399775107071e+00
-7.378269728804366379e-01 -4.980398772867028478e-01 -4.868433626179745066e-01 -4.238409758704798080e-01 -4.027858035264724745e-01 -1.541310425364124104e-01 -1.427378596600565597e-01 1.773551864999545757e-01 5.404247981930218048e-01 5.415355685846736655e-01 5.531508564767175784e-01 7.770031931998819807e-01 8.355151435606521515e-01 8.784267741292243192e-01 9.177194194876688860e-01 1.451779413693290444e+00 1.453069438325987894e+00 1.575424616036241732e+00 1.681296400614266551e+00 1.699545665868740452e+00 1.802686736378461774e+00 2.297615542591114224e+00 2.801633497968435194e+00 3.201202738083958721e+00 3.504053164026172063e+00 3.532222556757774079e+00 3.596993018186202651e+00 3.825647345857244197e+00 3.849928714626077220e+00 3.857670674127646748e+00
-7.437598286979431039e-01 -4.822042729041545739e-01 -4.784226010748052760e-01 -4.375883099983107205e-01 -4.322435263862411947e-01 -1.467931718736112945e-01 -1.436907156871010671e-01 1.739305024701326696e-01 5.432387941219385397e-01 5.453765762755280466e-01 5.522737847399350475e-01 8.074560543203032070e-01 8.354024443887846374e-01 8.824409316376428114e-01 8.963674864301842682e-01 1.449758212423779558e+00 1.450109591347570337e+00 1.582220290373075100e+00 1.672810693063523368e+00 1.677947314588753347e+00 1.808024203770506544e+00 2.294740080799877013e+00 2.820638866738858219e+00 3.247620816002957156e+00 3.496036863747355561e+00 3.539359236818233612e+00 3.558454246907214014e+00 3.830698186405478101e+00 3.838703619030615410e+00 3.851809454770410479e+00
-7.457252653034056600e-01 -4.753906615544236103e-01 -4.753241196999403728e-01 -4.425218831287196508e-01 -4.424777297552802136e-01 -1.443441001436204796e-01 -1.441926955364809526e-01 1.714427303332577979e-01 5.442578761482074201e-01 5.442891881465128368e-01 5.562792627345944929e-01 8.231955240751815950e-01 8.355813376717923235e-01 8.839254601358348395e-01 8.839473235420484132e-01 1.448949317145624471e+00 1.448967490787528289e+00 1.585144377562321960e+00 1.670031893236813003e+00 1.670061829722240043e+00 1.810101547989588333e+00 2.293665969892300094e+00 2.827106855350945303e+00 3.266658699273537358e+00 3.492877954731426371e+00 3.541714543575623431e+00 3.541799605879563551e+00 3.832360264371113434e+00 3.832498656840748197e+00 3.852415377783169781e+00
