-8.180736420449064017e-01
-7.914494478326351556e-01
-7.648252536203639096e-01
-7.382010594080927746e-01
-7.115768651958214175e-01
-6.849526709835501714e-01
-6.583284767712789254e-01
-6.317042825590076793e-01
-6.050800883467365443e-01
-5.784558941344651872e-01
-5.518316999221939412e-01
-5.252075057099226951e-01
-4.985833114976515046e-01
-4.719591172853802585e-01
-4.453349230731090125e-01
-4.187107288608377664e-01
-3.920865346485665204e-01
-3.654623404362953298e-01
-3.388381462240240283e-01
-3.122139520117527822e-01
-2.855897577994815917e-01
-2.589655635872103456e-01
-2.323413693749391273e-01
-2.057171751626677980e-01
-1.790929809503965797e-01
-1.524687867381253337e-01
-1.258445925258541154e-01
-9.922039831358289708e-02
-7.259620410131166490e-02
-4.597200988904034252e-02
-1.934781567676911382e-02
7.276378535502111417e-03
3.390057274777334012e-02
6.052476696004456536e-02
8.714896117231578365e-02
1.137731553845870158e-01
1.403973495968583451e-01
1.670215438091295634e-01
1.936457380214007817e-01
2.202699322336720278e-01
2.468941264459432461e-01
2.735183206582144644e-01
3.001425148704857104e-01
3.267667090827569010e-01
3.533909032950281470e-01
3.800150975072995596e-01
4.066392917195708057e-01
4.332634859318420517e-01
4.598876801441132423e-01
4.865118743563844883e-01
5.131360685686556788e-01
5.397602627809269249e-01
5.663844569931981709e-01
5.930086512054694170e-01
6.196328454177406631e-01
6.462570396300117981e-01
6.728812338422830441e-01
6.995054280545542902e-01
7.261296222668257583e-01
7.527538164790968933e-01
7.793780106913681394e-01
8.060022049036393854e-01
8.326263991159106315e-01
8.592505933281818775e-01
8.858747875404531236e-01
9.124989817527242586e-01
9.391231759649955046e-01
9.657473701772667507e-01
9.923715643895379968e-01
1.018995758601809243e+00
1.045619952814080378e+00
1.072244147026351735e+00
1.098868341238623092e+00
1.125492535450894005e+00
1.152116729663165584e+00
1.178740923875436497e+00
1.205365118087708076e+00
1.231989312299979433e+00
1.258613506512250346e+00
1.285237700724521925e+00
1.311861894936792838e+00
1.338486089149064417e+00
1.365110283361335330e+00
1.391734477573606688e+00
1.418358671785877823e+00
1.444982865998149180e+00
1.471607060210420315e+00
1.498231254422691672e+00
1.524855448634962585e+00
1.551479642847234164e+00
1.578103837059505521e+00
1.604728031271776656e+00
1.631352225484048013e+00
1.657976419696318926e+00
1.684600613908590505e+00
1.711224808120861418e+00
1.737849002333132997e+00
1.764473196545403910e+00
1.791097390757675267e+00
1.817721584969946402e+00
1.844345779182217759e+00
1.870969973394488894e+00
1.897594167606760474e+00
1.924218361819031831e+00
1.950842556031302522e+00
1.977466750243573879e+00
2.004090944455845236e+00
2.030715138668116815e+00
2.057339332880387506e+00
2.083963527092658641e+00
2.110587721304930220e+00
2.137211915517201799e+00
2.163836109729472490e+00
2.190460303941743625e+00
2.217084498154015204e+00
2.243708692366286783e+00
2.270332886578557918e+00
2.296957080790828609e+00
2.323581275003100188e+00
2.350205469215371323e+00
2.376829663427642902e+00
2.403453857639913593e+00
2.430078051852185173e+00
2.456702246064456308e+00
2.483326440276727887e+00
2.509950634488998578e+00
2.536574828701269713e+00
2.563199022913541292e+00
2.589823217125812871e+00
2.616447411338084006e+00
2.643071605550354697e+00
2.669695799762626276e+00
2.696319993974897855e+00
2.722944188187168990e+00
2.749568382399439681e+00
2.776192576611711260e+00
2.802816770823982395e+00
2.829440965036253974e+00
2.856065159248524665e+00
2.882689353460796244e+00
2.909313547673067379e+00
2.935937741885338959e+00
2.962561936097609649e+00
2.989186130309880784e+00
3.015810324522152364e+00
3.042434518734423943e+00
3.069058712946694190e+00
3.095682907158965769e+00
3.122307101371237348e+00
3.148931295583508927e+00
3.175555489795779174e+00
3.202179684008050753e+00
3.228803878220322332e+00
3.255428072432593467e+00
3.282052266644865046e+00
3.308676460857135737e+00
3.335300655069406872e+00
3.361924849281678451e+00
3.388549043493950030e+00
3.415173237706220721e+00
3.441797431918491856e+00
3.468421626130763435e+00
3.495045820343035015e+00
3.521670014555305261e+00
3.548294208767576841e+00
3.574918402979848420e+00
3.601542597192119555e+00
3.628166791404391134e+00
3.654790985616661825e+00
3.681415179828933404e+00
3.708039374041204539e+00
3.734663568253476118e+00
3.761287762465746809e+00
3.787911956678017944e+00
3.814536150890289523e+00
3.841160345102561102e+00
3.867784539314831793e+00
3.894408733527102928e+00
3.921032927739374507e+00
3.947657121951646086e+00
3.974281316163917221e+00
4.000905510376187912e+00
4.027529704588459047e+00
4.054153898800731071e+00
4.080778093013002206e+00
4.107402287225272453e+00
4.134026481437544476e+00
4.160650675649815611e+00
4.187274869862086746e+00
4.213899064074357881e+00
4.240523258286629016e+00
4.267147452498900151e+00
4.293771646711172174e+00
4.320395840923443309e+00
4.347020035135714444e+00
4.373644229347985579e+00
4.400268423560256714e+00
4.426892617772528737e+00
4.453516811984798984e+00
4.480141006197070119e+00
