0.000000000000000000e+00
3.301379133176292335e-02
6.602758266352584671e-02
9.904137399528877006e-02
1.320551653270516934e-01
1.650689566588146029e-01
1.980827479905775401e-01
2.310965393223404774e-01
2.641103306541033868e-01
2.971241219858662963e-01
3.301379133176292058e-01
3.631517046493921708e-01
3.961654959811550802e-01
4.291792873129179897e-01
4.621930786446809547e-01
4.952068699764438087e-01
5.305787892604755251e-01
5.659507085445072416e-01
6.013226278285389581e-01
6.366945471125706746e-01
6.720664663966023911e-01
7.074383856806341075e-01
7.428103049646658240e-01
7.778267185497166336e-01
8.128431321347675542e-01
8.478595457198183638e-01
8.828759593048691734e-01
9.178923728899199830e-01
9.507202606259052002e-01
9.835481483618903065e-01
1.016376036097875524e+00
1.049203923833860630e+00
1.082031811569845736e+00
1.114859699305831064e+00
1.147687587041816171e+00
1.180515474777801277e+00
1.213343362513786605e+00
1.246171250249771711e+00
1.278999137985756818e+00
1.311827025721742146e+00
1.344654913457727252e+00
1.377482801193712358e+00
1.410310688929697465e+00
1.443138576665682571e+00
1.476127940475542299e+00
1.509117304285402250e+00
1.542106668095261979e+00
1.575096031905121929e+00
1.608085395714981658e+00
1.641074759524841609e+00
1.674064123334701337e+00
1.707053487144561288e+00
1.740042850954421016e+00
1.773032214764280967e+00
1.806021578574140696e+00
1.839010942384000646e+00
1.872000306193860375e+00
1.905694865876167654e+00
1.939389425558474933e+00
1.973083985240782212e+00
2.006778544923089491e+00
2.040473104605396770e+00
2.074167664287704049e+00
2.107862223970011328e+00
2.141556783652318607e+00
2.175251343334625886e+00
2.210267756919676696e+00
2.245284170504727506e+00
2.280300584089778315e+00
2.315316997674829125e+00
2.350333411259879934e+00
2.379513755914088868e+00
2.408694100568297802e+00
2.437874445222507180e+00
2.467054789876716114e+00
2.496235134530925048e+00
2.525415479185133982e+00
2.554595823839343360e+00
2.583776168493552294e+00
2.612956513147761228e+00
2.642136857801970162e+00
2.671317202456179540e+00
2.700497547110388474e+00
2.730822650824464848e+00
2.761147754538541665e+00
2.791472858252618039e+00
2.821797961966694857e+00
2.852123065680771230e+00
2.882448169394847604e+00
2.912773273108924421e+00
2.943098376823000795e+00
2.973423480537077612e+00
3.003748584251153986e+00
3.003748584251153986e+00
3.032928928905362920e+00
3.062109273559571854e+00
3.091289618213781232e+00
3.120469962867990166e+00
3.149650307522199100e+00
3.178830652176408478e+00
