--- Relaxation Summary for Iteration 3 ---
Analysis Date: 2025-07-02 03:25:59

Num Atoms    Int. Symbol     Crystal System     Energy per Atom (eV/atom) Iter   Sample   GA Params                                         
------------ --------------- ------------------ ------------------------- ------ -------- --------------------------------------------------
10           I-42m           tetragonal         -2.581651                 3      6        D1:17.783, R21:0.000, Cell:(-0.124, -0.050, 0.138, 8.134, 24.341, 21.447, -0.124, -0.050, 0.138, 8.134, 24.341, 21.447) 
80           Cmc2_1          orthorhombic       -2.581455                 3      12       D1:81.742, R21:0.623, Cell:(-0.146, -0.039, -0.131, 11.535, 6.884, -8.647, -0.146, -0.039, -0.131, 11.535, 6.884, -8.647) 
40           P-31m           trigonal           -2.579382                 3      24       D1:48.885, R21:0.623, Cell:(0.037, -0.039, -0.190, 0.000, 1.878, -10.021, 0.037, -0.039, -0.190, 0.000, 1.878, -10.021) 
10           P-31m           trigonal           -2.579382                 3      5        D1:37.096, R21:0.914, Cell:(0.151, -0.039, -0.164, -15.318, 1.010, -27.067, 0.151, -0.039, -0.164, -15.318, 1.010, -27.067) 
20           P-3             trigonal           -2.579382                 3      26       D1:37.096, R21:0.159, Cell:(0.151, -0.152, 0.008, -29.299, -3.168, -9.749, 0.151, -0.152, 0.008, -29.299, -3.168, -9.749) 
80           P-3             trigonal           -2.579382                 3      18       D1:100.000, R21:0.000, Cell:(0.100, -0.063, 0.150, 0.000, 0.000, 0.000, 0.100, -0.063, 0.150, 0.000, 0.000, 0.000) 
80           P-3             trigonal           -2.579382                 3      28       D1:31.623, R21:0.637, Cell:(-0.056, 0.098, 0.164, 17.537, 8.380, -19.880, -0.056, 0.098, 0.164, 17.537, 8.380, -19.880) 
20           P-31m           trigonal           -2.579382                 3      14       D1:56.588, R21:0.623, Cell:(-0.146, -0.152, -0.164, -15.318, 1.010, -27.067, -0.146, -0.152, -0.164, -15.318, 1.010, -27.067) 
80           P-3             trigonal           -2.579382                 3      19       D1:31.623, R21:0.000, Cell:(0.166, 0.000, 0.000, 0.000, 0.000, -24.846, 0.166, 0.000, 0.000, 0.000, 0.000, -24.846) 
20           P-31m           trigonal           -2.579382                 3      25       D1:72.149, R21:0.000, Cell:(0.050, 0.050, 0.050, 0.000, 0.000, 0.000, 0.050, 0.050, 0.050, 0.000, 0.000, 0.000) 
20           P-3             trigonal           -2.579382                 3      29       D1:94.125, R21:0.216, Cell:(0.100, -0.169, 0.100, 0.000, 2.385, 0.000, 0.100, -0.169, 0.100, 0.000, 2.385, 0.000) 
10           P-31m           trigonal           -2.579382                 3      13       D1:54.013, R21:0.250, Cell:(0.026, 0.064, 0.097, -8.010, 0.000, 0.000, 0.026, 0.064, 0.097, -8.010, 0.000, 0.000) 
10           P-3             trigonal           -2.579382                 3      1        D1:32.609, R21:0.949, Cell:(-0.102, -0.094, 0.015, 15.037, -3.168, -9.749, -0.102, -0.094, 0.015, 15.037, -3.168, -9.749) 
40           P-31m           trigonal           -2.579382                 3      10       D1:37.096, R21:0.536, Cell:(0.151, -0.152, -0.117, -23.630, 20.773, -3.035, 0.151, -0.152, -0.117, -23.630, 20.773, -3.035) 
20           P-31m           trigonal           -2.579382                 3      15       D1:31.623, R21:0.000, Cell:(-0.038, -0.034, -0.131, 8.471, 2.573, 0.000, -0.038, -0.034, -0.131, 8.471, 2.573, 0.000) 
20           P-3             trigonal           -2.579382                 3      11       D1:48.598, R21:0.536, Cell:(0.151, -0.152, -0.164, 7.869, 8.380, 12.910, 0.151, -0.152, -0.164, 7.869, 8.380, 12.910) 
10           P-31m           trigonal           -2.579382                 3      9        D1:31.623, R21:0.000, Cell:(0.050, 0.050, -0.131, -11.094, 0.000, 0.000, 0.050, 0.050, -0.131, -11.094, 0.000, 0.000) 
40           P-3             trigonal           -2.579382                 3      27       D1:93.212, R21:0.454, Cell:(0.009, -0.067, 0.103, 10.579, -21.473, 12.910, 0.009, -0.067, 0.103, 10.579, -21.473, 12.910) 
10           P-3             trigonal           -2.579381                 3      4        D1:31.623, R21:0.000, Cell:(-0.103, -0.152, -0.164, -15.318, -14.910, -27.067, -0.103, -0.152, -0.164, -15.318, -14.910, -27.067) 
20           P-3             trigonal           -2.579381                 3      7        D1:26.472, R21:0.098, Cell:(0.146, -0.157, -0.049, -8.671, 8.380, 0.000, 0.146, -0.157, -0.049, -8.671, 8.380, 0.000) 
20           P-3             trigonal           -2.579381                 3      8        D1:2.719, R21:0.580, Cell:(-0.146, -0.039, 0.050, -26.892, 0.272, 0.000, -0.146, -0.039, 0.050, -26.892, 0.272, 0.000) 
80           P-1             triclinic          -2.579381                 3      17       D1:72.149, R21:0.623, Cell:(0.037, -0.039, -0.131, 0.000, 0.000, -11.843, 0.037, -0.039, -0.131, 0.000, 0.000, -11.843) 
10           P-3             trigonal           -2.577578                 3      30       D1:72.149, R21:0.623, Cell:(0.037, 0.100, -0.162, 10.579, 20.603, -12.281, 0.037, 0.100, -0.162, 10.579, 20.603, -12.281) 
10           C2/m            monoclinic         -2.572007                 3      16       D1:7.009, R21:0.428, Cell:(-0.173, 0.154, -0.132, -10.204, 26.082, 28.969, -0.173, 0.154, -0.132, -10.204, 26.082, 28.969) 
40           C2/m            monoclinic         -2.572007                 3      22       D1:72.149, R21:0.623, Cell:(0.037, -0.010, -0.004, -23.382, -7.611, 0.000, 0.037, -0.010, -0.004, -23.382, -7.611, 0.000) 
20           C2/m            monoclinic         -2.565352                 3      21       D1:37.096, R21:0.536, Cell:(0.050, 0.050, -0.165, 10.579, 20.603, -12.281, 0.050, 0.050, -0.165, 10.579, 20.603, -12.281) 
10           P1              triclinic          -2.561829                 3      23       D1:94.125, R21:0.613, Cell:(-0.173, -0.039, -0.131, -11.094, 16.349, -28.737, -0.173, -0.039, -0.131, -11.094, 16.349, -28.737) 
20           P1              triclinic          -2.557004                 3      20       D1:26.472, R21:0.098, Cell:(-0.019, -0.091, 0.050, 0.000, -29.625, 29.753, -0.019, -0.091, 0.050, 0.000, -29.625, 29.753) 
80           P1              triclinic          -2.551854                 3      2        D1:37.096, R21:0.185, Cell:(0.151, -0.152, -0.131, -11.094, 0.000, 25.473, 0.151, -0.152, -0.131, -11.094, 0.000, 25.473) 
80           P1              triclinic          -2.530671                 3      3        D1:56.588, R21:0.623, Cell:(-0.146, -0.039, -0.164, -15.318, 1.010, -3.925, -0.146, -0.039, -0.164, -15.318, 1.010, -3.925) 
