-7.563444652294162916e-05 -2.148023707112644009e-05 -2.978297624570335187e-08 7.673300592595034830e-01 7.673516320141864355e-01 8.186727889402272140e-01 8.791124694734516742e-01 9.328087962535732691e-01 9.328148471683180842e-01 1.097573116205571520e+00 1.097607509061836017e+00 1.098225651736309594e+00 1.233876490200602083e+00 1.393013396280368799e+00 1.393041535527929975e+00 1.403535049811266422e+00 1.506805987233555522e+00 1.600978140881006873e+00 1.600984156716289908e+00 1.719902848907327142e+00 1.842618551125135395e+00 1.885924525086712267e+00 1.885925975494390672e+00 2.525495961361582165e+00 2.525495961624889762e+00 2.861464983199819123e+00 3.714127149538072103e+00 5.223523422304181985e+00 5.223523423426850165e+00 5.229756092391484756e+00
-4.402980102320239175e-02 5.034436553886460081e-02 1.393607267791679705e-01 7.654707337194781580e-01 7.681910906648516946e-01 8.116582611556675264e-01 8.775078516393344241e-01 9.308335884698554219e-01 9.408516352455613685e-01 1.087994408300313687e+00 1.098097132735089021e+00 1.112325024160633058e+00 1.230233779334900523e+00 1.386594075959313832e+00 1.392087217625083584e+00 1.413423520338636497e+00 1.505559365996164800e+00 1.601089376119627650e+00 1.604382293334143395e+00 1.717267562874368103e+00 1.839288268096247903e+00 1.885589041666678956e+00 1.888024842563662764e+00 2.525468177029710493e+00 2.530026981765999494e+00 2.860265036956796791e+00 3.713424923607973493e+00 5.215611174032540376e+00 5.224058637475672562e+00 5.240312023122929652e+00
4.907162090222316059e-02 1.004774482973065097e-01 2.585838101226181074e-01 7.633621839386909302e-01 7.696747755747355146e-01 7.956094038535557189e-01 8.736047492079842547e-01 9.249576492364575131e-01 9.600721636913360779e-01 1.084621446300596537e+00 1.099532424493484095e+00 1.128556136354823769e+00 1.220766708057205996e+00 1.378376186271626169e+00 1.389212075983825345e+00 1.429525824340144302e+00 1.501850154841100293e+00 1.601466048885532789e+00 1.614293632869891804e+00 1.708225827862994262e+00 1.831366753193873320e+00 1.884656203618359838e+00 1.893910585369409372e+00 2.525390145597394831e+00 2.542731567706680629e+00 2.856777226995849350e+00 3.711411231456328341e+00 5.208098164255577700e+00 5.225640967003419846e+00 5.255619501953201933e+00
1.095836139233117984e-01 1.501747533004338386e-01 3.763689995071605732e-01 7.633193421971881110e-01 7.683694171991936051e-01 7.843965551356817389e-01 8.683615901894592426e-01 9.162094138058808346e-01 9.839365455914232950e-01 1.088809532528576263e+00 1.101668503317012160e+00 1.142251933383874318e+00 1.210027239799958521e+00 1.369708288732800705e+00 1.384247362997810482e+00 1.445507144002244004e+00 1.495781054066105620e+00 1.602250479648192671e+00 1.629474835493875506e+00 1.690178345767042289e+00 1.823748480762405810e+00 1.883339165265962345e+00 1.902759096535611150e+00 2.525276727480433969e+00 2.561270766050386616e+00 2.851337913212016684e+00 3.708347515551475571e+00 5.203513493364566145e+00 5.228201475358229544e+00 5.272743867348880897e+00
1.725296564028487023e-01 1.991888654848056606e-01 4.877518067880258212e-01 7.434476814165513758e-01 7.855232908505156431e-01 7.857413222472253711e-01 8.628178939088734234e-01 9.075767010929345346e-01 1.009054300212929078e+00 1.099733179982775200e+00 1.104218116550886197e+00 1.145942040612139445e+00 1.206895994486604451e+00 1.359600638962306984e+00 1.376966464361526921e+00 1.458600708645983568e+00 1.487550861526777624e+00 1.603625510405125576e+00 1.644240363092322577e+00 1.665033529757582453e+00 1.820803011607652566e+00 1.881944131883934501e+00 1.913606275883924290e+00 2.525149276368085172e+00 2.582587216580992884e+00 2.844503465807394882e+00 3.704613156227263282e+00 5.201959660028854238e+00 5.231628582651858927e+00 5.290924238275231950e+00
2.442066172351949060e-01 2.472441681418434123e-01 5.870179716446650708e-01 7.214291714203981964e-01 7.875451610747865594e-01 8.136537762717637179e-01 8.589508570284734024e-01 9.043019065599148254e-01 1.033701980197666792e+00 1.106984362789287024e+00 1.109711095254857227e+00 1.143720772920488793e+00 1.215629734610981894e+00 1.347553813629379205e+00 1.367129424088330936e+00 1.467933712965914239e+00 1.477470601542411721e+00 1.605761253508681152e+00 1.617776052998532554e+00 1.673157779932498590e+00 1.823681083296116778e+00 1.880806975352484312e+00 1.925341354558810503e+00 2.525031384722514982e+00 2.603611284398655634e+00 2.837023707736909373e+00 3.700629801404692554e+00 5.203364934793893504e+00 5.235772888841543349e+00 5.309357005122128825e+00
2.940350065342133834e-01 3.227918125153059759e-01 6.646681977722544987e-01 7.003238303959156141e-01 7.847012863894535784e-01 8.476457707738758174e-01 8.592990266979619873e-01 9.126296277008525415e-01 1.056566492378578026e+00 1.101046680080291607e+00 1.110153726065747026e+00 1.161804310785038874e+00 1.229244002692952975e+00 1.333849167233539745e+00 1.354582565498372082e+00 1.465947900108167001e+00 1.473121898196565471e+00 1.575777565760013932e+00 1.608762453232574607e+00 1.692840836206237709e+00 1.831262031258912737e+00 1.880220702584300518e+00 1.936825767746016780e+00 2.524944385006075098e+00 2.621744372167202908e+00 2.829758901795868642e+00 3.696776936104791744e+00 5.207593461040065819e+00 5.240453639818203335e+00 5.327145730864978113e+00
3.392236009776667949e-01 4.038949625227558071e-01 6.809520374267702403e-01 7.084989192390199753e-01 7.756901726403685471e-01 8.647413335176913352e-01 8.877108972393576991e-01 9.294770646562534600e-01 1.075719790061006709e+00 1.089933329930908856e+00 1.114961461745692439e+00 1.189314473768300351e+00 1.244379634953467484e+00 1.321055298472825879e+00 1.339398856316243780e+00 1.453431248664424968e+00 1.470183055767547042e+00 1.541277574444203990e+00 1.612630911048509974e+00 1.711954222254462143e+00 1.842065962840427673e+00 1.880372182587127128e+00 1.947103492603924346e+00 2.524903539253120055e+00 2.635169288602078108e+00 2.823499971690484944e+00 3.693322026254164392e+00 5.214497578756760454e+00 5.245466563328250231e+00 5.343328334376201916e+00
3.824329090325427893e-01 4.830722130820442883e-01 6.636970356166327356e-01 7.201445715323510077e-01 7.617634604715320945e-01 8.737096931660761623e-01 9.266568877860421605e-01 9.394883155498269245e-01 1.088036770207707615e+00 1.096666179593091428e+00 1.124108474215203435e+00 1.200497492602429661e+00 1.266397774668607479e+00 1.317298930338974383e+00 1.322036079414762311e+00 1.440338291954915251e+00 1.451306894326209296e+00 1.531762290758864165e+00 1.617248349870758384e+00 1.729697444880095247e+00 1.855148983819500552e+00 1.881305087367049822e+00 1.955604283923473519e+00 2.524915595885259378e+00 2.643066773308766937e+00 2.818707968312334167e+00 3.690387401887297081e+00 5.223939624810597593e+00 5.250592743294256515e+00 5.356940526898849697e+00
4.232301007125564007e-01 5.562812642223345927e-01 6.487878233905600700e-01 7.144975254766040562e-01 7.448332824288902421e-01 8.841106243101446438e-01 9.255739586477833569e-01 9.531619413564033083e-01 1.093115439004529899e+00 1.127223723929039467e+00 1.137685989886097815e+00 1.187611063194051964e+00 1.290334717940202269e+00 1.303484725568576641e+00 1.331164832243635354e+00 1.427016720541345540e+00 1.428540357743179445e+00 1.543742449263768579e+00 1.622380214851009805e+00 1.745448335986531152e+00 1.870579009233349188e+00 1.882917812763247545e+00 1.962265800471607813e+00 2.524978027210820208e+00 2.645671166743581715e+00 2.815333995543736201e+00 3.687964182281266989e+00 5.235777530608353381e+00 5.255608154759926265e+00 5.367103922141031269e+00
4.610972500422806375e-01 6.171607502034061055e-01 6.363866800555700864e-01 7.037988622241647674e-01 7.264273660542117650e-01 8.943329838569334944e-01 9.059604366749192117e-01 9.488061865148746943e-01 1.094616959887026564e+00 1.143951275338299656e+00 1.151588268212041521e+00 1.189339467844194420e+00 1.285416273478588556e+00 1.311645249391399481e+00 1.350283729215939088e+00 1.413771465283615525e+00 1.418373145184331108e+00 1.565893921069101857e+00 1.627697635055117109e+00 1.757499866137949063e+00 1.884993012947604463e+00 1.889604863011193459e+00 1.967538333925812566e+00 2.525079899577559406e+00 2.644031876577776163e+00 2.812927758242622200e+00 3.685965547849689550e+00 5.249817839688724952e+00 5.260293449641480379e+00 5.373122159522369046e+00
4.953839906370071655e-01 6.266256728321576430e-01 6.427396684416893935e-01 7.077310889028576302e-01 7.098586223588428945e-01 8.857921278889578920e-01 9.032293169505365427e-01 9.259059144567437505e-01 1.095301004315047733e+00 1.126495157909517930e+00 1.162119535105822443e+00 1.216448294126206697e+00 1.270317049235528906e+00 1.333650436229728564e+00 1.365875933707812573e+00 1.400953790108810271e+00 1.425784832446672423e+00 1.590564774968181938e+00 1.632812832522172020e+00 1.763085084187141938e+00 1.887245946044288081e+00 1.913289676224461333e+00 1.972344914029416696e+00 2.525204052514259168e+00 2.639580876285644528e+00 2.810984371495368617e+00 3.684296243397272796e+00 5.264443567571600369e+00 5.265750923854084498e+00 5.374566748395203319e+00
5.252193830796879626e-01 6.196329414710392003e-01 6.239434341088916369e-01 6.897653222343356205e-01 7.363581445740896569e-01 8.721754150846898757e-01 9.014411655362843945e-01 9.100603724296753017e-01 1.096575807155024673e+00 1.107312599279429710e+00 1.166538971534151425e+00 1.231633122272634884e+00 1.261028477681598758e+00 1.339085811035396922e+00 1.389091545195642707e+00 1.396761692870933436e+00 1.444766512452786866e+00 1.611699652866818600e+00 1.637322394222729072e+00 1.760523528082852174e+00 1.889376397970103483e+00 1.938869901027055365e+00 1.978478972469828179e+00 2.525330106281188147e+00 2.633809067277541605e+00 2.809236813722814308e+00 3.682909465458306997e+00 5.267876748100583484e+00 5.283087804841001045e+00 5.371339554774810843e+00
5.493026888564332966e-01 5.931718716733188623e-01 6.155716268649206180e-01 6.736114638134683696e-01 7.505245570711521763e-01 8.578862685961563539e-01 9.004643935405439725e-01 9.145644446213114787e-01 1.088527561223750606e+00 1.098927568302344504e+00 1.164508964319097561e+00 1.237608220358369371e+00 1.258394062257476964e+00 1.337008232941239161e+00 1.379038132309053477e+00 1.422482425423547081e+00 1.474436758641995526e+00 1.626383673066908786e+00 1.640852677750654021e+00 1.751352508219323090e+00 1.891112800147217721e+00 1.957600937880281444e+00 1.989563478395588447e+00 2.525437771317495361e+00 2.628171458476105116e+00 2.807720071719356891e+00 3.681828614227286689e+00 5.270442541575534712e+00 5.301107087334839818e+00 5.363715187241902882e+00
5.655217313157689940e-01 5.668898280415853863e-01 6.144648956003426754e-01 6.610589985828613235e-01 7.530691971271026297e-01 8.440775389598358380e-01 9.167784882346816655e-01 9.169609800875149208e-01 1.072081310031377521e+00 1.101688397001685749e+00 1.159730364201098318e+00 1.239643823054429994e+00 1.259480001115388159e+00 1.334897030822510544e+00 1.372050054883755532e+00 1.434265071580880013e+00 1.504292162669422339e+00 1.634318994360832056e+00 1.643101924564215555e+00 1.740632485573259336e+00 1.892243498681451364e+00 1.965204744344892784e+00 2.003255938421095728e+00 2.525509968947298844e+00 2.624048159898275667e+00 2.806654405358989468e+00 3.681127583340692677e+00 5.272028456380602357e+00 5.318717818769173711e+00 5.352468220227566853e+00
5.565651850439904402e-01 5.713019037295367086e-01 6.147967152246652800e-01 6.558515085234847275e-01 7.529470275160859982e-01 8.389785607800015477e-01 9.176867183306650633e-01 9.256103931234856974e-01 1.064824639274779550e+00 1.103019273623429219e+00 1.157323559240177380e+00 1.240113965497793735e+00 1.260385297325730347e+00 1.334113722739850072e+00 1.369503695479877381e+00 1.437653165343552919e+00 1.516709329913423554e+00 1.636634845294010931e+00 1.643874285782344069e+00 1.735697385092398903e+00 1.892635472377293349e+00 1.967020341171988429e+00 2.009155929092892201e+00 2.525535357762337618e+00 2.622530363969588052e+00 2.806267942735225951e+00 3.680883180738571792e+00 5.272564938824806369e+00 5.331013585702260471e+00 5.342314920470123241e+00
5.527039142566793073e-01 5.935122380333943681e-01 6.144564082162563556e-01 6.508581338041959929e-01 7.553560205497837909e-01 8.416803479310711600e-01 8.943956024669832416e-01 9.510568098956320160e-01 1.051150466370921466e+00 1.097089868976752980e+00 1.173716174920109712e+00 1.243673334938609543e+00 1.261658816481295631e+00 1.335901767780861338e+00 1.370904030047518596e+00 1.434823238779008969e+00 1.511313510089723033e+00 1.614068819429474111e+00 1.666026229191181152e+00 1.732662955957239959e+00 1.895090300353498236e+00 1.965307096092945516e+00 1.992617959114420412e+00 2.539576017227189286e+00 2.622680584580606933e+00 2.806926371553838617e+00 3.680833221494494101e+00 5.274079940318336490e+00 5.330142992719623329e+00 5.341180042637953207e+00
5.445828035088267072e-01 6.105502611839043192e-01 6.353510165869316051e-01 6.533752982664408071e-01 7.588737498178029783e-01 8.535443241261723157e-01 8.748259788760301969e-01 9.713064767099464092e-01 1.028856168824847872e+00 1.084134110801919348e+00 1.202523385355921626e+00 1.245447910412922576e+00 1.272957703898282888e+00 1.338864025943699909e+00 1.374740931399911936e+00 1.428731937820781672e+00 1.495849638072753507e+00 1.589090982678107888e+00 1.688350402218335988e+00 1.723623682051522943e+00 1.900033328862310578e+00 1.948373963117791874e+00 1.963990947031698742e+00 2.573604062682500082e+00 2.624094155266063932e+00 2.809219631627629887e+00 3.680676841273581523e+00 5.279302040684815900e+00 5.327306278748672241e+00 5.337814734588393506e+00
5.431073739148608581e-01 6.047911261221308177e-01 6.258632073352201619e-01 6.958512838999419969e-01 7.591889517001065846e-01 8.617832558259556075e-01 8.706379068741647576e-01 9.666873021713225933e-01 1.028239393665739021e+00 1.078330777211533364e+00 1.212708821010490601e+00 1.246452411686874706e+00 1.282737382924376002e+00 1.338945792986184102e+00 1.378042352840881390e+00 1.425750703258525709e+00 1.480096099277711241e+00 1.575948945097099152e+00 1.696277326274793662e+00 1.718704040747051076e+00 1.897109441697976795e+00 1.923582674212221733e+00 1.960009629450026658e+00 2.593225220521736318e+00 2.627857672082291707e+00 2.811655619249554316e+00 3.680635406441544522e+00 5.283849321038877278e+00 5.317859082481446009e+00 5.341314886672032358e+00
5.465448597167837930e-01 5.932771326941965739e-01 6.252878251442294255e-01 7.363957394378668475e-01 7.598491204964663570e-01 8.526922557759384347e-01 8.902610740553605906e-01 9.477558698580723640e-01 1.039466926709499361e+00 1.076546642728483327e+00 1.213900263350117692e+00 1.251170403468090830e+00 1.290943964120809806e+00 1.335963277627447487e+00 1.381928426806441346e+00 1.424171670794025957e+00 1.459799261307216822e+00 1.562889882393810437e+00 1.697820256082168022e+00 1.716508587965629440e+00 1.868000922368102446e+00 1.914797287998697195e+00 1.955687791977169354e+00 2.608222051923882123e+00 2.637050781483722517e+00 2.815429668868162594e+00 3.680691625148303281e+00 5.289360541910969715e+00 5.304574400953358193e+00 5.346306298695424175e+00
5.515381060510983202e-01 5.803947703537842839e-01 6.309373709521417517e-01 7.425549133444034888e-01 7.855967056887608324e-01 8.462496410443633987e-01 9.101403496738725840e-01 9.343966440274809049e-01 1.046427794161349567e+00 1.084310317077269215e+00 1.207624259218982976e+00 1.257457626752697344e+00 1.292840978102390848e+00 1.330208476255494432e+00 1.385256089580550576e+00 1.421940252205244004e+00 1.446873164496760289e+00 1.550302870569779001e+00 1.692532415252628208e+00 1.715247849174515782e+00 1.822789666985566992e+00 1.913457476620137987e+00 1.951238932407365123e+00 2.617354182866067358e+00 2.650771560528819126e+00 2.820658091853985194e+00 3.680770798156909329e+00 5.288375663036305241e+00 5.298668522547207438e+00 5.349687214432977456e+00
5.558047735362272590e-01 5.707854110436062500e-01 6.364365697632292651e-01 7.287736957976623797e-01 8.095674766298295300e-01 8.541254071342720966e-01 8.983346185719933708e-01 9.624751508323423632e-01 1.046603928865538879e+00 1.099524741193323329e+00 1.197875528935375966e+00 1.262843360085524225e+00 1.282753078498462651e+00 1.326851680693891256e+00 1.386494712310501143e+00 1.418966529240214491e+00 1.446721999560389271e+00 1.538742656956257893e+00 1.682065948675755429e+00 1.710960689695236292e+00 1.773886221809260366e+00 1.909151863672890581e+00 1.948613564470409454e+00 2.623599556146577694e+00 2.664215563947482934e+00 2.827275650410897345e+00 3.680797348981801331e+00 5.275286040776177465e+00 5.306359566506405834e+00 5.351349630796554457e+00
5.551314746529533162e-01 5.705629852271180136e-01 6.356435794237990100e-01 7.095625713530893108e-01 8.172139332120156308e-01 8.691733178854086361e-01 8.909641638646647044e-01 1.002710559792623801e+00 1.045510987005284109e+00 1.114886518805591642e+00 1.187657799708075945e+00 1.260419604779456693e+00 1.272026077475814532e+00 1.326645838220184892e+00 1.386930002713072207e+00 1.420617741177871096e+00 1.450103332089425656e+00 1.528547365909118660e+00 1.665890679631323756e+00 1.694872395338032689e+00 1.735057579152091023e+00 1.900967958322858697e+00 1.948530481209711285e+00 2.628495781952508104e+00 2.674391631505114386e+00 2.834959526997234747e+00 3.680698683715978525e+00 5.262236103144724453e+00 5.315568096467839787e+00 5.351517669326804061e+00
5.515838998740950627e-01 5.781592784892037873e-01 6.262530092825600025e-01 6.904621806123277805e-01 8.184310546362283389e-01 8.650626624942271414e-01 9.083283918744846641e-01 1.035149961768871307e+00 1.050028696198330724e+00 1.129778196752580177e+00 1.179886746534668296e+00 1.241834138510172547e+00 1.279356432655404996e+00 1.327147220651708981e+00 1.389071775048014823e+00 1.424201466950363315e+00 1.451918355651202308e+00 1.519500086825411600e+00 1.632580241466997206e+00 1.669653093053452553e+00 1.720637301163272292e+00 1.891375111572814349e+00 1.949633208128121131e+00 2.632170889700185867e+00 2.680132191841667844e+00 2.843133487009297244e+00 3.680408242422473997e+00 5.250195754861242570e+00 5.325100717226493252e+00 5.350513569293562810e+00
5.500766298617997263e-01 5.857933024263533017e-01 6.127103178058823651e-01 6.762563867034527831e-01 8.130265044641858951e-01 8.631780434465681218e-01 9.245687002807857491e-01 1.042016539746536186e+00 1.065825505480976210e+00 1.149173393215303873e+00 1.177787619175226341e+00 1.226424871054574872e+00 1.290140270907355280e+00 1.327621933571266677e+00 1.393501485122166539e+00 1.426703634791888442e+00 1.451574901431339271e+00 1.511133495050320130e+00 1.584781224626816032e+00 1.655858121483972711e+00 1.714796185525009120e+00 1.883090308604153496e+00 1.950507687305872873e+00 2.634432834724757200e+00 2.681001748818775621e+00 2.851061739475181156e+00 3.679873883404633172e+00 5.239523767907505736e+00 5.334247298011875138e+00 5.348680718155634395e+00
5.495887508963979151e-01 5.837141968556959215e-01 6.094074136005890319e-01 6.681173564118295660e-01 8.050573961203187912e-01 8.624198026170307729e-01 9.337843911943936037e-01 1.046081139397533333e+00 1.068535966388745484e+00 1.162923493620293680e+00 1.188744817383475150e+00 1.215340745093481001e+00 1.301192155140990625e+00 1.327684369323225866e+00 1.400813440192676396e+00 1.426662546591550340e+00 1.449500727628302510e+00 1.504523245888579108e+00 1.543866052925977339e+00 1.648179710223504735e+00 1.711241904482043052e+00 1.877851038977617959e+00 1.950390104256054746e+00 2.635094017905451391e+00 2.676940131634317321e+00 2.857978850448157360e+00 3.679075097013050577e+00 5.230526958702369278e+00 5.341813039122339291e+00 5.346900483912272684e+00
5.437129819976901368e-01 5.804089798797050781e-01 6.169617182744997486e-01 6.644580133530327837e-01 7.999205323466698214e-01 8.581956988914634099e-01 9.367210117807288627e-01 1.046757155100409564e+00 1.067168335913758037e+00 1.165118157013355082e+00 1.200026539929862412e+00 1.208876005808276366e+00 1.309874850819586767e+00 1.327210895284650860e+00 1.408499045694678209e+00 1.423908726058544350e+00 1.445238695371061199e+00 1.504186801777732674e+00 1.525103521019227415e+00 1.644862607608714722e+00 1.708971385865110548e+00 1.876326918203315985e+00 1.948991831394894625e+00 2.633950928794531965e+00 2.668246173480342431e+00 2.863202777814461530e+00 3.678046923670058810e+00 5.223547679010704492e+00 5.341417693477939821e+00 5.351297441059999827e+00
5.455938782762558281e-01 5.855013069319939811e-01 6.037507717068216762e-01 6.642951008099058363e-01 8.268952141764447372e-01 8.631402585059994026e-01 9.292005285572749740e-01 1.033191579613231825e+00 1.063571443410810557e+00 1.168709452401808013e+00 1.204467518063661036e+00 1.236579808901293820e+00 1.310605741133025415e+00 1.318989989203248170e+00 1.392818835551257628e+00 1.420129035820212104e+00 1.453936112219631482e+00 1.504251594769282940e+00 1.513016225030724415e+00 1.644157930020079927e+00 1.712642593295480742e+00 1.871702053876254768e+00 1.953169661590204997e+00 2.636944692585537098e+00 2.678829340774627088e+00 2.846276023448872650e+00 3.679205368360696671e+00 5.221170341674732818e+00 5.340170895638195248e+00 5.346056442840330547e+00
5.188714467745471071e-01 5.794317509213247064e-01 5.932014379881033195e-01 6.839436569201632343e-01 8.316527190882434528e-01 8.788129181660701006e-01 9.232319459027193975e-01 1.007766165869224739e+00 1.057956419914639179e+00 1.150469096351248721e+00 1.215637659134088278e+00 1.254721634733109603e+00 1.298485215564570305e+00 1.312982253570795788e+00 1.382803509673015130e+00 1.415861307558515136e+00 1.465509203041734709e+00 1.504656136425906787e+00 1.529956332574261779e+00 1.644412312363799256e+00 1.714585951136308406e+00 1.869392272722061987e+00 1.954655057144348174e+00 2.636617265213638373e+00 2.685505835189746282e+00 2.830779513624754440e+00 3.680792196204845990e+00 5.219164356368785285e+00 5.331110183804284475e+00 5.344317203012928452e+00
4.709568974094442972e-01 5.550028985346593391e-01 6.034144987894417556e-01 7.069729798663975107e-01 8.227045569540447634e-01 8.892229872407487745e-01 9.202164083009217732e-01 9.759383979805614784e-01 1.051813665021677613e+00 1.127277910164936614e+00 1.216996518364765523e+00 1.247929458561082727e+00 1.289836213750291005e+00 1.309493252571280353e+00 1.379918204030682549e+00 1.416168566880440904e+00 1.473214384081992900e+00 1.520838918105372750e+00 1.557131864476406280e+00 1.644853885699640417e+00 1.714021774913595753e+00 1.870147120946883623e+00 1.953277357210761345e+00 2.632624474575121720e+00 2.685838488189934203e+00 2.819319253469388720e+00 3.682886582425295874e+00 5.217260252440777180e+00 5.320504051820830860e+00 5.340261835541499913e+00
4.169034976399534909e-01 5.217944602539952292e-01 6.188789555977263213e-01 7.267574497137844203e-01 8.052703884242061738e-01 8.730862780761181607e-01 9.176300269396340248e-01 9.566721539760388859e-01 1.048503006739422538e+00 1.103691048364849214e+00 1.198585604626998036e+00 1.226459661065986140e+00 1.287376703813469359e+00 1.308887396007791803e+00 1.384257251870647520e+00 1.421514389600336381e+00 1.477025121553544151e+00 1.546846798514234456e+00 1.589422813823645475e+00 1.644792578336149447e+00 1.710795796216309617e+00 1.873888401519156810e+00 1.949223307333978861e+00 2.624794363498376359e+00 2.677940860478569718e+00 2.814189709733652123e+00 3.685568338769114050e+00 5.215216406988407272e+00 5.309404729559242142e+00 5.333394116947627772e+00
3.614985919906447132e-01 4.840237693815286901e-01 6.338626645839924301e-01 7.361325135422450705e-01 7.800867387019650989e-01 8.378523772132024927e-01 9.135033975002277984e-01 9.508901478782819661e-01 1.051163909561455556e+00 1.082993565725136387e+00 1.166065412692316450e+00 1.202943775603132037e+00 1.283763428718999622e+00 1.309309800622707520e+00 1.392973819746434305e+00 1.430283000287049244e+00 1.479029419055537975e+00 1.575854923824496989e+00 1.620885143895392622e+00 1.645317815624198321e+00 1.706180618476947908e+00 1.879545327034191526e+00 1.942995509928353792e+00 2.613412866416141789e+00 2.662223229947646708e+00 2.815452556608102341e+00 3.688865241754410107e+00 5.212948310251246831e+00 5.298073120600409247e+00 5.324009173781021786e+00
3.066549534595846005e-01 4.433146781075015253e-01 6.372710609759932865e-01 7.089779926794558262e-01 7.748870526385432944e-01 8.123286107322562621e-01 9.090790280860681083e-01 9.395835344195938577e-01 1.052828626452122718e+00 1.075860729291014284e+00 1.131147628570455366e+00 1.178762812847435004e+00 1.270293552787383096e+00 1.316737245145347845e+00 1.401661629799751285e+00 1.440579858136523894e+00 1.479821190596303460e+00 1.603753410220670528e+00 1.633859751004702598e+00 1.656484639494572697e+00 1.706345092513197770e+00 1.885332153128160826e+00 1.935372134035279412e+00 2.599294442815755612e+00 2.641197206468914871e+00 2.821106028715189229e+00 3.692710838471616963e+00 5.210608386771671263e+00 5.286534465742121824e+00 5.312611397146615566e+00
2.530427455730520636e-01 3.994894394829794360e-01 5.902814842783860039e-01 6.986476578748002098e-01 7.731077330244285895e-01 8.099178032001979055e-01 9.046107067788280442e-01 9.190015617952067561e-01 1.044649432828548941e+00 1.084365343400452764e+00 1.104748433803878882e+00 1.155397344057600417e+00 1.251517195822555273e+00 1.327744829052379671e+00 1.407582921511882690e+00 1.449903785178949356e+00 1.480103282436261214e+00 1.623546822128661971e+00 1.635257012477446370e+00 1.662728227945433845e+00 1.724254484695175504e+00 1.889301764995520827e+00 1.927363995348342796e+00 2.583674348531673548e+00 2.617665679059166806e+00 2.828928890448249689e+00 3.696930200155663648e+00 5.208571033186205845e+00 5.274742474333501185e+00 5.299823585522863922e+00
2.000527772785163916e-01 3.509363439482068858e-01 5.079528764323509860e-01 7.128569582125021675e-01 7.647639292362212737e-01 8.243424011969195941e-01 8.855719576697823614e-01 9.085362674928383342e-01 1.031113970402202984e+00 1.074710132565944498e+00 1.110359423376831689e+00 1.136770279462283151e+00 1.232167096805015127e+00 1.339764363774368805e+00 1.409778147348311084e+00 1.454065406133994154e+00 1.482347532217283437e+00 1.622702700411873256e+00 1.639217106286008141e+00 1.668304831539416222e+00 1.753026309251516812e+00 1.890084565209019463e+00 1.919941336689496403e+00 2.567984423340483602e+00 2.593906971586013910e+00 2.837323837031682672e+00 3.701257877211692637e+00 5.207331439136566154e+00 5.262787530032646544e+00 5.286310594728384160e+00
1.454227476727576740e-01 2.960449180373995182e-01 4.155173546332716628e-01 7.311283107008453852e-01 7.633667234419595493e-01 8.352024835752297482e-01 8.605367360340759886e-01 9.106902026963895613e-01 1.008219575791470479e+00 1.072154663653315909e+00 1.107574262102608120e+00 1.135974074984471560e+00 1.217243457373096360e+00 1.351752901499037929e+00 1.408400165014815908e+00 1.449978482488538223e+00 1.488385313056384662e+00 1.617125830242487128e+00 1.629918644921953375e+00 1.684186755436775318e+00 1.781634717142027036e+00 1.887901029550297816e+00 1.913257676436788790e+00 2.553594491546850698e+00 2.571732798854173829e+00 2.845250927298669463e+00 3.705378412408471878e+00 5.207377136016382302e+00 5.251076689058943536e+00 5.272701017000582802e+00
8.357987837430096156e-02 2.344017624659164301e-01 3.188953621930748494e-01 7.469408612552899118e-01 7.724993787838642101e-01 8.171747325279077323e-01 8.635289719875584025e-01 9.165707019151324575e-01 9.822876739937825841e-01 1.077232241394168177e+00 1.097029294379721964e+00 1.137084158815234503e+00 1.213773497797804968e+00 1.363240688000095124e+00 1.404349980998830905e+00 1.439850420853531432e+00 1.495588442005705732e+00 1.611193274836360878e+00 1.618434309690193640e+00 1.699232045708141792e+00 1.806394773058012104e+00 1.884681447839998025e+00 1.906494747315428340e+00 2.541599366609567756e+00 2.552655532031298247e+00 2.852021564351105543e+00 3.708973252642645324e+00 5.209088008332069641e+00 5.240377778277702348e+00 5.259540968948847706e+00
-4.566986461448618168e-02 1.660570376109866686e-01 2.212304633909763507e-01 7.577241613721216185e-01 7.826680058371418003e-01 8.012614058687739238e-01 8.723236873454089935e-01 9.241396779797013128e-01 9.583306026949853784e-01 1.083435848678815372e+00 1.092794632115055231e+00 1.126667652992700663e+00 1.221364389099462544e+00 1.374220302344688838e+00 1.399154098998225182e+00 1.426639449831083706e+00 1.501614959904460367e+00 1.605951848273226013e+00 1.608997272179946147e+00 1.710578503748752865e+00 1.825648904703740305e+00 1.882518742051099148e+00 1.899169571004633017e+00 2.532714023863847697e+00 2.537960086901097423e+00 2.857167150726127147e+00 3.711760778982320375e+00 5.212676925490391078e+00 5.231687686148910998e+00 5.247308506660377070e+00
-7.045985851420902280e-02 8.859549893149362698e-02 1.264134439421654987e-01 7.647151389525295162e-01 7.725700540457759447e-01 8.120855334747520970e-01 8.774904484447827446e-01 9.304119970570507991e-01 9.400760577231056514e-01 1.088636896744431759e+00 1.095620821989282234e+00 1.111631569224784011e+00 1.230262296319048376e+00 1.385004675778173766e+00 1.394781886412912453e+00 1.412854116975383212e+00 1.505482697152806137e+00 1.602297423494911000e+00 1.603015003937275251e+00 1.717553304555955895e+00 1.838174421848965290e+00 1.882717246614918905e+00 1.891860039950139960e+00 2.527300368588476065e+00 2.528679619874733220e+00 2.860375532578693925e+00 3.713524018265250248e+00 5.218096182883907197e+00 5.225982024378500235e+00 5.236530220307688666e+00
-7.563444652294162916e-05 -2.148023707112644009e-05 -2.978297624570335187e-08 7.673300592595034830e-01 7.673516320141864355e-01 8.186727889402272140e-01 8.791124694734516742e-01 9.328087962535732691e-01 9.328148471683180842e-01 1.097573116205571520e+00 1.097607509061836017e+00 1.098225651736309594e+00 1.233876490200602083e+00 1.393013396280368799e+00 1.393041535527929975e+00 1.403535049811266422e+00 1.506805987233555522e+00 1.600978140881006873e+00 1.600984156716289908e+00 1.719902848907327142e+00 1.842618551125135395e+00 1.885924525086712267e+00 1.885925975494390672e+00 2.525495961361582165e+00 2.525495961624889762e+00 2.861464983199819123e+00 3.714127149538072103e+00 5.223523422304181985e+00 5.223523423426850165e+00 5.229756092391484756e+00
-1.650831812941974952e-01 -6.214680701655564410e-02 1.832274778735607790e-01 7.203856082521977733e-01 7.547697722979326285e-01 7.928667577928236732e-01 9.029842948552310178e-01 9.279177663287606626e-01 9.328787698321635569e-01 1.080598470005763811e+00 1.099545937495257641e+00 1.102364597737811591e+00 1.233840710343073743e+00 1.396577285130580659e+00 1.398092217173678931e+00 1.412431615880789693e+00 1.504788557301350416e+00 1.600890162522643267e+00 1.619188735668638524e+00 1.721455594404249556e+00 1.840197296780884839e+00 1.886014491942218596e+00 1.902033959683141706e+00 2.525183045135754423e+00 2.546701735396904809e+00 2.860384893644565718e+00 3.714187925329582640e+00 5.213487850496232312e+00 5.223974748885298780e+00 5.255613697689239139e+00
-1.961605490271547958e-01 -9.987857009363640404e-02 2.637187232935085390e-01 6.361704790140716437e-01 7.260309977780983193e-01 7.531213618804387666e-01 9.179571133359450963e-01 9.292197780679862795e-01 9.421758182061177322e-01 1.068674222052733880e+00 1.104990953628800954e+00 1.107091034588902456e+00 1.239601931396750567e+00 1.386081804607696588e+00 1.406863941067523216e+00 1.434570764239433860e+00 1.499493099956243247e+00 1.602072216087281564e+00 1.645885357099029722e+00 1.723728155761037328e+00 1.834748876672887441e+00 1.885881269690518280e+00 1.932354089604787495e+00 2.524603949052575125e+00 2.592177691531845962e+00 2.859656259659300925e+00 3.713786783711537254e+00 5.222764583063433719e+00 5.224864131182463289e+00 5.282384358432563154e+00
-1.130668771289944224e-01 -6.478875175647072493e-02 3.077474912042877930e-01 5.987668837412709610e-01 6.970976697320684368e-01 7.188102571558114828e-01 9.087558278263746514e-01 9.243456082225913750e-01 9.798385610988686878e-01 1.068342677592544199e+00 1.109152293524809929e+00 1.114838858515637909e+00 1.253744713502452202e+00 1.387311139984719777e+00 1.409534424364192962e+00 1.440834127930572528e+00 1.491854958744222248e+00 1.606796348046158895e+00 1.654902331081117062e+00 1.722568393306484147e+00 1.826137448360699356e+00 1.885256896788986003e+00 1.947097442792382616e+00 2.524489449769840910e+00 2.616834899477579413e+00 2.869438319734717080e+00 3.711278713781797745e+00 5.225300128827282897e+00 5.251248668447773049e+00 5.288712361019788588e+00
1.558528678784521504e-01 2.291268163847882955e-01 3.373859646009680358e-01 6.222665344212494620e-01 6.667628799318572330e-01 6.990588676895018727e-01 9.042331831285764787e-01 9.179005136194525738e-01 1.019461372120131992e+00 1.076138099844475837e+00 1.108482540814125006e+00 1.118970692533964195e+00 1.263507164360416102e+00 1.402536788466516082e+00 1.412186291827118190e+00 1.433330549472267013e+00 1.481651362952880246e+00 1.615376413195480865e+00 1.647166990872575898e+00 1.716991281608281739e+00 1.815653687164262120e+00 1.883916918676936891e+00 1.932616465422714702e+00 2.525132343143663860e+00 2.593294908209354599e+00 2.895410851371351679e+00 3.705414144762937845e+00 5.224958759964522415e+00 5.264769316410609967e+00 5.297412426930753426e+00
2.637435851474367876e-01 2.885336959069629281e-01 4.567736615941003220e-01 6.356460967226590375e-01 6.616073185048262362e-01 6.843440605000588040e-01 9.092715982871287794e-01 9.141856944309260102e-01 1.060418085270052879e+00 1.091708726767792736e+00 1.106115696875982213e+00 1.107642049451239785e+00 1.268654517802737969e+00 1.389368903683522616e+00 1.399733545660237333e+00 1.468669868723886607e+00 1.471104985942596644e+00 1.625025243159399002e+00 1.632213358962629535e+00 1.715246068446939942e+00 1.803253266487455431e+00 1.881559922338210900e+00 1.899834915015883308e+00 2.525988495999997863e+00 2.548245510411687675e+00 2.923115542504747033e+00 3.697174541654540736e+00 5.224498278764233561e+00 5.238560875298178487e+00 5.336747286392278689e+00
3.360038871947114703e-01 3.360094935918597758e-01 5.753316051988637270e-01 6.105448596371133574e-01 6.563385159910628541e-01 6.563535844368166838e-01 9.158898408748412656e-01 9.158978836730055084e-01 1.078136563331441033e+00 1.097851348139385230e+00 1.104744612401710846e+00 1.104780235914653908e+00 1.270209342462294444e+00 1.379604046544621099e+00 1.379630695386176997e+00 1.454367854827631090e+00 1.532641753070522084e+00 1.631412934477058041e+00 1.631421483487685009e+00 1.721372235042605947e+00 1.783677988419692939e+00 1.879231860223843587e+00 1.879233653023846706e+00 2.526202806058805983e+00 2.526202818542376161e+00 2.941485880302314726e+00 3.689289092227880928e+00 5.224903426893455993e+00 5.224903428999415844e+00 5.365361480790892479e+00
3.694348984219887333e-01 3.882702128722524404e-01 5.893413372927946980e-01 5.939805234285074897e-01 6.135550968422153195e-01 6.777263153585068034e-01 9.102848488379496894e-01 9.207637608515516492e-01 1.035960757064542159e+00 1.099356049497004051e+00 1.105703467223435599e+00 1.124451087796824789e+00 1.262342820898879614e+00 1.379348774902101615e+00 1.393714344597524857e+00 1.443062319377609315e+00 1.576319868545698721e+00 1.632770000275816313e+00 1.655067679492796762e+00 1.727251508285548631e+00 1.760134630678813483e+00 1.878213627909719907e+00 1.888500774998621567e+00 2.525408091493270835e+00 2.548102666125023230e+00 2.948647886771424531e+00 3.684349540469243234e+00 5.226437201166055146e+00 5.237944798976569949e+00 5.377233732370036989e+00
3.662446030990409440e-01 4.059515186490788019e-01 5.301247658869072676e-01 5.760352291574977190e-01 5.864613513357036512e-01 7.623278039595446920e-01 8.982056383130840871e-01 9.251903733582302891e-01 9.894619857086696113e-01 1.093823008127280838e+00 1.109348809655812396e+00 1.137623647600175536e+00 1.249307067677457361e+00 1.382637544788441586e+00 1.413682591012110912e+00 1.439051992691339876e+00 1.599536103456891123e+00 1.630958858420625157e+00 1.673779117449573750e+00 1.718007788403628666e+00 1.753729873616725055e+00 1.878337602323383315e+00 1.910801868531622150e+00 2.524140459316933871e+00 2.593552903102577467e+00 2.946769340836036921e+00 3.682838225639802232e+00 5.228256825663224028e+00 5.269361572424601903e+00 5.374684864397912598e+00
3.557550701882445932e-01 4.030872900913994306e-01 5.139091027294144798e-01 5.644776091059403589e-01 5.833379756124477122e-01 8.037449427117560052e-01 8.890959368959245879e-01 9.269502681133969801e-01 9.679072226588443240e-01 1.090255123425213357e+00 1.111586057187529786e+00 1.141084779191835930e+00 1.242368157907570048e+00 1.383769686712532865e+00 1.421586636871880804e+00 1.439175133120942807e+00 1.609092353700982470e+00 1.629673516053790294e+00 1.675212839399607967e+00 1.710527473377582153e+00 1.756310159825355877e+00 1.878572899771137505e+00 1.921142053895432689e+00 2.523517691489359116e+00 2.617051467582022450e+00 2.943835127512194116e+00 3.682803845517876429e+00 5.229068937611958567e+00 5.288415511133952585e+00 5.369044611109615062e+00
3.658172097036890835e-01 4.103144539609097086e-01 5.183848050817495556e-01 5.597594031637533885e-01 5.937063832069140457e-01 8.049422380111914688e-01 8.917805959009955652e-01 9.281806480031528084e-01 9.712507032299390053e-01 1.091747664794312733e+00 1.112800488348519856e+00 1.141272253542780390e+00 1.240915228938457737e+00 1.384356046685802699e+00 1.421260823943820695e+00 1.438333356795248319e+00 1.601008307850420698e+00 1.634249493947293796e+00 1.672509238413059096e+00 1.707892731465813219e+00 1.753172067911876075e+00 1.879859132153620216e+00 1.920669253315244740e+00 2.526506832505635902e+00 2.617507444827151364e+00 2.942936158291858284e+00 3.682440687919970923e+00 5.230434804133509807e+00 5.288542839033489429e+00 5.369196704657294816e+00
3.909035538655673547e-01 4.317824110394817838e-01 5.265479581593235370e-01 5.619935663100240619e-01 6.116254243722191175e-01 8.097940639736835866e-01 8.986618818089386895e-01 9.330867008554880604e-01 9.809511552825016523e-01 1.093125817927209864e+00 1.119781390018147249e+00 1.140719069206914682e+00 1.237952839552751039e+00 1.384738584674979789e+00 1.420784742305583492e+00 1.436279437163912043e+00 1.583705126271428343e+00 1.640574363647229639e+00 1.664453052608890093e+00 1.701096434408372549e+00 1.743781789024740014e+00 1.883362084870304987e+00 1.919465330575945927e+00 2.535136107710351361e+00 2.618897399298902418e+00 2.940208299720674656e+00 3.681454261463807054e+00 5.233780036693219451e+00 5.289435209476916810e+00 5.369581179936803395e+00
4.221287551687835093e-01 4.603387632122977746e-01 5.377352545580105225e-01 5.782322342908551294e-01 6.292734640004328250e-01 8.210202162064483833e-01 9.062063417911395691e-01 9.450058598612663951e-01 9.963554606278578474e-01 1.092209254857606116e+00 1.131390347801271234e+00 1.140554340898775276e+00 1.236777847426020038e+00 1.382107901304964415e+00 1.421123143749230877e+00 1.434176199588073963e+00 1.561007444928010690e+00 1.640642520954687100e+00 1.654564078506731040e+00 1.692316527827948835e+00 1.728701488540741682e+00 1.888153231373155938e+00 1.918154133445897580e+00 2.548457494400492962e+00 2.621280264318055053e+00 2.935564008495925581e+00 3.680113541446389913e+00 5.237095453488617380e+00 5.292448796378866227e+00 5.369982972044421210e+00
4.532371770849201731e-01 4.816654567290965527e-01 5.642629984897898909e-01 6.018777380298931945e-01 6.436095083302499908e-01 8.389139088187895776e-01 9.119829173480887841e-01 9.657628744321520298e-01 1.016933639496539366e+00 1.091661300815994551e+00 1.125444111512624135e+00 1.158463680249085304e+00 1.240309071181997069e+00 1.375415737446219921e+00 1.421818375172843485e+00 1.433429335360890455e+00 1.534325895060178357e+00 1.622930212992060861e+00 1.653426790743903529e+00 1.681094858086249477e+00 1.711269863798116075e+00 1.892685126166963494e+00 1.917911224216300559e+00 2.565077824224171188e+00 2.624744155127749945e+00 2.928876764862211157e+00 3.678754056615272994e+00 5.238292800215453404e+00 5.298788516472089150e+00 5.370053177909159814e+00
4.787961803306154396e-01 4.974695714828119009e-01 5.991497037891686528e-01 6.299845722016972349e-01 6.567823935352076203e-01 8.564570985511932300e-01 9.190185086020236094e-01 9.919545506553073544e-01 1.042656539505669278e+00 1.092657156907615557e+00 1.115262194592503642e+00 1.180235007087165444e+00 1.249329247988752112e+00 1.366130634227186835e+00 1.421845861062569272e+00 1.434345623664622815e+00 1.505670277320284578e+00 1.596319891760927367e+00 1.651241431880893451e+00 1.662259443500377465e+00 1.700418714787383045e+00 1.894600431278099739e+00 1.920588576372805889e+00 2.583324417048220578e+00 2.629438687631709293e+00 2.920013846751174480e+00 3.677668773063646590e+00 5.236863784673369437e+00 5.308050314015329896e+00 5.369344527837625947e+00
5.007703654943688187e-01 5.122344752565920478e-01 6.214812644277555309e-01 6.632076298719586926e-01 6.761485563903041340e-01 8.636719964631760504e-01 9.305042480988597875e-01 1.017648007890289419e+00 1.073639407875292440e+00 1.088049557673596235e+00 1.117195333518395062e+00 1.198777694294273388e+00 1.262998392926930613e+00 1.356149488873840347e+00 1.422165520185447507e+00 1.435046579028872449e+00 1.478012713876263096e+00 1.566083238607685280e+00 1.626927265152743995e+00 1.653393501160715262e+00 1.698328953344338199e+00 1.892702882864593983e+00 1.926748230438396714e+00 2.601271533509835532e+00 2.635718695679930335e+00 2.908885150512123818e+00 3.677036970884209666e+00 5.233744013016602636e+00 5.318497536483068444e+00 5.367383770746068983e+00
5.235377308302183730e-01 5.266670106061571710e-01 6.273111941763183097e-01 6.807238665111511322e-01 7.148750090846650584e-01 8.619369046285719760e-01 9.402946038349895286e-01 1.037655993141074040e+00 1.077483873258204383e+00 1.108533820675572601e+00 1.136954362149138476e+00 1.209866615385039035e+00 1.279711080463322714e+00 1.346538461577834633e+00 1.423465183281481528e+00 1.433109951471398968e+00 1.455564474761704030e+00 1.536279952354701051e+00 1.591568942671887754e+00 1.649900545964898546e+00 1.700507828511206077e+00 1.888117804811653144e+00 1.934652540899041151e+00 2.616616569155600036e+00 2.644360507431551710e+00 2.895508556652266474e+00 3.676913112969545594e+00 5.230052304475716340e+00 5.328362690925877665e+00 5.363776773230601869e+00
5.343931043410834469e-01 5.550024184273675276e-01 6.252399156269726754e-01 6.779614603278438789e-01 7.596886124931960804e-01 8.588515564374329392e-01 9.420190357807982640e-01 1.048320121557257734e+00 1.070457570986522722e+00 1.140441722054701401e+00 1.168373827045102731e+00 1.211252912886876976e+00 1.296797203917063213e+00 1.337140660998078712e+00 1.422475464396398381e+00 1.426807266506472160e+00 1.444065593244424406e+00 1.513379274782517880e+00 1.555674689449971115e+00 1.646874108409191795e+00 1.704514913780747376e+00 1.882248843825823137e+00 1.942494475848707713e+00 2.627445355552793238e+00 2.655789325425855996e+00 2.880098929956312226e+00 3.677266979582804574e+00 5.226536301199733003e+00 5.336347322989136721e+00 5.358332688995567139e+00
5.437129819976880274e-01 5.804089798797056332e-01 6.169617182745005257e-01 6.644580133530318955e-01 7.999205323466694884e-01 8.581956988914636320e-01 9.367210117807290848e-01 1.046757155100409342e+00 1.067168335913758259e+00 1.165118157013355082e+00 1.200026539929862635e+00 1.208876005808276366e+00 1.309874850819586323e+00 1.327210895284650638e+00 1.408499045694677765e+00 1.423908726058544350e+00 1.445238695371061199e+00 1.504186801777733118e+00 1.525103521019227193e+00 1.644862607608714722e+00 1.708971385865110326e+00 1.876326918203315541e+00 1.948991831394893959e+00 2.633950928794532409e+00 2.668246173480341987e+00 2.863202777814461530e+00 3.678046923670058366e+00 5.223547679010704492e+00 5.341417693477938933e+00 5.351297441059998050e+00
5.336444246922910084e-01 5.917863511370828888e-01 6.137219663518348467e-01 6.858452078179436695e-01 7.726314052619228656e-01 8.657355319879653788e-01 9.256134034126889398e-01 1.021861550889215486e+00 1.067368202088083473e+00 1.171100928932352625e+00 1.202034998020281575e+00 1.237063153850323838e+00 1.311931947044386426e+00 1.328657302938083040e+00 1.396422822790888363e+00 1.419283693856506323e+00 1.431519533928654386e+00 1.513822180992707267e+00 1.542260965459438804e+00 1.639990845224101434e+00 1.709060063773677918e+00 1.873013693932595647e+00 1.945431086864796599e+00 2.601161348898017867e+00 2.674061702037934474e+00 2.856934427117595376e+00 3.675546847184523180e+00 5.219657504600438536e+00 5.321816891268284166e+00 5.351366070642868955e+00
5.099635546482849113e-01 5.863396708537746971e-01 6.432876038686199394e-01 7.206081369265492365e-01 7.698243675965477095e-01 8.851024588017282202e-01 9.159285615241533618e-01 9.871342303615572300e-01 1.072644217685650103e+00 1.180441769681945363e+00 1.212497699120673511e+00 1.238691274068365322e+00 1.308720424865274845e+00 1.330176109157471309e+00 1.374784004695536188e+00 1.402550014006001877e+00 1.429738063148829896e+00 1.511126484994933294e+00 1.565250172402435247e+00 1.638071141473186998e+00 1.715624903971335602e+00 1.876372089654046338e+00 1.944241293438092377e+00 2.609275588756784447e+00 2.679041904787040185e+00 2.845058422192634495e+00 3.675881536335803723e+00 5.237017012724088261e+00 5.289857068665750006e+00 5.360048755976362322e+00
5.025964452781908065e-01 5.988895786444641267e-01 6.825590661802398706e-01 7.293961350042937886e-01 7.805122232426616735e-01 9.097050613222094073e-01 9.219789558300609533e-01 9.657682669082687799e-01 1.084672896809385723e+00 1.179393553924280358e+00 1.215777519470248036e+00 1.234023525127617704e+00 1.305749094838741797e+00 1.332158701385472099e+00 1.357365586078047803e+00 1.402071663960407388e+00 1.423285202301468599e+00 1.508072328808649942e+00 1.558981615741806381e+00 1.638611849780190477e+00 1.731400470282077775e+00 1.890115149592628496e+00 1.945539055277129226e+00 2.646129602378624046e+00 2.684627516164033612e+00 2.837652182532963696e+00 3.678353918840277625e+00 5.258733629637784013e+00 5.260956352200611086e+00 5.375521820713181853e+00
5.037033289893015908e-01 6.107804045977051066e-01 6.907788854603227335e-01 7.330463479375467495e-01 7.720745819105909735e-01 9.212643578539788658e-01 9.259697319523851888e-01 9.713399885606505135e-01 1.092038933031577397e+00 1.176633623619632862e+00 1.206591770320161183e+00 1.241141370182407888e+00 1.304974535838759220e+00 1.340266453529239676e+00 1.348353672503024958e+00 1.405833640183922428e+00 1.415163084019315232e+00 1.508175118229839740e+00 1.551306507305894922e+00 1.637479195736148752e+00 1.739872933124585019e+00 1.897795890336925417e+00 1.948122755222818858e+00 2.660907939025865421e+00 2.693469155721865516e+00 2.835759056914092469e+00 3.679842337040160505e+00 5.248671309976373323e+00 5.267864775434349056e+00 5.383720987794085033e+00
5.060888473370125373e-01 6.111302505618617653e-01 6.869570172065582181e-01 7.300688037077079917e-01 7.721280027573432791e-01 9.201392332040588817e-01 9.303162066036251288e-01 9.702012605678246304e-01 1.082878174411295191e+00 1.179462106638391017e+00 1.209305950832879395e+00 1.234428184913975102e+00 1.300369499841241616e+00 1.340073136948057186e+00 1.348744538645550772e+00 1.407386912540513846e+00 1.417633807582275862e+00 1.508969003284081900e+00 1.563205452957727060e+00 1.639048405346218651e+00 1.739280513625223623e+00 1.897474945502609867e+00 1.948426591916972539e+00 2.659074601819443551e+00 2.692072991037638641e+00 2.835271768055408703e+00 3.679751886864754962e+00 5.248949872530147331e+00 5.269406694469251029e+00 5.382940032679721654e+00
5.130114357511308398e-01 6.118693159505539381e-01 6.784180217675039870e-01 7.209278563849964572e-01 7.720949137050580058e-01 9.166323726466907296e-01 9.409322587308845964e-01 9.671064174442767225e-01 1.059271117233770987e+00 1.183720682897706933e+00 1.214865081738614405e+00 1.222395738300129153e+00 1.290123259193691974e+00 1.338083451385947198e+00 1.350387347456683873e+00 1.411755601165528562e+00 1.420897636738633674e+00 1.511722447752905651e+00 1.595813121860383044e+00 1.643703848437798598e+00 1.737695989674527874e+00 1.896888147685009018e+00 1.948978953393761593e+00 2.653611539685551080e+00 2.687908103324865738e+00 2.833891625367958689e+00 3.679520299749589274e+00 5.249904576821213809e+00 5.273686706058205331e+00 5.380624003623132090e+00
5.238579016889582940e-01 6.123787042572912398e-01 6.702653133537119778e-01 7.062325892908964953e-01 7.718761621185491473e-01 9.096167649368128716e-01 9.504928170813402577e-01 9.631333847172740548e-01 1.030862258222362327e+00 1.179182982241717470e+00 1.210122307621313231e+00 1.231387829954792679e+00 1.278321720817741758e+00 1.336027061129416049e+00 1.351044245390627729e+00 1.415452357300209796e+00 1.422739434648962575e+00 1.517710313112083487e+00 1.639352770361341749e+00 1.653171007968351702e+00 1.735789877520578228e+00 1.896794079149288992e+00 1.949059105846686624e+00 2.644655532198609382e+00 2.681050178495474334e+00 2.831839589004224500e+00 3.679252285352788920e+00 5.251669455919255824e+00 5.279933169861791953e+00 5.376862298323576539e+00
5.378019749051733411e-01 6.126411980336324836e-01 6.640423166238237362e-01 6.885306247983677963e-01 7.722913766583735518e-01 8.965474117886939043e-01 9.460586903043026741e-01 9.558746013712472456e-01 1.018594912662022844e+00 1.163812845072150548e+00 1.214895478468092538e+00 1.243561728975252301e+00 1.266482807234744490e+00 1.335107504871275941e+00 1.351477635529340748e+00 1.414383212260129863e+00 1.424662346664844259e+00 1.528219885076122164e+00 1.656781022496997879e+00 1.694015825105797735e+00 1.736454069066678096e+00 1.897746811395607081e+00 1.948169067636614127e+00 2.632501864991853679e+00 2.671648552588330450e+00 2.829412671808594126e+00 3.679080061246570832e+00 5.254166407645452175e+00 5.287288487763415645e+00 5.371832126186125045e+00
5.538121141424031668e-01 6.127677410312007966e-01 6.539934721658730021e-01 6.749589025113420515e-01 7.748508892090673061e-01 8.740546950962864159e-01 9.180915255477769543e-01 9.567274685728002215e-01 1.029002658061028530e+00 1.147144210251431984e+00 1.222993689826727071e+00 1.246854444250626415e+00 1.259453500673244575e+00 1.336299529517052331e+00 1.354148937194246338e+00 1.410472483637853047e+00 1.425492988283013851e+00 1.543024433425466357e+00 1.665658424657072256e+00 1.718577361830789352e+00 1.763785086954207104e+00 1.899872540619897077e+00 1.946300151840394177e+00 2.617657114360480097e+00 2.659969597404169050e+00 2.826907597708125941e+00 3.679118794060925346e+00 5.257137514998554195e+00 5.294918828622543039e+00 5.365838624719703631e+00
5.702181406041596512e-01 6.087552583391756533e-01 6.391521795453105614e-01 6.707123134004778775e-01 7.795241859611292679e-01 8.413871560165742114e-01 8.958559133525088036e-01 9.605427624295693745e-01 1.045781176006936208e+00 1.131902441416122951e+00 1.229770325922615593e+00 1.234165688159511332e+00 1.261445388898255748e+00 1.339913624052589514e+00 1.360471746704803309e+00 1.405701042866427830e+00 1.427157708540941705e+00 1.560461735902497038e+00 1.673138523576010339e+00 1.717290876550986223e+00 1.815223697032355199e+00 1.902962608033613945e+00 1.943919932198701295e+00 2.600859759622603296e+00 2.646446412319636732e+00 2.824562491641867013e+00 3.679432425457854094e+00 5.260256530480372561e+00 5.302014135203574341e+00 5.359377243627603704e+00
5.804600835573159312e-01 5.993203523812936639e-01 6.285208172403655702e-01 6.730374875294370396e-01 7.783701513095863112e-01 8.130484317467332467e-01 8.854851482118524242e-01 9.664981663842450166e-01 1.062182619707038089e+00 1.118526720373441696e+00 1.213916992642233073e+00 1.236386239926440034e+00 1.261115660016099760e+00 1.343584316105406185e+00 1.369408289888558894e+00 1.402042114900325709e+00 1.433324380357139161e+00 1.578681643572227511e+00 1.678329457363875177e+00 1.711840233666588329e+00 1.865338519654776261e+00 1.906758878206652463e+00 1.941974412881513512e+00 2.583067693041873003e+00 2.631708075070112951e+00 2.822535278714874085e+00 3.680021247752585101e+00 5.263224657705991127e+00 5.307702703102714636e+00 5.353243784074784628e+00
5.681653148045466839e-01 6.033458058770513333e-01 6.208133739506176418e-01 6.797678240031009844e-01 7.570889428825087197e-01 8.088461588739852548e-01 8.860875659407356775e-01 9.751059141884610426e-01 1.075321135744940593e+00 1.107635140577266419e+00 1.190687328100410003e+00 1.239636354515240013e+00 1.258946644407006765e+00 1.344523347510821587e+00 1.375554973623617894e+00 1.404884742645857720e+00 1.445089731205792205e+00 1.596266191484226438e+00 1.680348465282537118e+00 1.704457562621489286e+00 1.904145855446891522e+00 1.913813909501839383e+00 1.943353178908094447e+00 2.565432854558534093e+00 2.616567538279113592e+00 2.820915289673068482e+00 3.680832182170881151e+00 5.265836138317984805e+00 5.310901513308828648e+00 5.348659170602688029e+00
5.533644452886844478e-01 5.943460468370355132e-01 6.288474739080557319e-01 6.852930439026740927e-01 7.330062584362653233e-01 8.143964878721461353e-01 8.939174239945730793e-01 9.880508531247605974e-01 1.081438143924247308e+00 1.101947322322593958e+00 1.163846390891807969e+00 1.241446571157423628e+00 1.256369213047988653e+00 1.342977768124454130e+00 1.374714713465320148e+00 1.417213015887255789e+00 1.459919309497196505e+00 1.612224880998858856e+00 1.678296726506942838e+00 1.696462322530517541e+00 1.912209239440540332e+00 1.927693590308437122e+00 1.961293122225042929e+00 2.549287080754376156e+00 2.601955895508817118e+00 2.819750170721558202e+00 3.681783166552396125e+00 5.267999252619420147e+00 5.310620944237854246e+00 5.346901874755836559e+00
5.450376105039085317e-01 5.806900067120491782e-01 6.419234515644237637e-01 6.869520510215116893e-01 7.142749976919902100e-01 8.217355621489110806e-01 9.027076253074730605e-01 1.007130654619167398e+00 1.078627007980828001e+00 1.103139948074012944e+00 1.134420615082602390e+00 1.242679225175375990e+00 1.253986058732144082e+00 1.340765623378801674e+00 1.371718259138554830e+00 1.431983959909133297e+00 1.473927151837136407e+00 1.625883199626386499e+00 1.671033404763772046e+00 1.690574697657765801e+00 1.915813476109922586e+00 1.928608864471509143e+00 1.986757927993274997e+00 2.536122854060433252e+00 2.588805534513933804e+00 2.819070384730417711e+00 3.682788475941810358e+00 5.269692711258205264e+00 5.307194131744766175e+00 5.348016603224489351e+00
5.450277506453111709e-01 5.708247185395101120e-01 6.529997727249824413e-01 6.861729820518114309e-01 7.020454156442200722e-01 8.267276520353101787e-01 9.086700192096035522e-01 1.032119327927163654e+00 1.074316181249213464e+00 1.101528949300436766e+00 1.106684471214033794e+00 1.243740631726585111e+00 1.252148762431923634e+00 1.339441712046923527e+00 1.369667924499375689e+00 1.443656818889947457e+00 1.483312736758728656e+00 1.636887188730740794e+00 1.659650405336498658e+00 1.688495038774144641e+00 1.918861810600094087e+00 1.926864871486497988e+00 2.003095987851110760e+00 2.527464313136920548e+00 2.577919206772183891e+00 2.818901707094208842e+00 3.683773747436492219e+00 5.270865160296081875e+00 5.302220306236675285e+00 5.350836465855743462e+00
5.526752210792236220e-01 5.673862933205250370e-01 6.573907245736421157e-01 6.862601849828365852e-01 6.985005240936890125e-01 8.254789765407712920e-01 9.113304317661853338e-01 1.057857517915436363e+00 1.073883299818370052e+00 1.074015639344316098e+00 1.104057233778475533e+00 1.244232407362219295e+00 1.251314999183452237e+00 1.340006746249128300e+00 1.369518843394330831e+00 1.449254655229476718e+00 1.484997087154866335e+00 1.642378775080481912e+00 1.650262596430563500e+00 1.689910858175310393e+00 1.920430973854198919e+00 1.924945979157858478e+00 2.006883100228909811e+00 2.524497978393624553e+00 2.569895172734153466e+00 2.819264453728914432e+00 3.684676598715141083e+00 5.271354421025678860e+00 5.297132502895008699e+00 5.354371490725035265e+00
5.258187974180946744e-01 5.735297789465658713e-01 6.532765511998911423e-01 6.748811306843149893e-01 7.344049715840884618e-01 7.923065737288508270e-01 9.139581197624477849e-01 1.042200800446431375e+00 1.052650124982121849e+00 1.105504350958085080e+00 1.113946649650417786e+00 1.238968771186313766e+00 1.252339771196970375e+00 1.325519416504315595e+00 1.368713526460275887e+00 1.447364429500751060e+00 1.484836721453229647e+00 1.646757902016965813e+00 1.652503490201223446e+00 1.708242208204367785e+00 1.925005526475446205e+00 1.929528523094981463e+00 2.003371989367553230e+00 2.524785421369992733e+00 2.612633791204520328e+00 2.813718085323384077e+00 3.682705603105183911e+00 5.269143731775539408e+00 5.324920892325781807e+00 5.343419221766451344e+00
5.467214559531085039e-01 5.756393902286068842e-01 6.507983214234644986e-01 6.557846407834677649e-01 7.474284190984120668e-01 7.735127672606314508e-01 9.158343235285183459e-01 1.011141710552661221e+00 1.046005364379034130e+00 1.097326040074558140e+00 1.143261602032967783e+00 1.234540263809219107e+00 1.248505523550040852e+00 1.321182591367634496e+00 1.372166869495229813e+00 1.456256703725746782e+00 1.484275465956673257e+00 1.645352019564415791e+00 1.655015625306295535e+00 1.715048113889345416e+00 1.924457275713089333e+00 1.930128819758003988e+00 1.986200772727037211e+00 2.525184629878752585e+00 2.615703377997894208e+00 2.812951033090300701e+00 3.683515281997994162e+00 5.268437787127347782e+00 5.321482045181499032e+00 5.352674945032944720e+00
5.727475767883621893e-01 5.732041186773353392e-01 6.351363187212569761e-01 6.510941835315637860e-01 7.338245039259748692e-01 8.127303217261284685e-01 9.093119669835614260e-01 9.846706427028018016e-01 1.032874237444005860e+00 1.086333247663825663e+00 1.168400374696925148e+00 1.233358238247286964e+00 1.250020754510648979e+00 1.329800806150921666e+00 1.375957021010661085e+00 1.463169574336700807e+00 1.489776992487420015e+00 1.630071546149867379e+00 1.657075684129475812e+00 1.703077658793879179e+00 1.914489478560465363e+00 1.928330673625489711e+00 1.964347232969252621e+00 2.525505809565415039e+00 2.579488593505673943e+00 2.818377588998266958e+00 3.685548830898941919e+00 5.269339462945433539e+00 5.297670928054846406e+00 5.368922643070471956e+00
5.671765455628814401e-01 5.696686711505930534e-01 6.423392479569299818e-01 6.501770481509671074e-01 7.346489452607709580e-01 8.494738134338781776e-01 8.933840988445523879e-01 9.651784074618541265e-01 1.021275678211450488e+00 1.080314871649481478e+00 1.188792634527616299e+00 1.235653570747306862e+00 1.246750400339128317e+00 1.351016218793238854e+00 1.377083227155929235e+00 1.459562521472262286e+00 1.500818726321577756e+00 1.610861321164789306e+00 1.658147173962972509e+00 1.682169706412960153e+00 1.904581101274209320e+00 1.926678194071180794e+00 1.948759168918291262e+00 2.525577620567642345e+00 2.548302219882444763e+00 2.824051561874145744e+00 3.685430290241821893e+00 5.270422461387940238e+00 5.277858099263167624e+00 5.377817698247631562e+00
5.467361342138433722e-01 5.601335382409906583e-01 6.321569353952020132e-01 6.458078459414648975e-01 7.521669096023384515e-01 8.729296694896423459e-01 8.764434038298084539e-01 9.588034658027231316e-01 1.018264951175944955e+00 1.079809774183076332e+00 1.194007833137316732e+00 1.239800216676218314e+00 1.241281518403708262e+00 1.361267745468331958e+00 1.376547491008685009e+00 1.449186882714439850e+00 1.499941436941657935e+00 1.618949486770159929e+00 1.658219081772644543e+00 1.676156410477149139e+00 1.904997139154720021e+00 1.926350701866647031e+00 1.937638782277581795e+00 2.525432401125387916e+00 2.554899882888810758e+00 2.829044159272319447e+00 3.682759742912072642e+00 5.269970484823719659e+00 5.276550579720981737e+00 5.378633366634288038e+00
5.373822113101580644e-01 5.496772564898368962e-01 6.367525840162969741e-01 6.443789284309506815e-01 7.729923851004282254e-01 8.603777518186832562e-01 8.910881403645128929e-01 9.644663535835982238e-01 1.010168479118920937e+00 1.078353762344534950e+00 1.193715447082681402e+00 1.242751818722458657e+00 1.252827017095918594e+00 1.368948604454339080e+00 1.378123761714804774e+00 1.438107615301107645e+00 1.492283150588164631e+00 1.609974125045788185e+00 1.655993815951665171e+00 1.678351288909046612e+00 1.896858453094349972e+00 1.913022007825160742e+00 1.924245973577042967e+00 2.525356530374757380e+00 2.571754879900713053e+00 2.836027469322132788e+00 3.680258984187664950e+00 5.267707152111070101e+00 5.277835561692815425e+00 5.378508326254274330e+00
5.307060606694908866e-01 5.371217016993474758e-01 6.261360186632130009e-01 6.473348116711002964e-01 8.073739333777275595e-01 8.478411064958655263e-01 9.080818337903009407e-01 9.649659243520838370e-01 1.004375944313917968e+00 1.081079020103698607e+00 1.181010507379379071e+00 1.253925493632180421e+00 1.265278857610979912e+00 1.367544145633742270e+00 1.380305184578998867e+00 1.433405003898174268e+00 1.483963451359875396e+00 1.600969890138894680e+00 1.653399374701182367e+00 1.677367376361343476e+00 1.863603447026050075e+00 1.910358514168942756e+00 1.921630216091021470e+00 2.525261193676190619e+00 2.588191555414193434e+00 2.845147048695314318e+00 3.677586011702022262e+00 5.264941247586996553e+00 5.279303329505237841e+00 5.378351095129256798e+00
5.229881671848544133e-01 5.285815525614014909e-01 6.143053216624195789e-01 6.428275087937316279e-01 8.347681912552508132e-01 8.504588755502789921e-01 9.251960827768885842e-01 9.626146551164579401e-01 1.000276420851204717e+00 1.087694094134746603e+00 1.162246966431511819e+00 1.267143625847281907e+00 1.278002050691929847e+00 1.352091562679055503e+00 1.383215598974402827e+00 1.439997026829190174e+00 1.475678672742205988e+00 1.590214042109369119e+00 1.650577437001780279e+00 1.672512380088428730e+00 1.828928136973643648e+00 1.910536658482858252e+00 1.918551402029387454e+00 2.525147296580166678e+00 2.602554535293968740e+00 2.856197931191494455e+00 3.675032973931721347e+00 5.261758510742800432e+00 5.280824849661140519e+00 5.378173279875039903e+00
5.077605520323399402e-01 5.316984995206873732e-01 6.016171134607183335e-01 6.338818039397806636e-01 8.202303071765396636e-01 8.953082464154440423e-01 9.362312624073639844e-01 9.651981484857183879e-01 9.967900622240849495e-01 1.096650020030119688e+00 1.140659690939243687e+00 1.279551007843471977e+00 1.290564198696994680e+00 1.328495690395230078e+00 1.386976098326996309e+00 1.451203769333505589e+00 1.469569659308303855e+00 1.574188272120926158e+00 1.647665446418538959e+00 1.664957398168820157e+00 1.800796584873357142e+00 1.910728062146644035e+00 1.915064303625983788e+00 2.525015893268766742e+00 2.613928004082453516e+00 2.868666513557097009e+00 3.672873036404636693e+00 5.258257024630387910e+00 5.282264300150933956e+00 5.377982815377829517e+00
4.918104146718161873e-01 5.392751557635525606e-01 5.885083416959496772e-01 6.226428752252413101e-01 8.034024949104376923e-01 9.343389085331627042e-01 9.356045623307908121e-01 9.798036812620246616e-01 9.927598600612967950e-01 1.106372111429007488e+00 1.118710438058722278e+00 1.283828821478403048e+00 1.302705295609386971e+00 1.308670380188780236e+00 1.391657918670923699e+00 1.452053649059896534e+00 1.474918966741095128e+00 1.551359672442128135e+00 1.644785703080670514e+00 1.658951910116859052e+00 1.781910132875769825e+00 1.910812063864645083e+00 1.911231162020966767e+00 2.524868382347794427e+00 2.622069632491572211e+00 2.881783147773405496e+00 3.671329999428475599e+00 5.254543974221325797e+00 5.283507097622648807e+00 5.377769783759481115e+00
4.753642716529690726e-01 5.487959197951168822e-01 5.755465671594425237e-01 6.110616031909019696e-01 7.838614846224051247e-01 9.313663215035919984e-01 9.573194935758314594e-01 9.884355368492641070e-01 9.991247800321350070e-01 1.099920185718325838e+00 1.115739138345961612e+00 1.263026906184810505e+00 1.310043245447851445e+00 1.314320500450819384e+00 1.397227224248302591e+00 1.444356029738269154e+00 1.481388303747682711e+00 1.533939239462394077e+00 1.642038336115806407e+00 1.657716203498245111e+00 1.770479472780410513e+00 1.907124171029857873e+00 1.910935534998437157e+00 2.524706813719697962e+00 2.627204313693979554e+00 2.894685187879233457e+00 3.670554784866927545e+00 5.250732187120672023e+00 5.284487811879498231e+00 5.377494783987130766e+00
4.585261372206330122e-01 5.548510286612534648e-01 5.634411016634218727e-01 6.027126919006959849e-01 7.617175684296872973e-01 9.277379226089903508e-01 9.530422948116209492e-01 9.868500452829932490e-01 1.018899216515466888e+00 1.086649780963480527e+00 1.124049355997517985e+00 1.236467592249502756e+00 1.307316009676048552e+00 1.325425974700967569e+00 1.403508886338487915e+00 1.438194142699390721e+00 1.475676215196244812e+00 1.540874765201174279e+00 1.639498444648245679e+00 1.660947450429678174e+00 1.763170115333432042e+00 1.902829661631908031e+00 1.911304561569453941e+00 2.524534246676628957e+00 2.629790327301396058e+00 2.906600227467626585e+00 3.670610614877437783e+00 5.246936589567617659e+00 5.285206044232441336e+00 5.377089038289403433e+00
4.413633947923131240e-01 5.498074735510793953e-01 5.529969619521353241e-01 6.024733348035817837e-01 7.375102105044385459e-01 9.254766933862943468e-01 9.292157825260493054e-01 9.819482924451525818e-01 1.037818798180643931e+00 1.073774834222712027e+00 1.130903854612814952e+00 1.211911464471116417e+00 1.287715347274248412e+00 1.336087393993303118e+00 1.410193990118245422e+00 1.438989913518546437e+00 1.477337540538326444e+00 1.561218534612222486e+00 1.637216848696548155e+00 1.667341487697320934e+00 1.757496993089238568e+00 1.898453149820853669e+00 1.912088817904512350e+00 2.524355065026842926e+00 2.630347742859914906e+00 2.916969806756257277e+00 3.671467179598871144e+00 5.243270703131932997e+00 5.285721924178706566e+00 5.376471414751067712e+00
4.240439887982551115e-01 5.339580177080193168e-01 5.450113500665699773e-01 6.064519416187731382e-01 7.120031323499447229e-01 8.969264149805371567e-01 9.244722679042973734e-01 9.716632349485966325e-01 1.054011497961666155e+00 1.055251901740370757e+00 1.136122993920091417e+00 1.188632082021039871e+00 1.262848468752882036e+00 1.346324223929307173e+00 1.416890366559035996e+00 1.438674666079620801e+00 1.497165040636489364e+00 1.585544098556030068e+00 1.635223464583836606e+00 1.675983024557894385e+00 1.752123051731750758e+00 1.894123762582269332e+00 1.913350011111257798e+00 2.524175141107584341e+00 2.629374859591844693e+00 2.925493315823508134e+00 3.673003351717019527e+00 5.239843293757493470e+00 5.286131429282251659e+00 5.375579323890629979e+00
4.069728043818777730e-01 5.117955620034508879e-01 5.401519636566378679e-01 6.058480443069682586e-01 6.860273256070206216e-01 8.633715651713633754e-01 9.243888051802893191e-01 9.569719650694167301e-01 1.028553033240746206e+00 1.070814911586310370e+00 1.139691104944432265e+00 1.164045494966734262e+00 1.246791577757398350e+00 1.356028716667038170e+00 1.423190768299920750e+00 1.435516920587193601e+00 1.525746422046174500e+00 1.610900989633607061e+00 1.633532325260518725e+00 1.686390919267759525e+00 1.746644818675699762e+00 1.889995914578841640e+00 1.915005682813760268e+00 2.524001754361562710e+00 2.627334166663176873e+00 2.932111307719794446e+00 3.675018215884585437e+00 5.236755266801165654e+00 5.286529917350624608e+00 5.374403257662832445e+00
3.908556154089978807e-01 4.855939686293533897e-01 5.388745471080530480e-01 5.946921970942560254e-01 6.604064830487708093e-01 8.350688525808896978e-01 9.248648472533517184e-01 9.386134103566853293e-01 1.004631168556126886e+00 1.084258804840486201e+00 1.139829533535332340e+00 1.141717490488467046e+00 1.240488691892750461e+00 1.364932057359219186e+00 1.428732491123504866e+00 1.431614951396837920e+00 1.553556808902969877e+00 1.632147410781326080e+00 1.634709012940116057e+00 1.698045696805180249e+00 1.741674976731311997e+00 1.886245959107716974e+00 1.916844110532069712e+00 2.523843212322144147e+00 2.624675555163952012e+00 2.936953593997264189e+00 3.677250736855245616e+00 5.234096881743345975e+00 5.286975980474140080e+00 5.373012452792137239e+00
3.766543546686841881e-01 4.574378381644154667e-01 5.413963786775030096e-01 5.720061956607178644e-01 6.359408656287851569e-01 8.165543862293843658e-01 9.193100717095099572e-01 9.255803883191793258e-01 9.870785127012311477e-01 1.095392522844925942e+00 1.119081027497808245e+00 1.142418739015373941e+00 1.239486331963149723e+00 1.372624749260428212e+00 1.427792253745986173e+00 1.433236677641696710e+00 1.576732936283382402e+00 1.631068406238605828e+00 1.653843637335386862e+00 1.708487868170971424e+00 1.739817789235079237e+00 1.883062051399136516e+00 1.918587127967234851e+00 2.523708184843539648e+00 2.621863434098351320e+00 2.940270094266408840e+00 3.679408258476482008e+00 5.231945340529174260e+00 5.287467402105506586e+00 5.371561075532933494e+00
3.654492158919174227e-01 4.307340647079426210e-01 5.443281983183531070e-01 5.476668353928418886e-01 6.134514805471457111e-01 8.075395557081165299e-01 9.031242462880774147e-01 9.262785610469884690e-01 9.759237482842062494e-01 1.103389157137759202e+00 1.103979087668221171e+00 1.142144476932700936e+00 1.240544090138509636e+00 1.378620633797763784e+00 1.424553895902060496e+00 1.436524997950731297e+00 1.594154661838738329e+00 1.630295097311581065e+00 1.666525338015082847e+00 1.712351273167918908e+00 1.745045707550910707e+00 1.880626931313473582e+00 1.919977106461816740e+00 2.523604831753964550e+00 2.619376919422203631e+00 2.942356185146005831e+00 3.681202499299024655e+00 5.230362785892488375e+00 5.287938865831583790e+00 5.370267901908552410e+00
3.582438375313567458e-01 4.106847458173404908e-01 5.222282918468484914e-01 5.570577922805556303e-01 5.941108619659942747e-01 8.043811441660194683e-01 8.926835123813224859e-01 9.267728707122586673e-01 9.698349755836636055e-01 1.093593443667168597e+00 1.109590415286815679e+00 1.141452688195738308e+00 1.241832158699106570e+00 1.382450532251399133e+00 1.422363770318634257e+00 1.438512246074782119e+00 1.605229851053300738e+00 1.629829235538470700e+00 1.673215538600254737e+00 1.711345029486195823e+00 1.752941144285440567e+00 1.879095664368584329e+00 1.920848912508887008e+00 2.523539861900907066e+00 2.617663350593887994e+00 2.943482088509871364e+00 3.682389052917299122e+00 5.229394731773004068e+00 5.288286672283528667e+00 5.369367886716733373e+00
3.557550701882445932e-01 4.030872900913994306e-01 5.139091027294144798e-01 5.644776091059403589e-01 5.833379756124477122e-01 8.037449427117560052e-01 8.890959368959245879e-01 9.269502681133969801e-01 9.679072226588443240e-01 1.090255123425213357e+00 1.111586057187529786e+00 1.141084779191835930e+00 1.242368157907570048e+00 1.383769686712532865e+00 1.421586636871880804e+00 1.439175133120942807e+00 1.609092353700982470e+00 1.629673516053790294e+00 1.675212839399607967e+00 1.710527473377582153e+00 1.756310159825355877e+00 1.878572899771137505e+00 1.921142053895432689e+00 2.523517691489359116e+00 2.617051467582022450e+00 2.943835127512194116e+00 3.682803845517876429e+00 5.229068937611958567e+00 5.288415511133952585e+00 5.369044611109615062e+00
5.565651850439904402e-01 5.713019037295367086e-01 6.147967152246652800e-01 6.558515085234847275e-01 7.529470275160859982e-01 8.389785607800015477e-01 9.176867183306650633e-01 9.256103931234856974e-01 1.064824639274779550e+00 1.103019273623429219e+00 1.157323559240177380e+00 1.240113965497793735e+00 1.260385297325730347e+00 1.334113722739850072e+00 1.369503695479877381e+00 1.437653165343552919e+00 1.516709329913423554e+00 1.636634845294010931e+00 1.643874285782344069e+00 1.735697385092398903e+00 1.892635472377293349e+00 1.967020341171988429e+00 2.009155929092892201e+00 2.525535357762337618e+00 2.622530363969588052e+00 2.806267942735225951e+00 3.680883180738571792e+00 5.272564938824806369e+00 5.331013585702260471e+00 5.342314920470123241e+00
5.623022115399389786e-01 5.688707147164312472e-01 6.177219242370569630e-01 6.568496709081509399e-01 7.635750749513918745e-01 8.266276804494786523e-01 9.180953152147757201e-01 9.418584304185323441e-01 1.063142737344443089e+00 1.098261706683065331e+00 1.154355306686046578e+00 1.235105007286886769e+00 1.259115124243692652e+00 1.336917975227144950e+00 1.371449712634319917e+00 1.441613231888700497e+00 1.514389475838165744e+00 1.638881668942079761e+00 1.644374847753836466e+00 1.727717274791627178e+00 1.894986117335765829e+00 1.964642538690003049e+00 2.006207687155741048e+00 2.525358200718507362e+00 2.600726830832751801e+00 2.810923360967237716e+00 3.682244612001223771e+00 5.273164991530205015e+00 5.306306473127843759e+00 5.357406435078513773e+00
5.642010204823462161e-01 5.741933446926574813e-01 6.256772768786694749e-01 6.597922674423176703e-01 7.737040075422055851e-01 8.162639344955512355e-01 9.178875748983328364e-01 9.731614788006562877e-01 1.058822679628326213e+00 1.089963587181278948e+00 1.145372421581159150e+00 1.225620841559587060e+00 1.255857971288634189e+00 1.344022659918668650e+00 1.374664413510789496e+00 1.451751321792218441e+00 1.508611815444271809e+00 1.644187510438155808e+00 1.645516808823300092e+00 1.703873237163894494e+00 1.901251587629692041e+00 1.953389084236913043e+00 2.002186711078473902e+00 2.524925874312780039e+00 2.557100192087200963e+00 2.818312009744584401e+00 3.684925238709334749e+00 5.274350867974543888e+00 5.279361993296688205e+00 5.364700095595387630e+00
5.609346296942608889e-01 5.848974043246812915e-01 6.402893310886611511e-01 6.629845693546063679e-01 7.448088440439862845e-01 8.315239159566357730e-01 9.152398515298699744e-01 1.006220423160266053e+00 1.055467892365457461e+00 1.088064362905480031e+00 1.129369454838264897e+00 1.224835215427306334e+00 1.252067208164310497e+00 1.350652728368697986e+00 1.375278310592066289e+00 1.462101430712480221e+00 1.499830172776911219e+00 1.646822339309815586e+00 1.651532875767533604e+00 1.671390332850369642e+00 1.909597023617320533e+00 1.935594478844870237e+00 2.001814670973905308e+00 2.524503624433983795e+00 2.528300614305204252e+00 2.822302707842786695e+00 3.686610641457855220e+00 5.268258587929049774e+00 5.274806851561516297e+00 5.363643618620252518e+00
5.618304831204729011e-01 5.822331181990508808e-01 6.566887434854080663e-01 6.706913072706954804e-01 7.049205415244593764e-01 8.387982673183530524e-01 9.118128842155821534e-01 1.038305222457518662e+00 1.056814736926484644e+00 1.092476716541199266e+00 1.107617749726668377e+00 1.237585917904566069e+00 1.248431804024312752e+00 1.350572888579155473e+00 1.372719486432260938e+00 1.461489379759027152e+00 1.488546284991465019e+00 1.648080472801550345e+00 1.648354162480679008e+00 1.667458720921810800e+00 1.918015871197196187e+00 1.922448748010635367e+00 2.004646290140670750e+00 2.524347596187687337e+00 2.534151386658832550e+00 2.822410842730246117e+00 3.686357692007378173e+00 5.273670588799455494e+00 5.276565303962947873e+00 5.359348825264006244e+00
5.526752210792236220e-01 5.673862933205250370e-01 6.573907245736421157e-01 6.862601849828365852e-01 6.985005240936890125e-01 8.254789765407712920e-01 9.113304317661853338e-01 1.057857517915436363e+00 1.073883299818370052e+00 1.074015639344316098e+00 1.104057233778475533e+00 1.244232407362219295e+00 1.251314999183452237e+00 1.340006746249128300e+00 1.369518843394330831e+00 1.449254655229476718e+00 1.484997087154866335e+00 1.642378775080481912e+00 1.650262596430563500e+00 1.689910858175310393e+00 1.920430973854198919e+00 1.924945979157858478e+00 2.006883100228909811e+00 2.524497978393624553e+00 2.569895172734153466e+00 2.819264453728914432e+00 3.684676598715141083e+00 5.271354421025678860e+00 5.297132502895008699e+00 5.354371490725035265e+00
