-2.780131298548544905e-01
-2.491851604304909651e-01
-2.203571910061274675e-01
-1.915292215817639698e-01
-1.627012521574004444e-01
-1.338732827330369191e-01
-1.050453133086734214e-01
-7.621734388430992380e-02
-4.738937445994639841e-02
-1.856140503558287649e-02
1.026656438878064542e-02
3.909453381314411530e-02
6.792250323750763374e-02
9.675047266187115913e-02
1.255784420862346429e-01
1.544064115105981683e-01
1.832343809349616659e-01
2.120623503593251913e-01
2.408903197836887167e-01
2.697182892080522421e-01
2.985462586324157952e-01
3.273742280567791818e-01
3.562021974811427349e-01
3.850301669055062326e-01
4.138581363298697857e-01
4.426861057542332833e-01
4.715140751785967810e-01
5.003420446029602786e-01
5.291700140273236652e-01
5.579979834516872739e-01
5.868259528760507715e-01
6.156539223004143802e-01
6.444818917247777668e-01
6.733098611491411534e-01
7.021378305735048730e-01
7.309657999978682597e-01
7.597937694222318683e-01
7.886217388465952549e-01
8.174497082709589746e-01
8.462776776953223612e-01
8.751056471196859698e-01
9.039336165440493565e-01
9.327615859684128541e-01
9.615895553927764627e-01
9.904175248171398493e-01
1.019245494241503458e+00
1.048073463665866845e+00
1.076901433090230453e+00
1.105729402514593840e+00
1.134557371938957449e+00
1.163385341363321057e+00
1.192213310787684444e+00
1.221041280212048052e+00
1.249869249636411439e+00
1.278697219060775048e+00
1.307525188485138434e+00
1.336353157909501821e+00
1.365181127333865652e+00
1.394009096758229038e+00
1.422837066182592647e+00
1.451665035606956033e+00
1.480493005031319642e+00
1.509320974455683029e+00
1.538148943880046637e+00
1.566976913304410024e+00
1.595804882728773633e+00
1.624632852153137019e+00
1.653460821577500850e+00
1.682288791001864237e+00
1.711116760426227623e+00
1.739944729850591010e+00
1.768772699274954840e+00
1.797600668699318227e+00
1.826428638123681614e+00
1.855256607548045222e+00
1.884084576972408609e+00
1.912912546396772662e+00
1.941740515821136048e+00
1.970568485245499435e+00
1.999396454669862822e+00
2.028224424094226652e+00
2.057052393518590261e+00
2.085880362942953425e+00
2.114708332367317034e+00
2.143536301791680199e+00
2.172364271216044251e+00
2.201192240640407416e+00
2.230020210064771025e+00
2.258848179489134633e+00
2.287676148913497798e+00
2.316504118337861851e+00
2.345332087762225015e+00
2.374160057186588624e+00
2.402988026610951788e+00
2.431815996035315841e+00
2.460643965459679006e+00
2.489471934884042614e+00
2.518299904308406223e+00
2.547127873732769388e+00
2.575955843157133440e+00
2.604783812581496605e+00
2.633611782005860213e+00
2.662439751430223378e+00
2.691267720854587431e+00
2.720095690278950595e+00
2.748923659703314204e+00
2.777751629127677813e+00
2.806579598552040977e+00
2.835407567976405030e+00
2.864235537400768195e+00
2.893063506825131803e+00
2.921891476249494968e+00
2.950719445673858576e+00
2.979547415098222629e+00
3.008375384522585794e+00
3.037203353946949402e+00
3.066031323371312567e+00
3.094859292795676620e+00
3.123687262220039784e+00
3.152515231644403393e+00
3.181343201068766557e+00
3.210171170493130166e+00
3.238999139917494219e+00
3.267827109341857383e+00
3.296655078766220992e+00
3.325483048190584157e+00
3.354311017614948209e+00
3.383138987039311374e+00
3.411966956463674983e+00
3.440794925888038591e+00
3.469622895312401756e+00
3.498450864736765809e+00
3.527278834161128529e+00
3.556106803585492582e+00
3.584934773009856190e+00
3.613762742434219355e+00
3.642590711858582964e+00
3.671418681282946128e+00
3.700246650707310181e+00
3.729074620131673790e+00
3.757902589556036954e+00
3.786730558980400563e+00
3.815558528404764616e+00
3.844386497829127336e+00
3.873214467253491389e+00
3.902042436677854109e+00
3.930870406102218162e+00
3.959698375526582215e+00
3.988526344950944935e+00
4.017354314375308988e+00
4.046182283799671708e+00
4.075010253224035317e+00
4.103838222648399814e+00
4.132666192072762534e+00
4.161494161497126143e+00
4.190322130921489752e+00
4.219150100345853360e+00
4.247978069770216969e+00
4.276806039194579689e+00
4.305634008618944186e+00
4.334461978043307795e+00
4.363289947467670515e+00
4.392117916892034124e+00
4.420945886316397733e+00
4.449773855740761341e+00
4.478601825165124950e+00
4.507429794589488559e+00
4.536257764013852167e+00
4.565085733438214888e+00
4.593913702862578496e+00
4.622741672286942993e+00
4.651569641711305714e+00
4.680397611135669322e+00
4.709225580560032931e+00
4.738053549984396540e+00
4.766881519408760148e+00
4.795709488833122869e+00
4.824537458257487366e+00
4.853365427681850086e+00
4.882193397106213695e+00
4.911021366530577303e+00
4.939849335954940912e+00
4.968677305379304521e+00
4.997505274803668129e+00
5.026333244228031738e+00
5.055161213652395347e+00
5.083989183076758067e+00
5.112817152501121676e+00
5.141645121925486173e+00
5.170473091349848893e+00
5.199301060774212502e+00
5.228129030198576110e+00
5.256956999622939719e+00
5.285784969047303328e+00
5.314612938471666048e+00
5.343440907896030545e+00
5.372268877320393266e+00
5.401096846744756874e+00
5.429924816169121371e+00
5.458752785593484091e+00
