-2.854202573949256400e-05 -8.883474691970526474e-06 -4.174727494972428151e-08 8.474232075998358593e-02 1.000482525387579980e+00 1.240175474916589637e+00 1.240426656299252306e+00 1.339202354876369405e+00 1.339593511446818930e+00 1.340676609717555312e+00 1.340965246362812113e+00 1.345070124517865784e+00 1.406054964038324417e+00 1.556992846551986664e+00 1.557474179702565520e+00 1.828155260830063522e+00 1.829742388289551380e+00 1.986689464801485006e+00 1.986890140300510144e+00 2.033088761139397072e+00 2.034711889020497821e+00 2.173209945786017006e+00 2.225804083572059167e+00 2.361203637442872871e+00 2.361203727837308364e+00 2.942763435478153333e+00 2.977567892760207613e+00 3.428261417176591941e+00 3.428485737563156555e+00 3.803605513026676377e+00
-8.220572218664994046e-02 5.230919256273341283e-02 9.982823844770137567e-02 1.392953706367926481e-01 9.940716393428471465e-01 1.225633591010487189e+00 1.238893006943084796e+00 1.328762254239766794e+00 1.333205026984356056e+00 1.337021684209295014e+00 1.343050449940914159e+00 1.353817523055116823e+00 1.418464972710948624e+00 1.560487798235048240e+00 1.564884146224315487e+00 1.827681560975662700e+00 1.831577426046976598e+00 1.986450808240357802e+00 1.987026915971473962e+00 2.031760422050476134e+00 2.033653129466726828e+00 2.172936439173718259e+00 2.227996120219732479e+00 2.361306793051194841e+00 2.361984427337242121e+00 2.936850654374878022e+00 2.977174949239269175e+00 3.427192083034376946e+00 3.435787963221801800e+00 3.803791290739017672e+00
-5.616009682918256252e-02 1.056511663031850928e-01 1.533964747341283741e-01 2.205916295865301968e-01 9.759773377353323509e-01 1.189354636395212772e+00 1.230238362527134255e+00 1.311590979932196976e+00 1.322928722817993785e+00 1.333466418725817171e+00 1.346449118664649669e+00 1.365575355662048684e+00 1.442476923086150942e+00 1.571001911226745484e+00 1.583073240975983342e+00 1.827483687204590312e+00 1.835237841064517594e+00 1.985127155230898666e+00 1.986961240018909391e+00 2.028478075517299750e+00 2.031176150657255874e+00 2.172128792582554979e+00 2.234458354789980117e+00 2.361771764445678379e+00 2.363923112761897816e+00 2.920012110243635384e+00 2.976032553362395472e+00 3.428664148371467935e+00 3.452158077714785112e+00 3.804333258773070270e+00
9.673051094135562411e-02 1.610480014089787915e-01 2.124908945374463787e-01 3.031645784041007152e-01 9.487909878026578037e-01 1.143122684668759659e+00 1.206824840062774351e+00 1.296486246031209655e+00 1.311148461551272959e+00 1.333390748278881155e+00 1.351589897193264722e+00 1.380330165193841996e+00 1.465150380125614715e+00 1.587246623999879480e+00 1.605269326850868650e+00 1.827653452429761405e+00 1.838996182912614241e+00 1.982525395892958064e+00 1.984003223812136119e+00 2.023934861618518877e+00 2.030461043632358908e+00 2.170707367259605558e+00 2.244883419585623319e+00 2.362563265526222978e+00 2.366445807643004162e+00 2.894694135323872430e+00 2.974243599912528069e+00 3.431354996711897698e+00 3.476619834376533547e+00 3.805187829926352183e+00
1.628774122651951151e-01 2.171472569499222072e-01 2.754714332525466935e-01 3.898370860294829710e-01 9.152456783898268444e-01 1.094006969651737604e+00 1.169103795317348649e+00 1.285572642123554488e+00 1.297467034922040074e+00 1.335598971607938168e+00 1.358433017960625211e+00 1.399398877326418766e+00 1.483050371628517938e+00 1.606398781857336200e+00 1.626361553811273009e+00 1.827666467215121715e+00 1.841480145919437872e+00 1.974295450684237174e+00 1.980525262997701708e+00 2.018357290763689083e+00 2.034734549385810887e+00 2.168458347850587664e+00 2.258711079307955227e+00 2.363672923813849192e+00 2.368893108813935999e+00 2.864312722595136584e+00 2.971964238173250283e+00 3.434648881961275269e+00 3.506643144678198265e+00 3.806289305045567506e+00
2.122418897021903783e-01 2.700900764994083048e-01 3.416390499104881573e-01 4.800491294909988160e-01 8.776593942702460849e-01 1.045836647095557126e+00 1.122666565555874962e+00 1.276649421385099625e+00 1.281815158689763479e+00 1.338097493415206118e+00 1.366574893196661034e+00 1.422485179795656363e+00 1.496462566482147372e+00 1.624966434618483779e+00 1.643295263408122153e+00 1.825593164466947638e+00 1.843693754711296595e+00 1.961003871115055031e+00 1.976881819275714047e+00 2.012817110141863264e+00 2.043210678046456952e+00 2.165233738486607162e+00 2.275000968267886226e+00 2.365059849157600702e+00 2.370845335968224887e+00 2.832616631870257251e+00 2.969387137969197177e+00 3.438097503923612130e+00 3.539264708846513674e+00 3.807556735989777508e+00
2.513146652002853365e-01 3.199059173994758809e-01 4.076864425108320256e-01 5.703197702238208544e-01 8.380524271647787904e-01 1.001203335738386935e+00 1.071179963083745967e+00 1.262541225682781265e+00 1.270507067308343174e+00 1.340112813138353287e+00 1.375548903552624047e+00 1.447938289766553366e+00 1.506031944388713129e+00 1.640362592717156787e+00 1.654373418081830804e+00 1.819439158188525640e+00 1.848702507197035105e+00 1.944545603865775574e+00 1.972409149994677424e+00 2.008239934218262857e+00 2.053834625167995309e+00 2.161123597065570667e+00 2.292467950798888321e+00 2.366639606326425227e+00 2.372214829764716981e+00 2.803059217181820717e+00 2.966722936344095007e+00 3.441350187862595167e+00 3.571594734335137744e+00 3.808899538120980477e+00
2.816394500393377132e-01 3.683814167545348406e-01 4.703472124768940943e-01 6.553441293862231065e-01 7.987248418309319531e-01 9.625902556635441698e-01 1.016503183358649531e+00 1.242711714966181713e+00 1.264413982904870393e+00 1.341587167724061835e+00 1.384948447553914885e+00 1.473813814568651237e+00 1.511676656268169383e+00 1.651465835201742616e+00 1.659030040209704238e+00 1.811425684645178169e+00 1.857137391291656670e+00 1.925588982488389833e+00 1.966916200179876340e+00 2.005143543107148485e+00 2.064721777493773835e+00 2.156481047732897061e+00 2.309651439397174322e+00 2.368276046676790259e+00 2.373139654379606611e+00 2.778218019706239605e+00 2.964183027643783941e+00 3.444158675204528119e+00 3.601108469859888750e+00 3.810221109225058189e+00
3.039220988944518753e-01 4.161729079461976566e-01 5.257043528356674100e-01 7.281716484119760135e-01 7.639048337303653291e-01 9.333559671744960928e-01 9.598839005529328228e-01 1.221916939947994774e+00 1.259827263402939268e+00 1.342612776398020680e+00 1.394394085045068454e+00 1.498226058641199510e+00 1.512952096682215419e+00 1.657687990539366441e+00 1.658526017352759618e+00 1.806050422852266912e+00 1.867597728563381354e+00 1.904840702495294025e+00 1.960464884187812951e+00 2.003561987054435001e+00 2.074340702174283457e+00 2.151855689575722597e+00 2.325084271901983524e+00 2.369771104216130020e+00 2.373801616085153388e+00 2.759430237129128383e+00 2.961965270530689587e+00 3.446377128515793586e+00 3.625811856291195845e+00 3.811420151249623522e+00
3.188952126833864420e-01 4.628633942792546585e-01 5.644958909076197573e-01 7.420487452348493163e-01 7.811533687190383990e-01 9.026602814154434107e-01 9.186594910118450752e-01 1.202199918673537260e+00 1.256618404884667806e+00 1.343270593347277275e+00 1.403308412498701641e+00 1.510015944621444728e+00 1.519344431428195197e+00 1.652964009622684971e+00 1.661588309384741446e+00 1.806827529866678494e+00 1.875738828792028912e+00 1.885900883584523458e+00 1.953619508105152835e+00 2.003107793824933314e+00 2.081656424913131076e+00 2.147888863576332685e+00 2.337415896265908621e+00 2.370886335098918885e+00 2.374306249141365566e+00 2.746828178977177792e+00 2.960242092743961440e+00 3.447948062963955618e+00 3.644293241026068664e+00 3.812391065040555915e+00
3.273777798114110849e-01 5.070628974973223624e-01 5.708512374643697207e-01 7.509903116480126650e-01 8.056401301988138641e-01 8.473423700445332774e-01 9.203352735250777128e-01 1.186984563685557159e+00 1.254736165151735028e+00 1.343626487818870174e+00 1.410343578053623537e+00 1.505547501462463522e+00 1.534208626986893087e+00 1.647364773306979613e+00 1.662578088019758482e+00 1.813977054711450654e+00 1.861212282510762428e+00 1.889100933471015598e+00 1.947750107820845233e+00 2.003188186672164139e+00 2.086150610587887311e+00 2.145196816021779362e+00 2.345474835549694603e+00 2.371469628692865150e+00 2.374655054928430875e+00 2.739781337086894641e+00 2.959149310817036582e+00 3.448873660142224740e+00 3.655677302934391193e+00 3.813029792420611130e+00
3.301028473011441977e-01 5.417769610332289210e-01 5.503631955373606832e-01 7.777394744648103986e-01 8.044703003776414452e-01 8.142403379527898277e-01 9.246588315986721263e-01 1.181028478684822636e+00 1.254118650015474845e+00 1.343736963284855035e+00 1.413165428325920958e+00 1.503299066124738737e+00 1.539774322085194713e+00 1.644837322733887053e+00 1.662707073319890316e+00 1.820327781422304003e+00 1.850786769151259614e+00 1.892405401265434106e+00 1.945258765094786124e+00 2.003283687473131014e+00 2.087656981116200683e+00 2.144241212596706969e+00 2.348305588236886177e+00 2.371617576078118184e+00 2.374783836251589175e+00 2.737539462415807812e+00 2.958774854810530375e+00 3.449178012614968480e+00 3.659516332133199157e+00 3.813253542645019145e+00
3.387216428242789679e-01 5.410606725436287734e-01 5.519231009334909510e-01 7.741943907050220508e-01 7.916600298108160683e-01 8.176173574250423792e-01 9.392285135587947753e-01 1.180441841020955618e+00 1.243602637156472346e+00 1.346986555371130434e+00 1.420975212599228765e+00 1.501160466029955121e+00 1.538588283510171184e+00 1.642419388939110325e+00 1.665471748759961734e+00 1.821044970216251890e+00 1.849821580284560563e+00 1.891180081701147264e+00 1.944661295786754618e+00 2.005375051320692936e+00 2.086404261791309445e+00 2.143370506144111509e+00 2.348620846245262239e+00 2.372064280291628080e+00 2.374659059051190901e+00 2.736018405689585986e+00 2.958736065733185150e+00 3.454903162267332295e+00 3.655425050037763857e+00 3.813341572329737694e+00
3.633994838441572672e-01 5.397945915725713695e-01 5.578149326533395902e-01 7.601233101028558314e-01 7.699500626791648816e-01 8.233344234796932115e-01 9.707140467884683988e-01 1.178331198582976969e+00 1.217613669961973732e+00 1.356317844001357242e+00 1.438209212898973854e+00 1.494769416895947556e+00 1.537020264371901979e+00 1.635873770127860283e+00 1.673044329584397083e+00 1.820901468118770739e+00 1.846283827714241266e+00 1.890955851914687180e+00 1.943281674791153213e+00 2.011113807255691999e+00 2.082359267780792500e+00 2.140388446822541368e+00 2.350510485979921516e+00 2.373052525216647002e+00 2.374451276430348479e+00 2.731576251295190438e+00 2.958591169552480249e+00 3.470821865819927687e+00 3.644007465537006496e+00 3.813559663095531960e+00
4.005695630903491899e-01 5.419966039729408047e-01 5.664168566309238928e-01 7.311335275009127610e-01 7.596352088078357490e-01 8.230570732629448605e-01 1.005919666838121618e+00 1.173828044230986301e+00 1.184975394888204026e+00 1.370399262424255360e+00 1.454100859374299448e+00 1.484456834939997805e+00 1.539873438901358194e+00 1.626637270576928307e+00 1.683621302166426359e+00 1.817920996018440150e+00 1.838081491640781495e+00 1.897239901113727090e+00 1.942072114984803255e+00 2.019371572524902181e+00 2.075528301952244803e+00 2.134825550216751910e+00 2.355245624820703210e+00 2.373786019110020629e+00 2.374835947508548539e+00 2.724528232473702349e+00 2.958285058139828116e+00 3.493717199438791887e+00 3.627495734723456877e+00 3.813808409721960668e+00
4.449134359711013342e-01 5.477708104295073710e-01 5.724534032967356634e-01 7.049280151488281909e-01 7.536183342008320185e-01 8.122806533672350948e-01 1.038493160225387069e+00 1.152729153040698673e+00 1.166399079406826855e+00 1.386934484041408400e+00 1.461496238433827033e+00 1.471351199274826049e+00 1.550756303384666079e+00 1.615278038474665223e+00 1.695194864254780276e+00 1.814697564371781313e+00 1.826611344885357591e+00 1.908851018114150255e+00 1.941072664670407510e+00 2.029084094125602977e+00 2.066849911676730933e+00 2.127681985315051261e+00 2.362459252480660243e+00 2.374094229401519929e+00 2.375880138527237229e+00 2.715509351678332184e+00 2.957806228099032708e+00 3.519710907285697576e+00 3.608549280889943756e+00 3.814009851546104723e+00
4.915954191366193604e-01 5.493168028001211844e-01 5.662210548425998802e-01 6.890032593693583562e-01 7.566990375862572282e-01 7.924645866519419712e-01 1.060824451680448144e+00 1.132596981489311538e+00 1.154389414113905721e+00 1.403273978438359881e+00 1.457894259860134545e+00 1.460449833057392288e+00 1.567538350654945845e+00 1.601528976486040534e+00 1.704771260062560190e+00 1.814012149848544420e+00 1.818025946617589650e+00 1.921405016631813734e+00 1.938394042944253881e+00 2.039195013584882865e+00 2.057399498398496895e+00 2.121848392129384475e+00 2.370150824946149815e+00 2.374453673205803916e+00 2.376556128609807139e+00 2.706029600118458944e+00 2.957247378070488875e+00 3.545516166975835937e+00 3.589008405334789931e+00 3.814151041054540947e+00
5.365546139132217895e-01 5.396828902916820381e-01 5.398509230047616736e-01 6.855060147989957553e-01 7.703706163651049543e-01 7.708200142250883902e-01 1.064081985050933099e+00 1.137654363651474654e+00 1.138009385396371753e+00 1.412347735767154555e+00 1.453368729590788000e+00 1.453547000021814473e+00 1.585257542784775486e+00 1.585477560257967600e+00 1.708362337540528797e+00 1.817215675826290733e+00 1.817726956547038419e+00 1.931819994213777258e+00 1.932076319007732357e+00 2.047714644616662749e+00 2.048456616010243536e+00 2.120190169745925335e+00 2.374622156921582850e+00 2.374648783091490856e+00 2.377493861000631536e+00 2.698932110523998951e+00 2.956813755152536416e+00 3.568912034569031277e+00 3.569177958257820471e+00 3.814249007526470336e+00
5.067855234086489080e-01 5.149689263306261866e-01 5.832733836868125854e-01 6.800935833880679127e-01 7.603876157793343360e-01 7.880551075507423731e-01 1.065228677482660702e+00 1.121021905482439962e+00 1.157262554360275253e+00 1.405470876942451319e+00 1.445986602531138754e+00 1.468607020056858614e+00 1.568750643341630724e+00 1.598845601241546621e+00 1.706555461632714099e+00 1.815015860371198553e+00 1.823605228698225611e+00 1.922358740463574245e+00 1.940185040535311822e+00 2.040264115787780330e+00 2.054984048057958201e+00 2.121611651434293755e+00 2.371653227287305210e+00 2.374577869284350662e+00 2.378423971876277854e+00 2.701035355604941568e+00 2.956982873243662269e+00 3.549267376674535956e+00 3.586348786797078247e+00 3.814196790280620863e+00
4.665915864827824278e-01 4.845716667097457186e-01 6.255502247578252906e-01 6.554124643893480817e-01 7.703990101441721139e-01 8.003806430250401949e-01 1.072380355680475184e+00 1.105184680772166139e+00 1.179193198325757752e+00 1.393301784707944968e+00 1.437523476241828968e+00 1.492588474349462624e+00 1.550226539155229233e+00 1.605709695923259961e+00 1.703347238773472050e+00 1.812816769998232713e+00 1.836109052270280095e+00 1.910537847558339219e+00 1.948133673908502228e+00 2.032338252927520017e+00 2.059988586909985209e+00 2.125693847900068878e+00 2.364907344805482481e+00 2.374123718130596750e+00 2.379031665943943441e+00 2.707790607502805535e+00 2.957558641773794239e+00 3.529715876419134091e+00 3.597923594176671180e+00 3.813968574130072398e+00
4.217178385028938492e-01 4.490601816892378362e-01 6.143655373197447478e-01 6.667004787556134460e-01 7.880271917900252276e-01 8.073021225742512685e-01 1.087306732700249245e+00 1.095632633258845745e+00 1.200516050382585131e+00 1.381504743373007438e+00 1.428650743340605045e+00 1.518648115829808409e+00 1.530310275906123119e+00 1.603805731162160075e+00 1.701645562250522659e+00 1.811095481054747491e+00 1.853205308431017384e+00 1.897126325941734137e+00 1.955654746094676266e+00 2.025114225897991282e+00 2.062376336789391029e+00 2.131645243758762298e+00 2.354717678142742354e+00 2.373345114831807656e+00 2.378768023656190334e+00 2.719496042782257650e+00 2.958610843306974658e+00 3.510963233504099890e+00 3.602692034624191741e+00 3.813484225417421491e+00
3.740105181974004434e-01 4.101918846631361637e-01 5.653450973106968203e-01 7.020156454098587240e-01 7.744042892811437984e-01 8.390836031917766613e-01 1.096824071469449713e+00 1.108803328580057590e+00 1.220367274193319362e+00 1.371467195559519237e+00 1.419703789028079699e+00 1.507167026340189286e+00 1.545487684693232611e+00 1.594079751433340020e+00 1.700871637809865611e+00 1.810437547163146421e+00 1.872334303696206348e+00 1.883795599545515786e+00 1.962582837204525532e+00 2.019027731413796101e+00 2.062036524355088662e+00 2.138622767627727406e+00 2.341193210516349765e+00 2.372263575934823177e+00 2.377788316601350704e+00 2.736158714018928961e+00 2.960161573497244625e+00 3.493586196946853129e+00 3.600060894407310030e+00 3.812690504075049613e+00
3.246252011672490223e-01 3.691238138964846316e-01 5.111659993407644542e-01 7.003697371757517942e-01 7.723111925541686906e-01 8.821581271078331454e-01 1.108725250475903756e+00 1.134987223916557708e+00 1.238579979507249407e+00 1.363298948646364250e+00 1.410914811608423802e+00 1.483354414652598541e+00 1.568008418380018698e+00 1.579192527769733401e+00 1.698189315978809066e+00 1.811187945945707423e+00 1.867856582280506883e+00 1.895945645980699812e+00 1.968721729881719007e+00 2.014481566163999204e+00 2.059119234625286676e+00 2.145909287685480837e+00 2.324872871821999087e+00 2.370922354823288281e+00 2.376249816842116225e+00 2.757508282619508755e+00 2.962175070392008447e+00 3.478010324446004553e+00 3.590067923871862021e+00 3.811594482018648478e+00
2.740312736868706356e-01 3.265964907692651131e-01 4.536043072856517644e-01 6.464448382263155990e-01 8.054135575612003661e-01 9.307027034941447452e-01 1.127960999004156584e+00 1.164224143352878382e+00 1.255222052858738557e+00 1.356621125418225660e+00 1.402418702335146650e+00 1.458272654896956677e+00 1.560900284265125393e+00 1.585177932098909004e+00 1.690939594593116491e+00 1.813327584603492637e+00 1.855811252242646425e+00 1.917631742755347091e+00 1.973879462436185728e+00 2.011883304090582580e+00 2.054057288060977093e+00 2.152928346229216583e+00 2.306715481938107715e+00 2.369384837258662113e+00 2.374289162221782767e+00 2.782959894085907049e+00 2.964556646557725106e+00 3.464499459616108723e+00 3.573373299725789209e+00 3.810271210779639262e+00
2.219059912861581496e-01 2.830110246226503756e-01 3.938534434477264368e-01 5.745155360173211934e-01 8.441224235161239875e-01 9.829012576714409866e-01 1.151133261846308597e+00 1.195096969355756045e+00 1.270446056896376019e+00 1.350945254244259708e+00 1.394230834282208065e+00 1.432672137233814924e+00 1.540664836848134822e+00 1.594888119974105622e+00 1.677555160606004847e+00 1.816378684045833358e+00 1.846543890919721598e+00 1.938445227836917528e+00 1.977925269559510202e+00 2.011606795541791559e+00 2.047592112079969162e+00 2.159215749435414722e+00 2.287992858158164999e+00 2.367731438481995188e+00 2.372035774484667847e+00 2.811546401166705511e+00 2.967161367174893538e+00 3.453162690774354004e+00 3.551236475490397115e+00 3.808839430223396771e+00
1.668399895046377424e-01 2.384664744386742197e-01 3.329444450542169975e-01 4.937445517192384781e-01 8.824532519442336298e-01 1.037146531719425280e+00 1.175679230378260609e+00 1.226367187309452822e+00 1.284435630691423746e+00 1.345921926321429929e+00 1.386244466138972342e+00 1.407581650676106522e+00 1.518675507865087537e+00 1.596824349045063096e+00 1.657944442694547105e+00 1.819459400217838807e+00 1.840648498618928874e+00 1.956910079693649385e+00 1.980896998315101909e+00 2.013771304596861267e+00 2.040803905088514281e+00 2.164414542803390074e+00 2.270115328654083608e+00 2.366056296759397881e+00 2.369622134262844959e+00 2.841859376312705354e+00 2.969810419429967929e+00 3.443979231031029098e+00 3.525468850163465895e+00 3.807426085724880949e+00
1.045856282778218488e-01 1.928467127450325391e-01 2.718557252912287003e-01 4.079714950907730175e-01 9.185293422603217905e-01 1.091657749377299425e+00 1.199335093742722957e+00 1.256854159849754016e+00 1.297394530752060460e+00 1.341488068671766287e+00 1.378238684293208838e+00 1.384523461626774754e+00 1.494974468157667546e+00 1.591772721884145314e+00 1.633582598337832037e+00 1.821844533192751747e+00 1.837432709902523609e+00 1.971608706160705493e+00 1.983043983654497300e+00 2.017966222154512046e+00 2.035132482322466796e+00 2.168309406972452447e+00 2.254397325449970069e+00 2.364464347043218506e+00 2.367196153080915799e+00 2.872029960386748737e+00 2.972311454998077362e+00 3.436839688342546939e+00 3.498355040092584023e+00 3.806141276836649379e+00
-3.384583868462244516e-02 1.460086945802980818e-01 2.115309040178997846e-01 3.198325112328302966e-01 9.506775887036265082e-01 1.144167321463763320e+00 1.219426981256105380e+00 1.285290883305104215e+00 1.309564811797807593e+00 1.338008659399730682e+00 1.365168533122649519e+00 1.370352800333837440e+00 1.469530621224876432e+00 1.581754820153398411e+00 1.607232432302972303e+00 1.823586022327395417e+00 1.835414767729652619e+00 1.981214086854632628e+00 1.984650113292932172e+00 2.023230460467411174e+00 2.032131888352727955e+00 2.170883347802920582e+00 2.241812087275012022e+00 2.363067938045146921e+00 2.364936615431960654e+00 2.899763778736719644e+00 2.974479016268625209e+00 3.431602503888580014e+00 3.472540996516344958e+00 3.805068828046973994e+00
-8.818567286266347505e-02 9.800225233709944361e-02 1.532645452356203863e-01 2.312872373275914606e-01 9.768028483654245253e-01 1.191209321887477302e+00 1.232964836326139624e+00 1.310129559399998422e+00 1.321284800641330692e+00 1.336448924162522367e+00 1.351880459416290758e+00 1.361908083428969851e+00 1.442885992763641934e+00 1.569895903111573787e+00 1.582724350591390383e+00 1.825151561433725478e+00 1.833443532303857593e+00 1.985563636234482843e+00 1.985854468086111657e+00 2.028280177064059053e+00 2.032264751964649729e+00 2.172340718946875526e+00 2.232843026939514530e+00 2.361981746354586242e+00 2.363056607743936333e+00 2.922457096740722182e+00 2.976152110386919514e+00 3.428178545367611907e+00 3.450843757011551549e+00 3.804266919698541916e+00
-8.886127271083243961e-02 4.916135105332939542e-02 1.009031721681603322e-01 1.430229673091896192e-01 9.942714827273478884e-01 1.226554633755414736e+00 1.238966610322370654e+00 1.329200654004296878e+00 1.332950522123528492e+00 1.337514379549305188e+00 1.344328097048206994e+00 1.353043394391614029e+00 1.418139260975662008e+00 1.560238688735990475e+00 1.564716139588032240e+00 1.826816614990423693e+00 1.831298224285014431e+00 1.986564163017090712e+00 1.986683221408378275e+00 2.031838105522311810e+00 2.033864282558608849e+00 2.173019572806804689e+00 2.227547191558897133e+00 2.361319238221450956e+00 2.361769690226880769e+00 2.937483743210555609e+00 2.977207413173417638e+00 3.426736534861789529e+00 3.435784368196943106e+00 3.803772450283642748e+00
-2.854202573949256400e-05 -8.883474691970526474e-06 -4.174727494972428151e-08 8.474232075998358593e-02 1.000482525387579980e+00 1.240175474916589637e+00 1.240426656299252306e+00 1.339202354876369405e+00 1.339593511446818930e+00 1.340676609717555312e+00 1.340965246362812113e+00 1.345070124517865784e+00 1.406054964038324417e+00 1.556992846551986664e+00 1.557474179702565520e+00 1.828155260830063522e+00 1.829742388289551380e+00 1.986689464801485006e+00 1.986890140300510144e+00 2.033088761139397072e+00 2.034711889020497821e+00 2.173209945786017006e+00 2.225804083572059167e+00 2.361203637442872871e+00 2.361203727837308364e+00 2.942763435478153333e+00 2.977567892760207613e+00 3.428261417176591941e+00 3.428485737563156555e+00 3.803605513026676377e+00
4.331954515413224266e-02 4.333374538153404038e-02 9.083737627481791588e-02 1.066583968091700113e-01 1.001084978730200081e+00 1.237646860075308330e+00 1.237882963116017532e+00 1.317834323268258112e+00 1.318182540756832832e+00 1.345196039329816351e+00 1.361410162932579215e+00 1.361750761704640933e+00 1.405593515833725826e+00 1.558219834024545447e+00 1.558719131992008400e+00 1.828268439186621741e+00 1.829854369774286393e+00 1.988662366908583889e+00 1.988878940449680055e+00 2.030942028451164560e+00 2.032514500966619675e+00 2.154966986522331318e+00 2.240070393669916449e+00 2.363378159572645743e+00 2.363398136644522474e+00 2.910377981710250417e+00 3.016532939651582534e+00 3.426279711479592205e+00 3.426504530932493964e+00 3.802571150517021881e+00
8.637311569159798752e-02 8.638996983454741430e-02 1.069750423948747919e-01 2.127258355380231836e-01 1.002964016152224191e+00 1.228226072799883273e+00 1.228417575425716057e+00 1.299075375154783440e+00 1.299456722441844292e+00 1.345632345041603228e+00 1.380347622471207458e+00 1.380693367717975795e+00 1.404230042372814014e+00 1.561847077600220235e+00 1.562399597736738421e+00 1.828389466957414333e+00 1.829975242525599510e+00 1.993983962986573655e+00 1.994277008886594205e+00 2.025311296391287375e+00 2.026707622773923134e+00 2.120088829449401135e+00 2.263413665044080147e+00 2.369636786297047326e+00 2.369711214548853473e+00 2.871057655992335977e+00 3.074897468105376674e+00 3.420453904272914070e+00 3.420680207259958028e+00 3.799385234789138810e+00
1.283577611078777492e-01 1.288253813406401438e-01 1.288453979349750422e-01 3.175899692268003838e-01 1.006349656072829113e+00 1.209012557717765279e+00 1.209153643578919635e+00 1.287868447598857768e+00 1.288291254072557068e+00 1.346366502892029748e+00 1.396268883537138406e+00 1.396608961348480005e+00 1.402027191192465994e+00 1.567734315937729495e+00 1.568372662575346244e+00 1.827827339524773054e+00 1.829422001745588666e+00 1.999506569859046179e+00 2.000129214397563082e+00 2.019939553360376117e+00 2.020848216786456319e+00 2.079915954612508777e+00 2.285543565892183882e+00 2.379284932416865672e+00 2.379434713637063048e+00 2.836060777545161837e+00 3.139516620108164346e+00 3.411141270052547192e+00 3.411370002435671012e+00 3.793819719790437084e+00
1.515607213779578410e-01 1.702308876759645040e-01 1.702545102043997449e-01 4.196641780194003135e-01 1.011674425929771193e+00 1.181718423622495129e+00 1.181829819484005784e+00 1.283509696998763605e+00 1.283964244682367140e+00 1.347409332315484543e+00 1.399080239210680032e+00 1.409390008077420431e+00 1.409711276772506627e+00 1.575721016439096012e+00 1.576472418764101713e+00 1.825393249881524627e+00 1.827011783191006655e+00 1.996836100114580015e+00 1.997880561659872267e+00 2.024083188826160118e+00 2.024353083432286038e+00 2.037147696766209215e+00 2.305164883836810841e+00 2.391407214695516537e+00 2.391638757388482528e+00 2.805265233356484700e+00 3.207911810448330847e+00 3.398934272666673362e+00 3.399166335010563866e+00 3.785553877656445909e+00
1.744169838398298145e-01 2.099763352852548615e-01 2.100032272807991207e-01 5.164973312461716981e-01 1.019633785579351803e+00 1.150650897986414511e+00 1.150748256876628295e+00 1.282634109400968114e+00 1.283116841181334067e+00 1.348771402357725302e+00 1.395531496419991635e+00 1.420233836000139860e+00 1.420520568682323237e+00 1.585716665627916466e+00 1.586600969464423194e+00 1.819590205908198088e+00 1.821242495423074814e+00 1.988987452865977223e+00 1.989954318375626974e+00 1.993271951226027516e+00 2.035589987285342684e+00 2.035709934596764636e+00 2.322290855225708217e+00 2.405032177068442412e+00 2.405340907864899513e+00 2.778244667211458463e+00 3.277722412425121412e+00 3.384652919613126976e+00 3.384889297254566110e+00 3.774236770437736865e+00
1.955411240297111053e-01 2.472249667018520392e-01 2.472548734268697201e-01 6.046543373050129455e-01 1.031190450712752060e+00 1.119024799602760467e+00 1.119115837669905966e+00 1.283077196362914840e+00 1.283588854205583774e+00 1.350457619133905940e+00 1.391544568571599694e+00 1.429303661550253013e+00 1.429545128953513489e+00 1.597748352727737409e+00 1.598777824926572055e+00 1.809181915383299533e+00 1.810858359084216440e+00 1.949594896407957245e+00 1.982329299492328500e+00 1.983105661256139962e+00 2.048549443522547087e+00 2.048640212010751416e+00 2.337090937622706033e+00 2.419188093098995296e+00 2.419562956806618814e+00 2.754787388652766289e+00 3.346598016886610960e+00 3.369326917679618116e+00 3.369572148330920225e+00 3.759534271163607499e+00
2.139712762716131367e-01 2.808787914545535225e-01 2.809114414055319808e-01 6.799881991649286972e-01 1.047277715735644543e+00 1.089131313683399105e+00 1.089220335111264815e+00 1.283833478020828034e+00 1.284373998137715578e+00 1.352455763306712910e+00 1.387317777849002898e+00 1.436884084425140262e+00 1.437075688369876092e+00 1.611905341319150642e+00 1.613086324977898833e+00 1.793902898342605301e+00 1.795571685432573616e+00 1.907704833855483839e+00 1.978408690374870105e+00 1.979028598677046391e+00 2.060878604857279583e+00 2.060966960351735988e+00 2.349637325141522570e+00 2.432885690044557236e+00 2.433312852926257097e+00 2.734929617991006534e+00 3.354155849340691109e+00 3.354397030183395412e+00 3.412456013049183667e+00 3.741143542952054979e+00
2.290004904388610041e-01 3.095724110101739091e-01 3.096074939691201844e-01 7.386628525098865028e-01 1.062956896489448244e+00 1.063046668355142721e+00 1.067754834831882604e+00 1.284488340955977081e+00 1.285055081462290083e+00 1.354711654849386271e+00 1.383090287713325761e+00 1.443011973700652817e+00 1.443156380596538613e+00 1.628163137564093255e+00 1.629499934475884038e+00 1.774693786667793649e+00 1.776312337888358739e+00 1.869686394992476242e+00 1.976944683892636112e+00 1.977451376756801604e+00 2.071434762222583714e+00 2.071529301869103890e+00 2.359843026860215520e+00 2.445097978237539937e+00 2.445563370807023240e+00 2.718899685386577225e+00 3.340443953464050875e+00 3.340690440643257375e+00 3.473596855768245728e+00 3.718777140806255765e+00
2.401044566871455566e-01 3.317457145413972852e-01 3.317827997571898280e-01 7.788692506940432247e-01 1.042403931172690701e+00 1.042495169253995213e+00 1.089733716671953845e+00 1.284922547892633604e+00 1.285510159260218277e+00 1.357068925852001007e+00 1.379186397525251184e+00 1.447564299540900379e+00 1.447670722955465950e+00 1.646034271265780724e+00 1.647537514491973054e+00 1.753445534253869509e+00 1.754967185612050340e+00 1.838421764465017150e+00 1.976931315300588299e+00 1.977365682246565060e+00 2.079454133608671373e+00 2.079556724922031474e+00 2.367476749903774547e+00 2.454794613780169055e+00 2.455285395617936128e+00 2.707042752905121308e+00 3.329480252881012348e+00 3.329730357218321224e+00 3.528856707832161543e+00 3.692158373945293892e+00
2.469142681020033425e-01 3.458508385462391588e-01 3.458892823352945900e-01 8.015490538185580105e-01 1.029208231403361262e+00 1.029301044250445774e+00 1.107243525176962340e+00 1.285150477820312220e+00 1.285751480395934676e+00 1.359119260243821348e+00 1.376149301393511326e+00 1.450377053483610013e+00 1.450459213842017148e+00 1.663521033201171173e+00 1.665222524597775644e+00 1.733404670037689499e+00 1.734770003763051349e+00 1.817443098732913542e+00 1.977366362867575278e+00 1.977761209412573606e+00 2.084445146722092357e+00 2.084553976895775040e+00 2.372234544399155265e+00 2.461052559924795879e+00 2.461557619817061227e+00 2.699731106878124010e+00 3.322384216156541559e+00 3.322636623379061849e+00 3.577281696764234908e+00 3.661275361447721810e+00
2.492088206209116530e-01 3.507026322299054422e-01 3.507415627516605738e-01 8.087807252106329337e-01 1.024649957004890588e+00 1.024743405819774633e+00 1.113978989701636113e+00 1.285219141261802145e+00 1.285824752089235856e+00 1.360014089199533815e+00 1.374915365344631324e+00 1.451328956187471597e+00 1.451402825947835984e+00 1.672763731391754938e+00 1.674626822253259650e+00 1.723219996151620137e+00 1.724443057074615426e+00 1.809993740539933782e+00 1.977586732512984113e+00 1.977969053437536706e+00 2.086137324626036627e+00 2.086248471653898040e+00 2.373855023073695669e+00 2.463217836818442752e+00 2.463727476834170815e+00 2.697256722730849710e+00 3.319926828663979368e+00 3.320180034023372251e+00 3.609893400607707470e+00 3.634568117059223891e+00
2.542002374971296663e-01 3.429978618253209377e-01 3.692421883369798596e-01 7.983791338175851848e-01 1.023291573065582050e+00 1.029421733902372349e+00 1.116981427153781681e+00 1.265306610929527453e+00 1.281402847787534771e+00 1.355794531483265786e+00 1.390713963927986407e+00 1.449839500790505609e+00 1.451988463303328425e+00 1.675017032427016606e+00 1.678935242108742232e+00 1.723587009940192205e+00 1.725756624052759536e+00 1.813738169034436742e+00 1.977216153546541566e+00 1.979837647003591661e+00 2.084975215866323950e+00 2.085836141712237968e+00 2.373378912069687097e+00 2.463381177223007867e+00 2.464027723501844847e+00 2.695454649538680414e+00 3.318366848897738475e+00 3.324311776931513585e+00 3.609281414301428903e+00 3.634243307147971169e+00
2.683513066872825203e-01 3.486704513932503136e-01 3.962044003902883138e-01 7.706142860139583162e-01 1.019235437438172021e+00 1.039785754909104298e+00 1.126336078971628574e+00 1.225504191303496082e+00 1.268024126851863276e+00 1.345424034120158874e+00 1.414825033818538413e+00 1.449310982267267178e+00 1.452931840358772986e+00 1.679939623983822239e+00 1.691583858408720831e+00 1.725301041024607684e+00 1.729769538603971091e+00 1.824619619819223715e+00 1.976198496518268399e+00 1.984918467816074505e+00 2.081350736599691942e+00 2.084714540786912096e+00 2.371998301767304973e+00 2.462639501407844378e+00 2.466078094214787075e+00 2.690098110026956757e+00 3.318891275310452915e+00 3.331367856031130614e+00 3.607502579510908802e+00 3.633362394856279209e+00
2.891519033333992961e-01 3.688196578164723571e-01 4.306574043327067725e-01 7.318840067443141972e-01 1.012523261305146471e+00 1.049800682010062269e+00 1.141848686849790351e+00 1.181533264360836721e+00 1.245715832658416344e+00 1.333209312969895866e+00 1.418154699600405522e+00 1.453130807665074853e+00 1.464951969378487817e+00 1.686335702438442663e+00 1.707871097824565476e+00 1.729731283449345014e+00 1.737568762023117275e+00 1.841564180410145024e+00 1.974562123149876669e+00 1.992117431322459886e+00 2.075272393367611379e+00 2.082833163071215576e+00 2.369846689528343653e+00 2.461348399923551256e+00 2.469295372330568394e+00 2.681399220066983169e+00 3.321056254925896400e+00 3.341387898853975802e+00 3.604723691848555678e+00 3.632146432107945522e+00
3.126181682992638100e-01 4.019465995896989163e-01 4.729598919708159488e-01 6.875035232240432892e-01 1.002936633552462986e+00 1.056854860643552607e+00 1.138387609942193235e+00 1.160428694580974085e+00 1.216865501417966788e+00 1.322061335945629690e+00 1.405637633313992829e+00 1.452484784893902203e+00 1.488938874450592476e+00 1.692336515979036449e+00 1.721804632824348813e+00 1.738304480549503817e+00 1.751661160953795315e+00 1.862755438392170504e+00 1.972381489640200769e+00 2.000191312973866431e+00 2.066724125376004473e+00 2.080208992272391644e+00 2.367119704313230599e+00 2.459540863875187000e+00 2.473321094944045839e+00 2.669871527636985764e+00 3.324177101226053033e+00 3.354406194332433699e+00 3.601171308319848663e+00 3.630824047930877096e+00
3.348565391459039087e-01 4.435624556949039898e-01 5.236511446547739146e-01 6.419119200812983816e-01 9.897305905710740426e-01 1.061158576298781631e+00 1.099315548595227066e+00 1.163797021109129082e+00 1.198110914589262999e+00 1.313347392586199591e+00 1.387842005238604903e+00 1.450702193264451934e+00 1.511355729942515325e+00 1.696698621097668669e+00 1.732525010874256255e+00 1.750047558125285230e+00 1.771653017223344229e+00 1.885724257605247534e+00 1.969756032144956537e+00 2.008315809500384130e+00 2.055750445421067774e+00 2.076908496910638835e+00 2.364048842371822445e+00 2.457258062436693979e+00 2.477750416330283034e+00 2.656426771606052117e+00 3.327625684416236851e+00 3.370236100884256736e+00 3.597001569228273521e+00 3.629550113961934610e+00
3.533057027631406055e-01 4.860186642056448791e-01 5.813436291716066462e-01 6.018025943625214813e-01 9.717857526257056566e-01 1.062878776804943248e+00 1.066919855486190949e+00 1.129376065749987834e+00 1.210859714388322628e+00 1.308253418543430691e+00 1.367381041414918563e+00 1.447820780690514564e+00 1.530870282111718161e+00 1.699620687958237175e+00 1.742694652761692442e+00 1.763490529670419971e+00 1.793385629415709115e+00 1.907652380434735839e+00 1.966805945266034694e+00 2.016392797126503655e+00 2.042550392408514437e+00 2.073033315939272647e+00 2.360880113585661633e+00 2.454589352815753411e+00 2.482152058348028767e+00 2.642321805205956942e+00 3.330949934159522119e+00 3.388478820547300874e+00 3.592149855776533673e+00 3.628393307971210735e+00
3.659218877348824339e-01 5.094589353352958483e-01 5.859164842124366945e-01 6.443845310923228542e-01 9.490027572370109965e-01 1.040799488449978494e+00 1.061530028340735399e+00 1.088266947022165310e+00 1.224809716414085647e+00 1.308252467270003772e+00 1.345718170518685142e+00 1.443912722409448568e+00 1.547430021529883515e+00 1.701961853745995734e+00 1.752999532942676852e+00 1.777523755904666825e+00 1.814215933714261375e+00 1.925963821359647499e+00 1.963674728477056819e+00 2.024025484107754735e+00 2.028436642330522233e+00 2.068712899382559200e+00 2.357855517293588221e+00 2.451685488187457018e+00 2.486117823696098572e+00 2.628932380762369014e+00 3.333885857801726971e+00 3.408616576363253436e+00 3.586267767457899769e+00 3.627365114846806904e+00
3.700793590851698123e-01 4.961688660922281557e-01 6.174471249257283967e-01 7.059422171116292999e-01 9.238317843150722908e-01 1.021063573907097233e+00 1.031014115649806051e+00 1.071415117361821601e+00 1.233275423026372053e+00 1.313900952243738374e+00 1.324273825939780602e+00 1.439131290363833582e+00 1.560965260462703785e+00 1.704471860527558169e+00 1.763165119730260688e+00 1.791080122337657121e+00 1.832767344672563192e+00 1.939223695604305853e+00 1.960540550920193636e+00 2.010847877222145197e+00 2.034802002668230525e+00 2.064146593279431396e+00 2.355190169081677443e+00 2.448758692705180984e+00 2.489333016600209891e+00 2.617435619662061619e+00 3.336310257474293550e+00 3.430073183498461464e+00 3.578801125141673367e+00 3.626462856997901163e+00
3.639066164820443650e-01 4.802864511092698185e-01 6.649814345861835285e-01 7.620763779511005032e-01 9.003375121770872402e-01 9.815651732373027460e-01 1.005017945592966422e+00 1.070315156948473456e+00 1.236820622170709427e+00 1.304348053563771925e+00 1.323531532818661871e+00 1.433799039607694059e+00 1.571304345357052767e+00 1.707481590863394239e+00 1.772552748097192765e+00 1.803246177182746379e+00 1.848121311833521574e+00 1.947695930903510675e+00 1.957638992891248098e+00 1.994764912884044783e+00 2.044187597899421505e+00 2.059684988587313192e+00 2.353044810444906876e+00 2.446066962501467046e+00 2.491650319914462841e+00 2.608548819471021130e+00 3.338183616811137178e+00 3.452178232739340658e+00 3.569196842742976994e+00 3.625702603331788509e+00
3.509935351567123329e-01 4.730038769634810070e-01 7.159938272865974396e-01 8.072950472101657615e-01 8.831266337941454658e-01 9.297388102218180350e-01 9.902847004700521261e-01 1.070280013812999309e+00 1.237747322008707851e+00 1.288017298196665328e+00 1.333517649687373297e+00 1.428545911709713456e+00 1.578389936915319369e+00 1.710706452472431804e+00 1.780301516028524267e+00 1.813163048105701947e+00 1.859596489897118898e+00 1.952555515647780293e+00 1.955358733456419085e+00 1.980512317163817482e+00 2.051971518109062309e+00 2.056028466484113082e+00 2.351506678374206238e+00 2.443883602484399287e+00 2.493112017286810644e+00 2.602461042306079442e+00 3.339506189949561499e+00 3.474009413337192154e+00 3.557231545610601398e+00 3.625121396354819669e+00
3.392757471805798453e-01 4.709625565924511759e-01 7.680815834666602226e-01 8.327105377411228027e-01 8.757816132142191012e-01 8.802439682665194054e-01 9.777324185191003103e-01 1.070364554293013803e+00 1.237769806216540314e+00 1.277060904878977166e+00 1.341048691870855070e+00 1.424447592695887055e+00 1.582421067441548868e+00 1.713293608529816270e+00 1.785472938398519505e+00 1.819845540016267860e+00 1.866704291934968785e+00 1.953241342407817882e+00 1.955640753199357595e+00 1.970472226459210940e+00 2.052706362030998655e+00 2.057887871461182794e+00 2.350595301438834550e+00 2.442455867334253128e+00 2.493880259224708684e+00 2.598992606942835071e+00 3.340291326996640553e+00 3.493769721995272359e+00 3.543783503007790436e+00 3.624757162304409253e+00
3.347130059339718522e-01 4.706511717327194200e-01 8.167753692522623510e-01 8.214690099012850188e-01 8.450412595260805571e-01 8.820435984098009552e-01 9.720260849124072733e-01 1.070407713536580596e+00 1.237701566346027127e+00 1.273177330295348852e+00 1.343872574970125022e+00 1.422850209659532794e+00 1.583714341559009808e+00 1.714293687961268020e+00 1.787297928611428555e+00 1.822242671326599561e+00 1.869117158674094892e+00 1.952756251795639830e+00 1.956297040325115644e+00 1.966865464242528283e+00 2.051818450208371392e+00 2.059639623885344495e+00 2.350295188985329631e+00 2.441958756900518335e+00 2.494115084091826251e+00 2.597875965567591372e+00 3.340551437837425919e+00 3.504386300212481320e+00 3.535338095466165065e+00 3.624633337275483758e+00
3.380066464792425007e-01 4.701379845616571185e-01 8.039235814669055680e-01 8.115322274654694912e-01 8.509264553223880867e-01 8.974837117062117731e-01 9.772938254569630834e-01 1.070025021626098694e+00 1.236244167205503786e+00 1.272601548431181673e+00 1.338987227574041983e+00 1.419594144284740400e+00 1.589457814668453262e+00 1.717300726401693955e+00 1.785621125068359571e+00 1.823407061210958524e+00 1.867493110830778846e+00 1.951666398271380443e+00 1.956296301573359653e+00 1.968817725162675059e+00 2.051018159061325008e+00 2.058424456594322827e+00 2.350661407720447293e+00 2.442338311055353817e+00 2.493585411201728608e+00 2.596879720713373363e+00 3.344100891638624784e+00 3.504233189909535806e+00 3.532823524113163138e+00 3.624772120685265442e+00
3.475481608859399829e-01 4.683481526800850059e-01 7.761027886458333747e-01 7.995923424153420500e-01 8.575588418502255728e-01 9.276839647411453393e-01 9.912493980462179222e-01 1.069109548520175812e+00 1.230138978766195601e+00 1.270907263665293607e+00 1.327929277593772328e+00 1.410437374252621501e+00 1.604772371907741357e+00 1.724737351620379888e+00 1.781121797023503150e+00 1.826170757951447010e+00 1.863418365721597469e+00 1.949099852014760881e+00 1.956262095653841460e+00 1.974282731472732255e+00 2.048579823675530598e+00 2.055332735823728996e+00 2.351651112124987897e+00 2.443665694608590400e+00 2.491964443673692742e+00 2.594149717647112663e+00 3.354276313129597398e+00 3.503572369426763977e+00 3.525629011614120234e+00 3.625093310736645869e+00
3.621350743042939246e-01 4.644045209768049576e-01 7.489356029024167860e-01 7.892048575182684100e-01 8.604701883518695027e-01 9.607890597561637991e-01 1.010206529949408738e+00 1.068219824315405297e+00 1.214970213152354539e+00 1.268433344306363564e+00 1.318608785814388451e+00 1.396758264249547965e+00 1.625795838392890325e+00 1.732834117735809976e+00 1.774442300153818097e+00 1.829406163963974707e+00 1.859034946181025161e+00 1.946552680912885691e+00 1.956102715218462240e+00 1.982352074311713119e+00 2.044679856217558100e+00 2.051655852448790451e+00 2.352952074420731066e+00 2.446388247193581389e+00 2.489231600158048341e+00 2.590316031563849375e+00 3.369817706474875330e+00 3.501750409687525156e+00 3.514831380527900340e+00 3.625385810433240596e+00
3.795613117593425456e-01 4.568932744150511760e-01 7.255263002814451578e-01 7.853123428735234723e-01 8.570697067743917597e-01 9.936995754451242169e-01 1.030869503523166530e+00 1.067938581807959864e+00 1.188449564721300034e+00 1.265937456240390890e+00 1.315902017498912446e+00 1.380104804353795345e+00 1.649107870391915309e+00 1.738206528971652842e+00 1.765671330942484740e+00 1.832725480225637193e+00 1.856302442860964907e+00 1.945446659989438887e+00 1.955720784515774024e+00 1.991951478629939487e+00 2.040067088461404055e+00 2.048594379811284227e+00 2.354123417804110385e+00 2.450898731200038316e+00 2.485512044062948345e+00 2.586077400701382256e+00 3.389059863814932516e+00 3.496445286861969759e+00 3.503427501600118177e+00 3.625470614994767082e+00
3.968293871924127303e-01 4.450807379214871684e-01 7.076222287758060503e-01 7.897898673828304128e-01 8.462672360944212269e-01 1.024960036295698984e+00 1.050385555868600385e+00 1.068765189919333558e+00 1.153897604823949763e+00 1.263667415920690429e+00 1.318738705560187130e+00 1.362333215105938855e+00 1.671888951575886351e+00 1.740315122583453888e+00 1.755303446178149596e+00 1.836375855289353654e+00 1.854695787534007767e+00 1.946710423283671165e+00 1.955115497086032272e+00 2.002086493605679696e+00 2.035050060743869516e+00 2.047317581004196807e+00 2.354757302862397150e+00 2.457163900314324412e+00 2.481106893201413310e+00 2.582022356062095181e+00 3.410318429821598496e+00 3.483495545078324263e+00 3.496506407455439724e+00 3.625306806116098457e+00
4.104966970431470630e-01 4.305664546917376545e-01 6.965900787773668945e-01 8.002362237909349529e-01 8.297147840822501896e-01 1.053556751134508973e+00 1.064320986068591379e+00 1.072568762813488341e+00 1.116250307643121609e+00 1.261640546650661499e+00 1.324835762138544260e+00 1.345878921650101256e+00 1.690507170926250913e+00 1.740928525349406897e+00 1.745601937417408100e+00 1.840794856790031853e+00 1.851895884956880511e+00 1.950182246456392265e+00 1.954523227666350893e+00 2.012042463994781372e+00 2.028959178263154861e+00 2.048673675409170780e+00 2.354655576712139986e+00 2.464524368811871202e+00 2.476382762216390976e+00 2.578705058230385649e+00 3.432012790868921748e+00 3.468031332993812388e+00 3.490196416197964169e+00 3.625005775836420696e+00
4.171106860518431492e-01 4.177936856388691500e-01 6.927848967189855767e-01 8.112339904461620677e-01 8.116401944391039569e-01 1.068296435772108977e+00 1.077946761307300161e+00 1.080563338422199982e+00 1.081247047378684378e+00 1.261156191338784538e+00 1.332741478096350685e+00 1.333182235559860374e+00 1.698331634238164911e+00 1.741512638426790049e+00 1.741934686670634891e+00 1.846414334904485477e+00 1.846586951895846429e+00 1.954295331814859038e+00 1.954404033726970358e+00 2.021345560277824749e+00 2.021445576594456117e+00 2.052038668483330497e+00 2.353908828329224434e+00 2.471574254251598823e+00 2.471919931697714734e+00 2.576808723815219082e+00 3.451693182758633682e+00 3.451986103839976394e+00 3.485062337211827455e+00 3.624756063356888269e+00
4.124995397624868776e-01 4.216675837357974355e-01 6.938511813633952974e-01 7.986902171096955660e-01 8.227285961461537900e-01 1.051269168098718954e+00 1.067664133842118446e+00 1.086337289012589746e+00 1.101834974508973053e+00 1.263889932671124816e+00 1.324498123587826370e+00 1.343292506527867358e+00 1.692690568253176764e+00 1.740576917989996808e+00 1.745056599379517071e+00 1.839634355283858547e+00 1.853287626746898065e+00 1.952758249446880257e+00 1.956022900443435519e+00 2.013025217085828267e+00 2.029320845310823795e+00 2.051657757045043162e+00 2.353776039291158195e+00 2.466696372830366357e+00 2.476608967885398194e+00 2.577747257571489481e+00 3.435916250101262559e+00 3.461340000297412178e+00 3.490556832810351562e+00 3.624733276811931582e+00
4.120669380086945943e-01 4.215525072248998972e-01 6.921210027529417497e-01 7.913111055316760512e-01 8.266979400121500232e-01 1.027918645137418929e+00 1.066371712115019577e+00 1.089334360503089627e+00 1.123532578423919848e+00 1.272836987100067541e+00 1.317055856630445110e+00 1.354877146110454067e+00 1.680040741575036911e+00 1.738296694357354788e+00 1.749623322970950356e+00 1.831358043515505241e+00 1.860605517556240374e+00 1.951291105815072369e+00 1.957617907432994686e+00 2.004955924145648716e+00 2.036753630104953583e+00 2.050243198818500812e+00 2.353672621886285121e+00 2.462052737682644210e+00 2.480797432341011799e+00 2.580685867997605243e+00 3.420038322086029314e+00 3.458833186941972393e+00 3.505770338220416615e+00 3.624786216566587171e+00
4.099595954139844678e-01 4.259778325799307153e-01 6.787550951430988411e-01 7.932277716896904973e-01 8.232666361138110123e-01 1.011662962381090658e+00 1.065191608035297444e+00 1.092959635346408165e+00 1.144243513665047507e+00 1.286726238718799653e+00 1.309909465944673723e+00 1.366950550470895642e+00 1.664385697454517921e+00 1.734915467315202076e+00 1.752108950283268518e+00 1.821939780041819779e+00 1.866271724359852335e+00 1.949619689099435282e+00 1.959063150258435693e+00 1.998865509556236431e+00 2.042997580906003474e+00 2.047920572648757265e+00 2.353720867008495254e+00 2.458285141817964981e+00 2.483883796134835453e+00 2.585684755973928883e+00 3.404514813636038362e+00 3.451532420169638016e+00 3.522972767302056774e+00 3.624943851413195528e+00
4.011550917427867957e-01 4.418029289946389104e-01 6.521998016042608315e-01 7.856407911497363949e-01 8.306886331092662168e-01 1.002585851061047473e+00 1.064800336461684260e+00 1.099761974493688843e+00 1.164495151636190995e+00 1.295557094715609203e+00 1.310077297906865779e+00 1.378975627074340737e+00 1.647099176081633365e+00 1.730749936176138926e+00 1.752010438759806776e+00 1.811655359006865806e+00 1.867285529289292034e+00 1.947077902868473931e+00 1.960510761382562750e+00 1.996798126173504606e+00 2.041308158560847907e+00 2.051157114107289292e+00 2.354052660289442489e+00 2.455596552524488718e+00 2.485703179368513371e+00 2.592717781990381720e+00 3.389734925755337969e+00 3.441987550506879767e+00 3.539188963564434243e+00 3.625234004295379453e+00
3.893678693644850863e-01 4.660962290978943878e-01 6.168097600518324120e-01 7.566888570830444527e-01 8.575840920862725092e-01 9.999366010267169980e-01 1.064964853445141024e+00 1.110623333798740786e+00 1.184759481434282558e+00 1.286529703925366475e+00 1.327892461031748406e+00 1.390493385134763615e+00 1.628614060466775371e+00 1.726087470419189085e+00 1.749808397364575940e+00 1.800791222674237524e+00 1.861377275376456808e+00 1.942678702663107160e+00 1.962223548060749057e+00 2.000074975032874569e+00 2.034900368967341056e+00 2.056856933335130755e+00 2.354790493989628253e+00 2.454064430200310731e+00 2.486198503995456388e+00 2.601667385231818397e+00 3.376008941978536182e+00 3.430771509450503576e+00 3.553675614415783723e+00 3.625682081921142608e+00
3.761497681298006657e-01 4.971226332480208066e-01 5.763555627786609570e-01 7.171905653036186878e-01 8.919171620086597807e-01 1.002932526137091163e+00 1.065079749461846026e+00 1.125029223069379247e+00 1.205356171617541605e+00 1.273338059588236204e+00 1.348091096113119169e+00 1.401141575761845059e+00 1.609022432594478191e+00 1.721132541330963495e+00 1.746132485497775777e+00 1.789610807085169730e+00 1.848549093433060397e+00 1.935412009301758829e+00 1.964118674714850243e+00 2.008129063986140661e+00 2.027292651921400513e+00 2.062176133154162372e+00 2.356023075506854969e+00 2.453630395842053336e+00 2.485424335624788039e+00 2.612307269404773535e+00 3.363558888196760410e+00 3.418156348380171128e+00 3.566251666830381861e+00 3.626308481277312534e+00
3.622794271149243905e-01 5.285943691003521794e-01 5.380059029036041718e-01 6.718149497763508116e-01 9.283090268740318285e-01 1.011778391272803113e+00 1.064801202023964333e+00 1.141620344738665915e+00 1.226304779423005531e+00 1.258095196679750227e+00 1.368028152783087315e+00 1.410655276758714827e+00 1.588259106734043691e+00 1.715974367564596204e+00 1.741526480644153496e+00 1.778363066301464013e+00 1.830435216285969613e+00 1.924515792868804809e+00 1.966000265717692042e+00 2.015910503606594517e+00 2.022737754932995458e+00 2.066979276304175439e+00 2.357778631000397418e+00 2.454118096877072830e+00 2.483540752486179670e+00 2.624284236007124349e+00 3.352519655266849696e+00 3.404464110122784160e+00 3.576937631613688495e+00 3.627123773205386481e+00
3.481267202240346803e-01 4.884712008110141945e-01 5.738320231971756336e-01 6.236661912628105320e-01 9.611375166121033375e-01 1.029201864775422415e+00 1.063991183604590551e+00 1.158294995777321201e+00 1.239770450815578018e+00 1.250074324140728388e+00 1.386827272501418573e+00 1.418847239708820318e+00 1.566183017232680275e+00 1.710581047273090460e+00 1.736390676053335191e+00 1.767315562976371712e+00 1.808924959891568207e+00 1.909756649672815332e+00 1.967854134848481262e+00 2.010025652122236828e+00 2.033522910349074397e+00 2.071257578273483890e+00 2.360007337332159061e+00 2.455275931174679016e+00 2.480796813748151308e+00 2.637110987554017516e+00 3.342952514068595171e+00 3.390158952468393938e+00 3.585832332637616471e+00 3.628121988646478169e+00
3.337000200029420771e-01 4.457401426720740689e-01 5.721501660984167348e-01 6.180007938377267696e-01 9.842932253486186278e-01 1.058160724902612149e+00 1.063487213302004575e+00 1.170381100541345365e+00 1.228526894940701775e+00 1.270640451321602971e+00 1.403884924124775280e+00 1.425563634215651909e+00 1.542650756012578839e+00 1.704819770635793263e+00 1.730920264956010701e+00 1.756794312666290381e+00 1.785764477824226537e+00 1.891764663489882148e+00 1.969726161301704526e+00 2.003062944250954214e+00 2.046012425362814913e+00 2.075019105229320093e+00 2.362582045593010882e+00 2.456828330244158476e+00 2.477504365233991201e+00 2.650179646708183512e+00 3.334870943099090379e+00 3.375840991871501107e+00 3.593061549145436295e+00 3.629273098854727042e+00
3.185970990115857826e-01 4.065982011466574009e-01 5.237156517832501912e-01 6.606436487166615912e-01 9.986428702046485917e-01 1.059351381734044084e+00 1.099585150900110442e+00 1.168620572956911463e+00 1.229199334663614529e+00 1.292112565641317712e+00 1.418679959195858098e+00 1.430591019232874572e+00 1.517655728972208351e+00 1.698522119573128375e+00 1.724860479206655972e+00 1.747199130113496590e+00 1.762920705397691856e+00 1.872008655857514858e+00 1.971615209274897751e+00 1.996674606569928123e+00 2.057605370219605323e+00 2.078270037568154649e+00 2.365315662513514106e+00 2.458518587770022634e+00 2.474005018507487996e+00 2.662800769330473827e+00 3.328275667907635960e+00 3.362175939046775142e+00 3.598764183893131907e+00 3.630516528766868145e+00
3.020011749122372136e-01 3.744008582366290527e-01 4.772470911305996544e-01 7.029030512752092452e-01 1.008405157457626045e+00 1.054919868640779468e+00 1.143307764773561219e+00 1.154759460171693286e+00 1.242110015905239617e+00 1.312664656439583633e+00 1.430324423664376843e+00 1.433685115740154226e+00 1.491770042642575511e+00 1.691645945208143820e+00 1.716666718347762410e+00 1.738910644938107986e+00 1.743648088223536119e+00 1.852428646001305523e+00 1.973451181720393466e+00 1.990868009800835781e+00 2.067613894695878862e+00 2.081004574829326437e+00 2.367986698787610589e+00 2.460134702744451562e+00 2.470635300346652574e+00 2.674264587389818093e+00 3.323191333806053027e+00 3.349790053007069446e+00 3.603094840563156875e+00 3.631759965151640568e+00
2.836861662124080530e-01 3.524203662872867349e-01 4.349224725044062434e-01 7.423389662230355235e-01 1.015543428137685833e+00 1.047885982510088132e+00 1.137581866107376438e+00 1.188746964304532971e+00 1.258040982395099094e+00 1.331195384626435718e+00 1.429802416172462953e+00 1.440565418381233975e+00 1.468106172879329430e+00 1.684541276641520202e+00 1.703888285037655992e+00 1.731398429386694415e+00 1.732982317156982699e+00 1.835013489348866988e+00 1.975109575756657243e+00 1.985746027843765527e+00 2.075654653873647337e+00 2.083199130901276064e+00 2.370365945206446501e+00 2.461518092299372018e+00 2.467696271974381794e+00 2.683911922996081056e+00 3.319692181253037777e+00 3.339171038521300261e+00 3.606222217351638726e+00 3.632889313701034073e+00
2.661648397327157078e-01 3.416255021890707289e-01 3.986081394096024355e-01 7.760830094728660145e-01 1.020606210229683342e+00 1.038294132529308023e+00 1.124389400443819964e+00 1.231510983845816476e+00 1.272235532746972542e+00 1.346314745584164196e+00 1.413770074777213059e+00 1.446678481290769147e+00 1.455316888619274440e+00 1.678143169341377305e+00 1.689615190890894736e+00 1.726267730197711847e+00 1.728161672626443712e+00 1.821450069717967191e+00 1.976440793703377441e+00 1.981618188830389427e+00 2.081507880805810284e+00 2.084814617129648440e+00 2.372241558626625224e+00 2.462557654491643877e+00 2.465434770280615417e+00 2.691196394760666077e+00 3.317903310876678002e+00 3.330616091392165856e+00 3.608312837290584607e+00 3.633789866095351595e+00
2.536825649376233671e-01 3.411976983095390548e-01 3.700800847800119753e-01 7.999374283480996661e-01 1.023672389780430958e+00 1.028831831628648885e+00 1.116510419848214086e+00 1.268113126053569184e+00 1.282001588176105544e+00 1.356404119030676592e+00 1.388945806141747008e+00 1.450087490656827960e+00 1.452132338520179200e+00 1.673850253546631084e+00 1.678953214355112689e+00 1.723908287296747943e+00 1.725376890809909192e+00 1.812903709451099798e+00 1.977302977221134350e+00 1.978904260808083571e+00 2.085055372817094188e+00 2.085807489501329215e+00 2.373441918994745770e+00 2.463154426381056084e+00 2.464058571206908521e+00 2.695722521937454985e+00 3.317974919082752105e+00 3.324245565227267551e+00 3.609506143117489518e+00 3.634368738421432266e+00
2.492088206209116530e-01 3.507026322299054422e-01 3.507415627516605738e-01 8.087807252106329337e-01 1.024649957004890588e+00 1.024743405819774633e+00 1.113978989701636113e+00 1.285219141261802145e+00 1.285824752089235856e+00 1.360014089199533815e+00 1.374915365344631324e+00 1.451328956187471597e+00 1.451402825947835984e+00 1.672763731391754938e+00 1.674626822253259650e+00 1.723219996151620137e+00 1.724443057074615426e+00 1.809993740539933782e+00 1.977586732512984113e+00 1.977969053437536706e+00 2.086137324626036627e+00 2.086248471653898040e+00 2.373855023073695669e+00 2.463217836818442752e+00 2.463727476834170815e+00 2.697256722730849710e+00 3.319926828663979368e+00 3.320180034023372251e+00 3.609893400607707470e+00 3.634568117059223891e+00
3.347130059339718522e-01 4.706511717327194200e-01 8.167753692522623510e-01 8.214690099012850188e-01 8.450412595260805571e-01 8.820435984098009552e-01 9.720260849124072733e-01 1.070407713536580596e+00 1.237701566346027127e+00 1.273177330295348852e+00 1.343872574970125022e+00 1.422850209659532794e+00 1.583714341559009808e+00 1.714293687961268020e+00 1.787297928611428555e+00 1.822242671326599561e+00 1.869117158674094892e+00 1.952756251795639830e+00 1.956297040325115644e+00 1.966865464242528283e+00 2.051818450208371392e+00 2.059639623885344495e+00 2.350295188985329631e+00 2.441958756900518335e+00 2.494115084091826251e+00 2.597875965567591372e+00 3.340551437837425919e+00 3.504386300212481320e+00 3.535338095466165065e+00 3.624633337275483758e+00
3.392258794292329349e-01 4.689966458268970961e-01 8.140820217387622071e-01 8.202759141802337117e-01 8.442723732427884764e-01 8.829504723143103417e-01 9.766106826585063683e-01 1.056872236536562371e+00 1.238212901907880026e+00 1.279949359177603441e+00 1.344169825713882549e+00 1.423145138720185221e+00 1.583437180064062533e+00 1.713882518547425349e+00 1.781571840533626716e+00 1.827284660390089632e+00 1.868929566998116742e+00 1.948101625758273281e+00 1.955842938800741448e+00 1.971610438271174548e+00 2.050436174844123549e+00 2.062125293425521200e+00 2.349490286780035131e+00 2.440208362045589219e+00 2.491758209838710769e+00 2.599346696240726562e+00 3.342972440633777520e+00 3.485239852845045672e+00 3.538033214223083256e+00 3.638734745108274549e+00
3.522529655971774476e-01 4.640831119656632087e-01 8.054581416276378469e-01 8.178392756669248254e-01 8.428495347819634498e-01 8.855669023150248842e-01 9.829358925157545279e-01 1.027616035993142996e+00 1.239642317404759497e+00 1.295449875837772158e+00 1.345143951377824276e+00 1.424323313847730033e+00 1.582610634444566511e+00 1.712442009292670209e+00 1.769511918064617939e+00 1.836846381909552628e+00 1.868296582349232349e+00 1.939824456044819456e+00 1.954654614881027097e+00 1.980615791568391959e+00 2.046049393792164217e+00 2.069425621736653120e+00 2.347320236781372138e+00 2.435221815607447216e+00 2.484861958917532032e+00 2.603805393628092713e+00 3.349882837055085272e+00 3.441560645361565918e+00 3.546048504088634701e+00 3.667247728699597253e+00
3.724111929993886294e-01 4.560516106391883651e-01 7.919257357736174674e-01 8.149244158777086966e-01 8.412925177486957340e-01 8.894768038872280513e-01 9.531793011926533721e-01 1.027169723764759235e+00 1.241847989375258088e+00 1.312270155660500315e+00 1.347046753754976844e+00 1.427166476195421696e+00 1.581236096307791827e+00 1.709484228683757490e+00 1.755482439453275756e+00 1.845284968847831220e+00 1.867089048829854381e+00 1.930881910601628615e+00 1.953903012058921584e+00 1.991468933556529208e+00 2.038700896641647997e+00 2.080448176934707849e+00 2.344442854160706524e+00 2.427712826488190867e+00 2.473965202440522759e+00 2.611335315859713457e+00 3.359386425448802171e+00 3.387697082290281436e+00 3.558531122054061413e+00 3.697372891038822829e+00
3.977503621454856475e-01 4.451364488577245759e-01 7.737283947622436431e-01 8.118393636645779843e-01 8.387354187037524555e-01 8.908733879233825537e-01 9.039194719792716937e-01 1.049014144566654538e+00 1.244618281737764010e+00 1.326290738909446265e+00 1.350297661976995300e+00 1.432615079825792170e+00 1.579270156477008857e+00 1.704525192075644346e+00 1.740601829176144921e+00 1.849831673351484351e+00 1.865255263522777707e+00 1.922083817108743098e+00 1.954995052804647360e+00 2.004064885711138722e+00 2.028777302303949259e+00 2.093500990445797072e+00 2.341727928313052320e+00 2.418643447121735068e+00 2.459943826368078401e+00 2.621971651354489730e+00 3.322574758328600275e+00 3.376237164097735111e+00 3.574198691116282856e+00 3.725180268468589073e+00
4.244124025630547914e-01 4.332617412643144372e-01 7.463863901767781028e-01 8.088796628922610976e-01 8.312062997294302757e-01 8.536174867740096150e-01 9.018886154136008804e-01 1.074761593465735521e+00 1.247584236582608863e+00 1.336131471234477397e+00 1.355436249724529141e+00 1.441207386716863770e+00 1.576557876052438800e+00 1.697324383482113896e+00 1.725154264823677952e+00 1.849598048853280829e+00 1.862642120960706249e+00 1.914046949571455603e+00 1.958588232342471480e+00 2.016451139223064182e+00 2.018924336277774678e+00 2.106784928375983856e+00 2.339990491106965997e+00 2.408997083687450136e+00 2.443889305285222413e+00 2.635667243501206070e+00 3.257190569980636052e+00 3.390767791471622328e+00 3.591583639051150634e+00 3.749445977863941515e+00
4.139209654047382725e-01 4.568738214567294453e-01 7.038285184082664347e-01 8.059520399462972717e-01 8.105446952743478040e-01 8.385516025567520959e-01 9.075021671663181522e-01 1.100949246803809345e+00 1.250273783847595244e+00 1.341986833920034261e+00 1.362998818852002358e+00 1.452632104815004599e+00 1.572763588150601688e+00 1.688006770283311253e+00 1.709481458689255495e+00 1.845644698607884493e+00 1.859147537484164614e+00 1.907205956643030165e+00 1.963511924705295897e+00 2.005043073839236634e+00 2.033859522237605244e+00 2.118783621891382030e+00 2.339726524297791155e+00 2.399616090169509164e+00 2.426975970143001593e+00 2.652264554176443134e+00 3.189792456567620338e+00 3.405904656122440866e+00 3.609193806971411345e+00 3.769737657665275687e+00
3.948060267783942145e-01 4.854436627603495591e-01 6.530087750539808056e-01 7.943609511852086635e-01 8.047730812946428669e-01 8.323363426769312401e-01 9.130104062643917828e-01 1.125827635002631055e+00 1.252286822673815303e+00 1.344750086976550296e+00 1.373221463055494640e+00 1.465829195899324588e+00 1.567381398882166321e+00 1.677123957632812301e+00 1.694373257199147220e+00 1.839453143628165588e+00 1.855599702381218741e+00 1.901718293348208189e+00 1.965977072210331356e+00 1.996513635495713590e+00 2.049557287524214289e+00 2.128553757187580331e+00 2.340940409057041371e+00 2.391141709147318828e+00 2.410398671454986541e+00 2.671408420728469402e+00 3.123615444569603383e+00 3.420069712121222683e+00 3.625640922174917069e+00 3.785955488836593830e+00
3.735350133219107471e-01 5.110290272608238871e-01 6.063475481376454645e-01 7.858306731275549462e-01 8.035940574827208360e-01 8.264895463022784439e-01 9.178121763046857007e-01 1.147871553868615946e+00 1.253477384299733322e+00 1.345426716722665672e+00 1.385593475052804280e+00 1.479346803098638530e+00 1.560019934080805415e+00 1.665707954439246796e+00 1.681084796870842002e+00 1.832457100115126192e+00 1.852968437070781293e+00 1.897561199883210925e+00 1.961605883178910714e+00 1.995531200690269458e+00 2.064289585537065985e+00 2.135785914124528784e+00 2.343157830018759658e+00 2.384029073525921749e+00 2.395390929571600047e+00 2.692326096742044150e+00 3.062152865998673867e+00 3.432186728685068910e+00 3.639725424001857945e+00 3.798195700637772454e+00
3.524914325781017821e-01 5.313783653929552431e-01 5.711229137056986760e-01 7.810122511328413397e-01 8.033678222357000243e-01 8.208330638914316246e-01 9.215209744333836550e-01 1.165482678585090914e+00 1.253987033523858097e+00 1.344927707526640814e+00 1.398504954113674037e+00 1.491455032811309200e+00 1.551172743221740147e+00 1.655261944878432701e+00 1.670935790503487395e+00 1.826169206975293946e+00 1.851501275156522297e+00 1.894665217650562727e+00 1.953772036155191127e+00 1.998916116015846400e+00 2.076545031760022031e+00 2.140619997644014116e+00 2.345625728859102033e+00 2.378538612845403577e+00 2.383316496829841036e+00 2.713284824657759664e+00 3.009795947297042140e+00 3.441430303269888746e+00 3.650485609696211498e+00 3.806670761642631629e+00
3.362828233882299012e-01 5.436989497854289866e-01 5.508287757047061195e-01 7.785159973147901535e-01 8.039428957759511274e-01 8.162186976121161841e-01 9.238599380018621687e-01 1.177000068914807018e+00 1.254111837371494120e+00 1.344114704813669237e+00 1.408984167683975608e+00 1.500109671201247608e+00 1.543157435158094559e+00 1.647666779475676968e+00 1.664752652906984265e+00 1.821857021787063768e+00 1.850915355120928307e+00 1.892964547074377224e+00 1.947555346079846261e+00 2.002085037734552930e+00 2.084755041666721542e+00 2.143357646595575705e+00 2.347560400252247881e+00 2.374076632763981287e+00 2.376332567613652635e+00 2.730478073150737206e+00 2.972674315454629568e+00 3.447211699571327337e+00 3.657223342910925989e+00 3.811625969559181204e+00
3.301028473011441977e-01 5.417769610332289210e-01 5.503631955373606832e-01 7.777394744648103986e-01 8.044703003776414452e-01 8.142403379527898277e-01 9.246588315986721263e-01 1.181028478684822636e+00 1.254118650015474845e+00 1.343736963284855035e+00 1.413165428325920958e+00 1.503299066124738737e+00 1.539774322085194713e+00 1.644837322733887053e+00 1.662707073319890316e+00 1.820327781422304003e+00 1.850786769151259614e+00 1.892405401265434106e+00 1.945258765094786124e+00 2.003283687473131014e+00 2.087656981116200683e+00 2.144241212596706969e+00 2.348305588236886177e+00 2.371617576078118184e+00 2.374783836251589175e+00 2.737539462415807812e+00 2.958774854810530375e+00 3.449178012614968480e+00 3.659516332133199157e+00 3.813253542645019145e+00
5.365546139132217895e-01 5.396828902916820381e-01 5.398509230047616736e-01 6.855060147989957553e-01 7.703706163651049543e-01 7.708200142250883902e-01 1.064081985050933099e+00 1.137654363651474654e+00 1.138009385396371753e+00 1.412347735767154555e+00 1.453368729590788000e+00 1.453547000021814473e+00 1.585257542784775486e+00 1.585477560257967600e+00 1.708362337540528797e+00 1.817215675826290733e+00 1.817726956547038419e+00 1.931819994213777258e+00 1.932076319007732357e+00 2.047714644616662749e+00 2.048456616010243536e+00 2.120190169745925335e+00 2.374622156921582850e+00 2.374648783091490856e+00 2.377493861000631536e+00 2.698932110523998951e+00 2.956813755152536416e+00 3.568912034569031277e+00 3.569177958257820471e+00 3.814249007526470336e+00
5.181500786295025751e-01 5.183484157330838782e-01 5.429809556019279393e-01 6.799286375634516766e-01 7.892537607851524140e-01 7.896745712719452914e-01 1.069408095996732921e+00 1.130548611168269213e+00 1.130903378346344024e+00 1.407152085104348860e+00 1.482494869334508358e+00 1.482723521456080551e+00 1.555585377960607474e+00 1.555862604147016937e+00 1.707287641973650238e+00 1.825457973716105409e+00 1.825945964256754150e+00 1.928613755070262448e+00 1.928865819814844063e+00 2.039704560641372399e+00 2.040429752704027599e+00 2.138668187694399148e+00 2.363510390371753367e+00 2.381637274504055934e+00 2.381680427759326868e+00 2.694596691781121489e+00 2.965799362600689548e+00 3.568890398972889511e+00 3.569156861720486074e+00 3.814075393054871199e+00
4.944618048673354305e-01 4.946973785375271548e-01 5.688071202868122400e-01 6.752259300430405453e-01 8.076248356446555920e-01 8.080223346959666264e-01 1.074749506389378162e+00 1.121009213060287113e+00 1.121368419130358118e+00 1.398573846752244831e+00 1.508457691876609941e+00 1.508752676676118121e+00 1.529940309512939356e+00 1.530304860145773382e+00 1.705891402001166623e+00 1.835353171194345601e+00 1.835811500113025074e+00 1.928504362870525402e+00 1.928749879605756945e+00 2.029186102846249007e+00 2.029886882817199645e+00 2.156905429940228824e+00 2.346117845619046349e+00 2.391225863517628447e+00 2.391288652861202735e+00 2.681125579246794288e+00 2.997074511923963680e+00 3.564554215607532939e+00 3.564822188405035508e+00 3.810423296999475351e+00
4.699322588767804176e-01 4.702207067704838872e-01 6.114476229809292507e-01 6.717500923435856253e-01 8.246038585868892268e-01 8.249851172195391547e-01 1.079717034811336518e+00 1.109629077195380953e+00 1.110000536723612985e+00 1.387234524874840114e+00 1.493369077943388135e+00 1.493618480758923894e+00 1.546313391017218652e+00 1.546557035544386505e+00 1.704281229283769017e+00 1.846001306363324268e+00 1.846422798240322072e+00 1.931978227344329779e+00 1.932218099595850891e+00 2.016754546582299579e+00 2.017428965365990035e+00 2.173821234305789662e+00 2.326284423385633016e+00 2.402586249903805093e+00 2.402678724736434290e+00 2.663229581817436742e+00 3.044490113726324942e+00 3.556163575699263557e+00 3.556433951522703474e+00 3.803090974588531736e+00
4.460214424912622988e-01 4.463743533453650714e-01 6.666322292452143694e-01 6.703188986489030388e-01 8.392759478876853363e-01 8.396493643306536248e-01 1.083944097453770405e+00 1.097331147327776479e+00 1.097740432850148107e+00 1.373749957727855131e+00 1.466401272634892505e+00 1.466720972477253415e+00 1.575128793546679784e+00 1.575426075326773701e+00 1.702584736002437538e+00 1.856552400847906847e+00 1.856931376921637344e+00 1.938851882974062635e+00 1.939097280506981935e+00 2.003231662981236560e+00 2.003881596951693211e+00 2.187136109796661732e+00 2.306393176793625877e+00 2.414994777324193098e+00 2.415124662788099119e+00 2.644576857790338131e+00 3.102259331099417317e+00 3.544242406903324927e+00 3.544515950463031917e+00 3.791817028824843838e+00
4.243493566531834071e-01 4.247743345319301977e-01 6.691743099517096782e-01 7.321698460321832691e-01 8.505744616696727656e-01 8.509488292941705945e-01 1.085256488449765966e+00 1.085430125017951219e+00 1.087681810944695293e+00 1.358562170864635377e+00 1.440557086999902703e+00 1.440918461604550060e+00 1.603451729378093660e+00 1.603786851193122365e+00 1.700940201295988441e+00 1.866455764981768350e+00 1.866790529292251533e+00 1.947622137103112605e+00 1.947890369707176772e+00 1.990123449893263397e+00 1.990742854207232071e+00 2.191810596962533886e+00 2.291846887788911769e+00 2.427796016009739599e+00 2.427967059873858524e+00 2.627172035683129181e+00 3.165861127785943641e+00 3.529573602730515347e+00 3.529850896385981596e+00 3.776366338642848319e+00
4.066258614316794473e-01 4.071252444190401887e-01 6.702879625812177000e-01 8.020321866620897522e-01 8.573029949139663319e-01 8.576852453622322292e-01 1.075294071337592028e+00 1.075620203306282940e+00 1.089308106777252982e+00 1.341863376259322171e+00 1.416605511798674666e+00 1.416996872592036993e+00 1.630446467873043703e+00 1.630809129831874760e+00 1.699485231668366625e+00 1.875227407203749141e+00 1.875516097989294417e+00 1.953527644808136676e+00 1.953763424108035496e+00 1.981951738685024056e+00 1.982420752332051395e+00 2.181708819788539255e+00 2.289432703260829705e+00 2.440343353878388299e+00 2.440555802834712296e+00 2.611969927260750168e+00 3.231682416232232402e+00 3.513185200041981648e+00 3.513466587156496512e+00 3.756617629376954870e+00
3.944768568102068884e-01 3.950461483820951192e-01 6.728586884980575222e-01 8.583992604260523018e-01 8.587935001433841808e-01 8.729620509545379381e-01 1.068573088720417452e+00 1.068936151254514133e+00 1.089870756247035999e+00 1.323659577424414646e+00 1.394824793340762259e+00 1.395237968637248027e+00 1.655864208352809008e+00 1.656245429384550993e+00 1.698344285412760168e+00 1.881656286923216959e+00 1.881884071258120850e+00 1.949747551009427315e+00 1.949975093878882459e+00 1.985749269840737519e+00 1.985899515670080273e+00 2.158721219801531532e+00 2.298173791141886912e+00 2.451926447861545455e+00 2.452177722873317922e+00 2.599373279530216241e+00 3.296728346427349354e+00 3.496318969691267764e+00 3.496604504210805597e+00 3.732648654034943725e+00
3.891816863990336661e-01 3.898088549185604879e-01 6.766995058410258945e-01 8.534426790038563970e-01 8.538436199424184192e-01 9.409369551386853603e-01 1.066115987195314530e+00 1.066497668797354414e+00 1.088969129551672355e+00 1.304052375726955537e+00 1.375384893326709879e+00 1.375813234462480050e+00 1.679663941187907961e+00 1.680056336112077053e+00 1.697616468469341333e+00 1.882959430692612735e+00 1.883089391499825904e+00 1.943853898422650994e+00 1.944078493853177880e+00 1.995504305324939942e+00 1.995570743741402309e+00 2.130030964209381317e+00 2.311993425041457773e+00 2.461725107515214894e+00 2.462010443461046361e+00 2.589522218805030640e+00 3.358417570977997535e+00 3.480368838938117104e+00 3.480658273903472377e+00 3.704866802254906499e+00
3.913969594258727147e-01 3.920637140221756023e-01 6.815366724048982361e-01 8.429918409630824394e-01 8.433957899834244598e-01 1.001323814689070391e+00 1.067879288078553701e+00 1.068266132510065747e+00 1.086624217472118126e+00 1.283979124414439177e+00 1.358435317558802202e+00 1.358873099798000750e+00 1.697364527234894060e+00 1.701888214889017537e+00 1.702287728176349324e+00 1.876383975141751259e+00 1.876450919512492765e+00 1.943454537033506124e+00 1.943604956719974242e+00 2.005466668576589839e+00 2.005566759871606042e+00 2.100757208161664114e+00 2.326991981595252224e+00 2.468828409529216117e+00 2.469141475846436506e+00 2.582460290562693661e+00 3.414139760459908857e+00 3.466775588090912574e+00 3.467068609064230866e+00 3.674388419360448577e+00
4.009953930682735868e-01 4.016804660881637679e-01 6.870293840704246868e-01 8.283930574479316800e-01 8.287977008936101564e-01 1.047340862407779793e+00 1.073046413914167330e+00 1.073407530927897646e+00 1.082995344545032657e+00 1.266962238297113963e+00 1.344148602111898905e+00 1.344590555687620981e+00 1.697611049964357965e+00 1.722546714687722469e+00 1.722953739559023090e+00 1.863168844177335748e+00 1.863295231416438824e+00 1.947999916160815692e+00 1.948105797296638464e+00 2.014176483199349832e+00 2.014289098524996824e+00 2.074053781445404976e+00 2.341271203008356672e+00 2.472342360099045511e+00 2.472675787716536622e+00 2.578214601735981049e+00 3.456871881187416840e+00 3.457145200274001962e+00 3.459780388056265199e+00 3.644435440247739244e+00
4.171106860518431492e-01 4.177936856388691500e-01 6.927848967189855767e-01 8.112339904461620677e-01 8.116401944391039569e-01 1.068296435772108977e+00 1.077946761307300161e+00 1.080563338422199982e+00 1.081247047378684378e+00 1.261156191338784538e+00 1.332741478096350685e+00 1.333182235559860374e+00 1.698331634238164911e+00 1.741512638426790049e+00 1.741934686670634891e+00 1.846414334904485477e+00 1.846586951895846429e+00 1.954295331814859038e+00 1.954404033726970358e+00 2.021345560277824749e+00 2.021445576594456117e+00 2.052038668483330497e+00 2.353908828329224434e+00 2.471574254251598823e+00 2.471919931697714734e+00 2.576808723815219082e+00 3.451693182758633682e+00 3.451986103839976394e+00 3.485062337211827455e+00 3.624756063356888269e+00
