-1.939387506667716587e-01
-1.734307486198453097e-01
-1.529227465729189606e-01
-1.324147445259926392e-01
-1.119067424790662763e-01
-9.139874043213992716e-02
-7.089073838521357807e-02
-5.038273633828723591e-02
-2.987473429136089376e-02
-9.366732244434551602e-03
1.114126980249179229e-02
3.164927184941813271e-02
5.215727389634450262e-02
7.266527594327082396e-02
9.317327799019718693e-02
1.136812800371235083e-01
1.341892820840498712e-01
1.546972841309762481e-01
1.752052861779025694e-01
1.957132882248289185e-01
2.162212902717552399e-01
2.367292923186816445e-01
2.572372943656079380e-01
2.777452964125342594e-01
2.982532984594606917e-01
3.187613005063870131e-01
3.392693025533133344e-01
3.597773046002397668e-01
3.802853066471660326e-01
4.007933086940923539e-01
4.213013107410186753e-01
4.418093127879451076e-01
4.623173148348714290e-01
4.828253168817977503e-01
5.033333189287241272e-01
5.238413209756505040e-01
5.443493230225767698e-01
5.648573250695031467e-01
5.853653271164295235e-01
6.058733291633559004e-01
6.263813312102821662e-01
6.468893332572085431e-01
6.673973353041349199e-01
6.879053373510611857e-01
7.084133393979875626e-01
7.289213414449139394e-01
7.494293434918403163e-01
7.699373455387666931e-01
7.904453475856929590e-01
8.109533496326193358e-01
8.314613516795456016e-01
8.519693537264719785e-01
8.724773557733982443e-01
8.929853578203246212e-01
9.134933598672511090e-01
9.340013619141774859e-01
9.545093639611037517e-01
9.750173660080300175e-01
9.955253680549563944e-01
1.016033370101882660e+00
1.036541372148809037e+00
1.057049374195735636e+00
1.077557376242661791e+00
1.098065378289588168e+00
1.118573380336514544e+00
1.139081382383440699e+00
1.159589384430367076e+00
1.180097386477293453e+00
1.200605388524220052e+00
1.221113390571146207e+00
1.241621392618072584e+00
1.262129394664998960e+00
1.282637396711925337e+00
1.303145398758851492e+00
1.323653400805777869e+00
1.344161402852704468e+00
1.364669404899630623e+00
1.385177406946556999e+00
1.405685408993483376e+00
1.426193411040409753e+00
1.446701413087335908e+00
1.467209415134262285e+00
1.487717417181188884e+00
1.508225419228115038e+00
1.528733421275041415e+00
1.549241423321967792e+00
1.569749425368894169e+00
1.590257427415820324e+00
1.610765429462746701e+00
1.631273431509673300e+00
1.651781433556599454e+00
1.672289435603525831e+00
1.692797437650452208e+00
1.713305439697378585e+00
1.733813441744304962e+00
1.754321443791231117e+00
1.774829445838157715e+00
1.795337447885083870e+00
1.815845449932010247e+00
1.836353451978936402e+00
1.856861454025863001e+00
1.877369456072789378e+00
1.897877458119715310e+00
1.918385460166641909e+00
1.938893462213568064e+00
1.959401464260494441e+00
1.979909466307420596e+00
2.000417468354346973e+00
2.020925470401273571e+00
2.041433472448199726e+00
2.061941474495126325e+00
2.082449476542052480e+00
2.102957478588979079e+00
2.123465480635905234e+00
2.143973482682831389e+00
2.164481484729757987e+00
2.184989486776684142e+00
2.205497488823610741e+00
2.226005490870536896e+00
2.246513492917463495e+00
2.267021494964389650e+00
2.287529497011315804e+00
2.308037499058242403e+00
2.328545501105168558e+00
2.349053503152095157e+00
2.369561505199021312e+00
2.390069507245947911e+00
2.410577509292874065e+00
2.431085511339800220e+00
2.451593513386726819e+00
2.472101515433652974e+00
2.492609517480579573e+00
2.513117519527505728e+00
2.533625521574432327e+00
2.554133523621358481e+00
2.574641525668284636e+00
2.595149527715211235e+00
2.615657529762137390e+00
2.636165531809063989e+00
2.656673533855990144e+00
2.677181535902916742e+00
2.697689537949842897e+00
2.718197539996769052e+00
2.738705542043695651e+00
2.759213544090621806e+00
2.779721546137548405e+00
2.800229548184474559e+00
2.820737550231401158e+00
2.841245552278327313e+00
2.861753554325253468e+00
2.882261556372180067e+00
2.902769558419106222e+00
2.923277560466032821e+00
2.943785562512958975e+00
2.964293564559885574e+00
2.984801566606811729e+00
3.005309568653737884e+00
3.025817570700664483e+00
3.046325572747590638e+00
3.066833574794517236e+00
3.087341576841443391e+00
3.107849578888369990e+00
3.128357580935296145e+00
3.148865582982222744e+00
3.169373585029148899e+00
3.189881587076075053e+00
3.210389589123001652e+00
3.230897591169927807e+00
3.251405593216854406e+00
3.271913595263780561e+00
3.292421597310707160e+00
3.312929599357633315e+00
3.333437601404559469e+00
3.353945603451486068e+00
3.374453605498412223e+00
3.394961607545338822e+00
3.415469609592264977e+00
3.435977611639191576e+00
3.456485613686117730e+00
3.476993615733043885e+00
3.497501617779970484e+00
3.518009619826896639e+00
3.538517621873823238e+00
3.559025623920749393e+00
3.579533625967675992e+00
3.600041628014602146e+00
3.620549630061528301e+00
3.641057632108454456e+00
3.661565634155381499e+00
3.682073636202307654e+00
3.702581638249233809e+00
3.723089640296159963e+00
3.743597642343086562e+00
3.764105644390012717e+00
3.784613646436938872e+00
3.805121648483865915e+00
3.825629650530792070e+00
3.846137652577718224e+00
3.866645654624644379e+00
3.887153656671570978e+00
