0.000000000000000000e+00
3.546688244708824655e-02
7.093376489417649311e-02
1.064006473412647397e-01
1.418675297883529862e-01
1.773344122354412189e-01
2.128012946825294793e-01
2.482681771296177398e-01
2.837350595767059724e-01
3.192019420237942051e-01
3.546688244708824378e-01
3.901357069179707260e-01
4.276765328195666349e-01
4.652173587211624883e-01
5.027581846227583418e-01
5.402990105243542507e-01
5.778398364259501596e-01
6.153806623275459575e-01
6.500337323905575060e-01
6.846868024535691655e-01
7.193398725165807139e-01
7.539929425795922624e-01
7.886460126426038109e-01
8.232990827056154703e-01
8.579521527686270188e-01
8.926052228316385673e-01
9.272582928946502268e-01
9.619113629576617752e-01
9.965644330206733237e-01
1.031217503083684983e+00
1.065870573146696643e+00
1.098219046865333004e+00
1.130567520583969587e+00
1.162915994302605949e+00
1.195264468021242532e+00
1.227612941739878893e+00
1.259961415458515255e+00
1.292309889177151838e+00
1.324658362895788200e+00
1.357006836614424561e+00
1.389355310333061144e+00
1.421703784051697506e+00
1.454215092961528288e+00
1.486726401871359293e+00
1.519237710781190298e+00
1.551749019691021081e+00
1.584260328600851864e+00
1.616771637510682869e+00
1.649282946420513873e+00
1.681794255330344656e+00
1.714305564240175439e+00
1.746816873150006444e+00
1.779328182059837449e+00
1.811839490969668232e+00
1.844017341742464788e+00
1.876195192515261123e+00
1.908373043288057680e+00
1.940550894060854015e+00
1.972728744833650572e+00
2.004906595606446906e+00
2.037084446379243463e+00
2.067117107100520101e+00
2.097149767821796740e+00
2.127182428543073378e+00
2.157215089264350460e+00
2.187247749985627099e+00
2.217280410706903737e+00
2.247313071428180375e+00
2.277345732149457014e+00
2.307378392870733652e+00
2.337411053592010290e+00
2.367443714313287373e+00
2.397476375034564011e+00
2.427509035755840650e+00
2.457541696477117288e+00
2.487574357198393926e+00
2.487574357198393926e+00
2.519922830917030510e+00
2.552271304635666649e+00
2.584619778354303232e+00
2.616968252072939816e+00
2.649316725791575955e+00
2.681665199510212538e+00
2.714013673228849122e+00
2.746362146947485705e+00
2.778710620666121844e+00
2.811059094384758428e+00
2.843407568103394567e+00
2.843407568103394567e+00
2.875756041822031150e+00
2.908104515540667290e+00
2.940452989259303873e+00
2.972801462977940457e+00
3.005149936696576596e+00
3.037498410415213179e+00
3.069846884133849763e+00
3.102195357852486346e+00
3.134543831571122485e+00
3.166892305289759069e+00
3.199240779008395208e+00
