-2.984045307287597863e-05 -8.616316883748081215e-06 -1.858136043779157451e-08 4.234262138431506978e-02 9.998510466534328289e-01 1.240173712545483253e+00 1.240285769641296554e+00 1.338555831180036515e+00 1.338706466851021570e+00 1.340822738338866005e+00 1.340866860978021213e+00 1.342458979966302035e+00 1.402543439706263495e+00 1.556599268164356564e+00 1.556715958521432519e+00 1.827123141527956074e+00 1.827201383998037443e+00 1.988117666802103445e+00 1.988259597837860770e+00 2.032375649838751741e+00 2.032535061063843518e+00 2.172359782453212151e+00 2.226012013113478627e+00 2.361597106957235681e+00 2.361597223803341361e+00 2.942770689796927908e+00 2.978697956743464381e+00 3.430961802092386659e+00 3.431180199773605111e+00 3.805450921965998212e+00
4.411872566053282735e-02 5.394210007423574926e-02 8.176612673008105958e-02 1.022300175115441190e-01 9.932898317791484244e-01 1.225085968603879749e+00 1.238734564777617564e+00 1.327940089710356375e+00 1.332668893010016564e+00 1.337433671138323232e+00 1.342353952941795603e+00 1.351996411031962442e+00 1.415316607263547910e+00 1.560430669210922217e+00 1.563805294159548831e+00 1.827459544459395513e+00 1.827700263579294937e+00 1.987790982988815625e+00 1.988122440818044234e+00 2.031341895458159907e+00 2.031685728306297900e+00 2.172102644927933923e+00 2.228075656074786082e+00 2.361776837628775549e+00 2.362208981166928901e+00 2.936372616566010674e+00 2.978324016938620922e+00 3.431470685983310620e+00 3.437211392520040487e+00 3.805623127076243950e+00
8.810317391203960347e-02 1.078531005476103394e-01 1.454013535224211728e-01 2.035541808008550779e-01 9.748716556166372449e-01 1.187609207611872719e+00 1.230109946844991864e+00 1.310575212257474309e+00 1.322302165704901666e+00 1.335635275651370080e+00 1.345772166954785298e+00 1.363829027896280799e+00 1.439833780221748238e+00 1.571347613461564707e+00 1.581678515626919967e+00 1.828383763080918323e+00 1.828832220780942430e+00 1.986544516717538622e+00 1.986922764583993528e+00 2.028326544301326972e+00 2.030421972516177842e+00 2.171279244172147127e+00 2.234266158381970957e+00 2.362310061242601122e+00 2.363868352527037420e+00 2.918517760338807498e+00 2.977230603732815339e+00 3.432799852774052418e+00 3.454317804957700577e+00 3.806131124411956446e+00
1.309542189249180422e-01 1.612522517031572955e-01 2.118306061654165462e-01 3.029965376370820085e-01 9.474038548422217820e-01 1.140129868476058350e+00 1.206585633762238485e+00 1.296200162290697344e+00 1.310298954782153080e+00 1.335509329280746504e+00 1.350987137881836109e+00 1.379526284057773999e+00 1.463150006370076639e+00 1.587653360808259473e+00 1.603852439340615277e+00 1.829245320917219697e+00 1.830191425078599998e+00 1.981980183166770493e+00 1.984505743022015656e+00 2.023791338770856818e+00 2.031681712817809515e+00 2.169763779131803627e+00 2.244465806761575255e+00 2.363175142111466176e+00 2.366133314053450398e+00 2.892516559873069770e+00 2.975501183932993676e+00 3.434885911926014668e+00 3.479667498908855183e+00 3.806948156353419765e+00
1.720624155016049206e-01 2.138865994639882750e-01 2.782377052200036838e-01 3.994266291214674802e-01 9.137195512260927188e-01 1.090088356373826173e+00 1.168520900928866624e+00 1.286369405532020949e+00 1.296224813582117719e+00 1.336813039559264116e+00 1.357766486753269941e+00 1.399524630465976083e+00 1.481867773998167381e+00 1.606377898362243206e+00 1.625219261901480694e+00 1.827563934202394380e+00 1.833317809163241163e+00 1.971970556020242071e+00 1.981675246060764062e+00 2.018425245449126937e+00 2.037180778978301632e+00 2.167429751492301104e+00 2.258211387901402301e+00 2.364325681941795931e+00 2.368496209281349074e+00 2.862308182733756645e+00 2.973268977105414823e+00 3.437551626224960799e+00 3.510031068297455370e+00 3.808027130063101229e+00
2.107125489420684228e-01 2.655721652673785904e-01 3.436656055778755103e-01 4.914608199184035686e-01 8.761235158021056790e-01 1.041692298230025626e+00 1.121713197796479600e+00 1.278201845276564663e+00 1.279903007117472180e+00 1.338587374756060600e+00 1.365797033564247087e+00 1.422794587489144558e+00 1.495954730792119047e+00 1.624358640667592502e+00 1.642465173430908809e+00 1.823132220015160732e+00 1.838357216470722699e+00 1.958069175296439424e+00 1.977980178865254457e+00 2.013048613010687049e+00 2.045878484770687677e+00 2.164230612187185709e+00 2.274575180134427832e+00 2.365683776333276089e+00 2.370578008962583638e+00 2.831514573776287680e+00 2.970708190980563490e+00 3.440572613862237006e+00 3.542441967630443056e+00 3.809298543216369293e+00
2.460458585710225687e-01 3.161841140925434890e-01 4.073304733207988026e-01 5.773120437567118568e-01 8.365968383468846969e-01 9.978164646841606311e-01 1.069992080672260482e+00 1.261442800408193010e+00 1.270547685606870258e+00 1.340223010910885915e+00 1.374718893998542191e+00 1.447723631401299338e+00 1.505739635882016092e+00 1.639381099129485930e+00 1.653667258122002881e+00 1.816660365043060832e+00 1.845779295404903708e+00 1.941840422858834403e+00 1.973240814353497852e+00 2.008488000586041267e+00 2.055882204124945822e+00 2.160262117146685146e+00 2.292242547493255511e+00 2.367141500689628142e+00 2.372219394848743335e+00 2.803009530297988494e+00 2.968021997504227460e+00 3.443698839234486719e+00 3.574359130118117900e+00 3.810670446353423113e+00
2.770653155695668723e-01 3.656408383436183795e-01 4.678812241359033286e-01 6.545279321207730927e-01 7.974199996042178329e-01 9.608631510390827080e-01 1.015296125848732967e+00 1.241354550785282340e+00 1.263429705249988322e+00 1.341516396548502188e+00 1.384184566701946784e+00 1.472727097257477302e+00 1.511113347556542141e+00 1.650394012637950381e+00 1.658270492543704178e+00 1.810333060509268899e+00 1.855513693617757198e+00 1.924209736118586589e+00 1.967324780385155458e+00 2.005331778064096682e+00 2.065576309476353511e+00 2.155798014196234735e+00 2.309699472776429729e+00 2.368571799431955505e+00 2.373438157329135212e+00 2.778755940122763501e+00 2.965427559537862745e+00 3.446676705244258621e+00 3.603621905527657709e+00 3.812032237155756675e+00
3.026956949372843764e-01 4.138203882854918914e-01 5.219200933961530842e-01 7.195299669657028163e-01 7.626711893218035554e-01 9.332704249737091562e-01 9.588227727625454611e-01 1.220652236049206030e+00 1.257257553912431547e+00 1.342451461168810978e+00 1.393814718624676763e+00 1.496267955748516343e+00 1.511936253030310429e+00 1.657105795186405883e+00 1.657224562067726614e+00 1.807067747423115156e+00 1.866710456721530909e+00 1.905779385003416149e+00 1.960403988417498633e+00 2.003680918492680707e+00 2.073818672444124989e+00 2.151296093219704275e+00 2.325414622929474096e+00 2.369844959392160444e+00 2.374303249406757743e+00 2.759808197534104224e+00 2.963138754308262790e+00 3.449269845229967490e+00 3.628405541297561765e+00 3.813263247226759578e+00
3.218972757623428382e-01 4.603600900970606924e-01 5.600545157191370027e-01 7.421661138294823878e-01 7.672601572884731880e-01 9.017105545252832588e-01 9.176135813007806341e-01 1.201325504278355272e+00 1.252465262181636119e+00 1.343069782483597985e+00 1.402924369970424578e+00 1.508968860864581707e+00 1.516546556604874807e+00 1.652232628786791002e+00 1.660452483058422857e+00 1.808824578901789604e+00 1.877828894950087646e+00 1.887519260470945648e+00 1.953146095609730404e+00 2.003164390454009069e+00 2.079948382381740846e+00 2.147362070199061002e+00 2.337974375977211139e+00 2.370845072370212137e+00 2.374839051608878648e+00 2.746481613513618303e+00 2.961347773902118785e+00 3.451276805581243501e+00 3.647225723027999411e+00 3.814245683830410183e+00
3.338026322373362498e-01 5.042038869332069462e-01 5.663483032958634977e-01 7.518323227296507261e-01 7.935681934841943841e-01 8.458307078065138152e-01 9.139536059737516371e-01 1.186759618790141024e+00 1.249423383612931593e+00 1.343418509812392525e+00 1.410035554185320894e+00 1.504656086931585923e+00 1.531008550448765160e+00 1.646713961689696193e+00 1.661432903132496364e+00 1.814580899970377859e+00 1.871830502529676643e+00 1.886646447030262186e+00 1.946991036814265330e+00 2.003197806700057093e+00 2.083677864157305493e+00 2.144647623791009039e+00 2.346163870296493315e+00 2.371482501387818242e+00 2.375061509748335631e+00 2.738651137091512755e+00 2.960207371595553916e+00 3.452544606531259053e+00 3.658975673946886609e+00 3.814879947320199527e+00
3.378379011201340099e-01 5.420218613213245717e-01 5.427102618182148008e-01 7.816011019201314358e-01 8.010643775225427810e-01 8.031388967798558376e-01 9.148171056490245201e-01 1.181181052029997458e+00 1.248380248249101099e+00 1.343530836884820445e+00 1.412850226012579258e+00 1.502574375451775524e+00 1.536421759117436725e+00 1.644229402705083887e+00 1.661564520223381525e+00 1.818439326470392414e+00 1.864707007778018344e+00 1.890188111409973226e+00 1.944396291897167561e+00 2.003275354136441422e+00 2.084924791321772997e+00 2.143675199176838575e+00 2.349031048281854606e+00 2.371701288215635195e+00 2.375096754817446421e+00 2.736077492372651854e+00 2.959815915500334960e+00 3.452977979248438078e+00 3.662969784366293169e+00 3.815099217452959657e+00
3.449686325669632514e-01 5.432465452408132833e-01 5.459515122675457910e-01 7.787341437535379995e-01 7.883264359334815063e-01 8.027290941443931960e-01 9.291076410115244322e-01 1.180058657006160860e+00 1.237558343211119460e+00 1.346577921742368567e+00 1.420380531801300306e+00 1.500174513888326455e+00 1.535789713664296396e+00 1.642155907910758383e+00 1.664634400646928469e+00 1.819272937382642397e+00 1.862369668525373445e+00 1.891361329835185012e+00 1.943701996157240819e+00 2.005348436090503839e+00 2.083381402888469847e+00 2.142606720655676700e+00 2.350202434174966992e+00 2.372006322072599538e+00 2.375267760104862180e+00 2.733678286650713218e+00 2.959706477678192726e+00 3.457964101557964298e+00 3.659816069385381621e+00 3.815155097491733649e+00
3.659790373407998954e-01 5.478931424447245346e-01 5.530706947683252661e-01 7.593005984495162508e-01 7.723245486540460947e-01 8.018597284011766968e-01 9.604271512615035755e-01 1.176783342518149311e+00 1.211039099508625538e+00 1.355387577614875161e+00 1.436687204055224987e+00 1.493217360551325701e+00 1.535394388020105749e+00 1.636314593052136557e+00 1.672882162289737407e+00 1.820730730036265843e+00 1.855132054705407985e+00 1.895520178523699917e+00 1.942264496040697397e+00 2.011145396890771320e+00 2.079004049432340739e+00 2.139298717069520794e+00 2.353748213704394576e+00 2.372793733990753218e+00 2.375773955125062731e+00 2.727131502452181167e+00 2.959406287366447508e+00 3.472153086804834921e+00 3.650580065616989778e+00 3.815310520898143487e+00
3.992702147134505331e-01 5.539535699057956952e-01 5.609902478164439099e-01 7.281440094582812828e-01 7.638083235803315718e-01 7.987485281225479294e-01 9.963237005069200958e-01 1.171275876640614610e+00 1.178646973412418530e+00 1.368899252622063356e+00 1.451517362102870523e+00 1.482452251746590344e+00 1.538970580920313580e+00 1.627324921334957875e+00 1.684062321581227151e+00 1.821137317586581483e+00 1.843405452655134003e+00 1.903267133700681013e+00 1.941056954479944974e+00 2.019607363873474171e+00 2.072530376112423856e+00 2.133839917701671141e+00 2.359405928889604098e+00 2.373736263755171105e+00 2.376562243321211021e+00 2.718165329170721733e+00 2.958989627097139863e+00 3.493478859303071005e+00 3.635937032038098149e+00 3.815531562578464708e+00
4.415575867027219936e-01 5.572950688109604700e-01 5.647098477793950355e-01 7.013560231014998037e-01 7.580285216525998182e-01 7.922925514465333219e-01 1.030430227523999154e+00 1.147929839572344735e+00 1.163636270318088695e+00 1.385552187092533583e+00 1.458660310867940790e+00 1.469203161805584523e+00 1.549672242019830337e+00 1.615481849856904351e+00 1.695485669495865100e+00 1.820097634739311854e+00 1.829869409302649075e+00 1.913364227630317993e+00 1.939943310989460379e+00 2.029464140089068724e+00 2.064903603645401375e+00 2.127286938997100307e+00 2.366068713078623986e+00 2.374502956071621540e+00 2.377410030386502449e+00 2.709074800782903303e+00 2.958555601004839719e+00 3.519136540771002686e+00 3.616974476771422697e+00 3.815768438039007115e+00
4.885664009708102218e-01 5.525513693154917583e-01 5.575484620620404508e-01 6.860264625824762375e-01 7.593934532118851166e-01 7.818032358331217235e-01 1.055237239159431573e+00 1.129976810326696279e+00 1.152197625265396486e+00 1.402887356696031596e+00 1.456039595947794085e+00 1.458087710431602124e+00 1.566282192014746277e+00 1.601020877468237069e+00 1.704112924959337638e+00 1.818022915675146622e+00 1.819416798333440166e+00 1.923503499054725285e+00 1.937529007466771036e+00 2.039517114469112880e+00 2.056796576879261540e+00 2.121804746614796677e+00 2.371938814787643235e+00 2.374924483780887385e+00 2.377807740269178627e+00 2.702211565144567729e+00 2.958211982177297195e+00 3.546121251242885908e+00 3.595061528196434875e+00 3.815960019409741388e+00
5.360879944102204808e-01 5.367987037945226581e-01 5.370269752585826728e-01 6.832690212692521525e-01 7.686649066750653736e-01 7.689161661528807201e-01 1.061853402485211317e+00 1.136522082271640199e+00 1.136737491990513327e+00 1.412462608796467789e+00 1.452405230467316954e+00 1.452530038673362167e+00 1.584416852967911682e+00 1.584519392528189741e+00 1.707168620407159887e+00 1.816091312887816223e+00 1.816399085257477397e+00 1.931985950837779686e+00 1.932061170249693483e+00 2.048334557997609107e+00 2.048818314084257075e+00 2.119665884737215400e+00 2.374925524999881521e+00 2.374959006059662148e+00 2.377437116701452968e+00 2.699583610179293824e+00 2.958071688452364789e+00 3.571490144599238192e+00 3.571689888051257533e+00 3.816036787747860259e+00
5.091646905772224674e-01 5.118403963033000270e-01 5.799041285513082400e-01 6.787132805664729540e-01 7.630029778776552529e-01 7.800894237412703269e-01 1.062412096790306792e+00 1.119757912217965501e+00 1.156724688020722258e+00 1.405359693256320819e+00 1.445084649599855497e+00 1.467636191640378174e+00 1.567508543187969172e+00 1.598251242083112311e+00 1.705309864240845075e+00 1.813818193629346931e+00 1.822376272178117373e+00 1.923921674407022220e+00 1.938891438812915036e+00 2.041076583188576432e+00 2.055253998136848281e+00 2.121091122745515367e+00 2.372348393964317292e+00 2.374616662956366753e+00 2.378200501186753524e+00 2.701614635061154512e+00 2.958246636953821618e+00 3.549481372900673115e+00 3.591222779552444955e+00 3.815955295182439588e+00
4.758893738661649775e-01 4.803471865307418209e-01 6.216305646994927381e-01 6.565113568380573916e-01 7.746637573722331416e-01 7.868489446759043826e-01 1.068951676004823215e+00 1.104056954977300276e+00 1.179486926952631576e+00 1.392833066734081360e+00 1.436697524402697823e+00 1.491451148865494236e+00 1.548670020540798831e+00 1.605341570633571857e+00 1.702135245978944500e+00 1.811366085895566913e+00 1.834971488817662477e+00 1.913642753618811199e+00 1.945615150553894335e+00 2.033596315095171914e+00 2.060076365294659428e+00 2.125087013935822888e+00 2.365788843751152282e+00 2.373973827953172577e+00 2.378630568193472961e+00 2.708025920137602682e+00 2.958829101402780104e+00 3.527895055346868425e+00 3.604915631485175798e+00 3.815654956181338875e+00
4.392738521361894133e-01 4.438493993126692017e-01 6.182277894827341580e-01 6.617643589025223871e-01 7.818229817326058928e-01 8.017916436935270674e-01 1.083411918609451741e+00 1.094463038275914846e+00 1.201614972830958861e+00 1.380640208640670386e+00 1.427891099863571212e+00 1.517296998970845356e+00 1.528376451880213427e+00 1.603645083105566416e+00 1.700447303422171430e+00 1.809259193627243967e+00 1.852051230100864920e+00 1.901610360084964091e+00 1.952133097485895252e+00 2.026787826270246562e+00 2.062370157223925915e+00 2.130915433166783224e+00 2.355608060202551091e+00 2.373035085636556296e+00 2.378234301133991035e+00 2.719082022957876710e+00 2.959874929003095012e+00 3.507619900341329533e+00 3.611479969590589256e+00 3.815089548715862033e+00
4.004582210423437982e-01 4.039874511843229432e-01 5.704616796796333489e-01 6.953855217843025738e-01 7.647246347311711379e-01 8.384863685288548307e-01 1.095177877604932792e+00 1.104564055096052488e+00 1.222203701901940942e+00 1.370261519057333954e+00 1.418930191633167581e+00 1.505453713706836671e+00 1.543482765596837947e+00 1.594075972628345106e+00 1.699641163877397831e+00 1.808057786752901075e+00 1.871480184584844997e+00 1.888850273382909117e+00 1.958371582188809468e+00 2.021067117221253540e+00 2.061955402053585296e+00 2.137766096919577308e+00 2.341956813430525308e+00 2.371838328360999171e+00 2.377169219498124875e+00 2.734820025421642153e+00 2.961398525746136379e+00 3.489375909903245088e+00 3.610232092456599595e+00 3.814240731365169612e+00
3.601194994209995781e-01 3.619182463912410941e-01 5.167747160382654137e-01 6.890593649755117900e-01 7.684080052022256302e-01 8.818246063895271991e-01 1.106508507829348842e+00 1.130598201035429629e+00 1.241044972591807571e+00 1.361935492998552100e+00 1.409962922730888524e+00 1.481741757635250512e+00 1.565870804790555848e+00 1.579185469731053004e+00 1.696977676860077056e+00 1.808226506745386430e+00 1.873165551381872573e+00 1.894916769750005558e+00 1.964220100030792837e+00 2.016818298286755073e+00 2.058958056682159921e+00 2.144928261893267685e+00 2.325443426849599593e+00 2.370445924515189429e+00 2.375584647016900863e+00 2.755065609557562745e+00 2.963365944016512987e+00 3.473665395441948078e+00 3.601114523328812211e+00 3.813134997603498721e+00
3.184397833572232273e-01 3.186400156647715698e-01 4.590232699273052441e-01 6.356312980096366916e-01 8.028447298224566930e-01 9.301091074206967457e-01 1.125612192032257042e+00 1.159844631019288697e+00 1.258156566604025972e+00 1.355369899849555582e+00 1.401085895331972253e+00 1.456910373560119654e+00 1.560996504636529725e+00 1.582884217278824446e+00 1.689958286083491190e+00 1.809996379709918779e+00 1.860431859941524380e+00 1.916292084347456015e+00 1.969551889210537698e+00 2.014396193866176521e+00 2.053834694455207721e+00 2.151828418605528981e+00 2.307096126827011595e+00 2.368933633242184644e+00 2.373616825077654369e+00 2.779401786319194212e+00 2.965693049211980625e+00 3.460746275469929856e+00 3.584690927670109328e+00 3.811845137650369697e+00
2.740793891320100206e-01 2.761726329067417107e-01 3.983338626613525113e-01 5.642912947318657890e-01 8.420729979155650025e-01 9.819121118645690593e-01 1.149138306384670960e+00 1.190880584291146294e+00 1.273637316340766601e+00 1.350068627686873635e+00 1.392369885124630891e+00 1.431582062875364381e+00 1.540552774798154445e+00 1.592813550384339916e+00 1.677078493809448734e+00 1.813197241266830684e+00 1.849139400289773638e+00 1.937008174656504655e+00 1.974252067873235372e+00 2.014074373006062402e+00 2.047363264532086280e+00 2.158018074011810228e+00 2.288238596955818771e+00 2.367381754826007434e+00 2.371401926276801131e+00 2.807097015789477457e+00 2.968249659417236064e+00 3.450633101954131643e+00 3.562128392780565367e+00 3.810472749859441954e+00
2.291565730460317640e-01 2.327069151915745759e-01 3.355103415300938474e-01 4.825912546208789289e-01 8.808253964218082377e-01 1.035776193327335948e+00 1.174286211198907859e+00 1.222459848675456096e+00 1.287619368411614840e+00 1.345579495802546877e+00 1.383862793968529736e+00 1.406666546492177927e+00 1.518235149876528967e+00 1.595067075892810271e+00 1.658039324410438553e+00 1.817181557069609488e+00 1.840401526651785247e+00 1.955494091068520346e+00 1.978265133347490989e+00 2.015886633899139468e+00 2.040611455650491290e+00 2.163165914463887507e+00 2.270301152710494375e+00 2.365870814170215386e+00 2.369080944388667564e+00 2.837009618845245829e+00 2.970869656165635142e+00 3.443127467910383821e+00 3.535172540547758757e+00 3.809124789778996600e+00
1.838408437385244676e-01 1.881594359128283545e-01 2.712312649835746381e-01 3.936462895740883705e-01 9.172389607736565198e-01 1.090046500600863721e+00 1.198521788949546307e+00 1.253396013246221852e+00 1.300260026352846099e+00 1.341685587582070793e+00 1.375580271856654324e+00 1.383568040732524818e+00 1.494072233991190712e+00 1.590396739312910812e+00 1.633962135289892981e+00 1.821039569697870286e+00 1.834373806560360531e+00 1.970446267026725762e+00 1.981620440678315109e+00 2.019442364326703654e+00 2.034888587356633582e+00 2.167078186797464223e+00 2.254582109815010060e+00 2.364480729425562089e+00 2.366804658788637994e+00 2.867485053277345930e+00 2.973366175873585870e+00 3.437874182575839210e+00 3.506125458342596701e+00 3.807897073062583182e+00
1.382118610848971918e-01 1.424747246801536804e-01 2.061918245988689224e-01 2.994686079756236352e-01 9.496491197913118354e-01 1.142578269879751307e+00 1.219014578327323406e+00 1.282414589634451652e+00 1.311762375045945062e+00 1.338572082060396351e+00 1.364301489230622444e+00 1.367488851491778901e+00 1.468036003900346165e+00 1.580836695334660869e+00 1.607408924057498245e+00 1.824039211000247240e+00 1.830624929313072524e+00 1.980696920834412955e+00 1.984363559709703573e+00 2.023906184996207891e+00 2.031524741003261969e+00 2.169740030624347060e+00 2.242016931864140972e+00 2.363290294367093924e+00 2.364740472981203379e+00 2.896266514333037279e+00 2.975550151503993934e+00 3.434434554517190819e+00 3.477833923535585292e+00 3.806867115200646356e+00
9.231709750670097359e-02 9.571199516409818753e-02 1.413955111994597280e-01 2.016073341792442020e-01 9.759770294482753572e-01 1.190004169164710079e+00 1.232773693505508250e+00 1.307973310596856953e+00 1.322436646534454807e+00 1.336976143057144073e+00 1.350894315001505586e+00 1.359467211849030077e+00 1.440675230177671962e+00 1.569497088250390915e+00 1.582297488436267718e+00 1.825924480706931474e+00 1.828520438786265245e+00 1.985981863684888493e+00 1.986460539847431761e+00 2.028194432511662981e+00 2.030984671176881307e+00 2.171327412657780176e+00 2.233058264986230501e+00 2.362373998499866179e+00 2.363071914827783448e+00 2.920484451652854752e+00 2.977249790674751484e+00 3.432365196562526588e+00 3.453638863678275328e+00 3.806092747016411870e+00
4.621564508858027470e-02 4.809363688461767289e-02 7.972997195835088147e-02 1.013827998618106185e-01 9.935868901998069491e-01 1.226043024505920842e+00 1.238878767632363598e+00 1.328093644061413281e+00 1.332616616886810990e+00 1.337509800259449877e+00 1.343570119740990165e+00 1.351172061946787517e+00 1.415128409682359756e+00 1.560215997864182080e+00 1.563698123838358489e+00 1.826856619549035443e+00 1.827500148529126012e+00 1.987786925596234822e+00 1.987797961739789843e+00 2.031264044316710482e+00 2.031953521807876140e+00 2.172122753657940830e+00 2.227758963330587427e+00 2.361795187821168263e+00 2.361978737153835883e+00 2.936913902171915947e+00 2.978328344578986542e+00 3.431290811527760276e+00 3.437095683526212753e+00 3.805613197142122317e+00
-2.984045307287597863e-05 -8.616316883748081215e-06 -1.858136043779157451e-08 4.234262138431506978e-02 9.998510466534328289e-01 1.240173712545483253e+00 1.240285769641296554e+00 1.338555831180036515e+00 1.338706466851021570e+00 1.340822738338866005e+00 1.340866860978021213e+00 1.342458979966302035e+00 1.402543439706263495e+00 1.556599268164356564e+00 1.556715958521432519e+00 1.827123141527956074e+00 1.827201383998037443e+00 1.988117666802103445e+00 1.988259597837860770e+00 2.032375649838751741e+00 2.032535061063843518e+00 2.172359782453212151e+00 2.226012013113478627e+00 2.361597106957235681e+00 2.361597223803341361e+00 2.942770689796927908e+00 2.978697956743464381e+00 3.430961802092386659e+00 3.431180199773605111e+00 3.805450921965998212e+00
4.378612697723646696e-02 4.378978536462656279e-02 5.377371967254838958e-02 1.136905838308434474e-01 1.000857590244272899e+00 1.237666155659831624e+00 1.237774997265337351e+00 1.317629384721741959e+00 1.317712852141884161e+00 1.342587103620945799e+00 1.361118179005925244e+00 1.361211742159711191e+00 1.402080409608501554e+00 1.557840084832809779e+00 1.557956533948434918e+00 1.827213528288417210e+00 1.827291548752679740e+00 1.990114476576696267e+00 1.990263462781925563e+00 2.030216724961018571e+00 2.030384364198440927e+00 2.154788215237459337e+00 2.240417158706917267e+00 2.363736169170396195e+00 2.363737305786389076e+00 2.909503463765259479e+00 3.017795471135279239e+00 3.428987154251768921e+00 3.429206000812275335e+00 3.804200344679393275e+00
7.812775607020083779e-02 8.722392020667435464e-02 8.723230524936746721e-02 2.254560119223687209e-01 1.003828389046917957e+00 1.228295944294122144e+00 1.228390251097538410e+00 1.298915357283410232e+00 1.298975152504102892e+00 1.343012982602147742e+00 1.380024398695943955e+00 1.380122193408650944e+00 1.400712348988558453e+00 1.561501475759171642e+00 1.561617203854185565e+00 1.827284315523901359e+00 1.827361452678073928e+00 1.995516352012072225e+00 1.995694733758431427e+00 2.024514621902804290e+00 2.024715128562537991e+00 2.121133655371572502e+00 2.264616665894092051e+00 2.369903774895316229e+00 2.369907897134372554e+00 2.868497155091305650e+00 3.075919723805438100e+00 3.423181970885275316e+00 3.423402150797489440e+00 3.800454404673188957e+00
1.057581101868511481e-01 1.299190415639295271e-01 1.299300095308339731e-01 3.333375667772942030e-01 1.008655930276304957e+00 1.209105964939203304e+00 1.209175747426607161e+00 1.287738680669457514e+00 1.287766616341165848e+00 1.343731332813785206e+00 1.395966650480451765e+00 1.396063194262805895e+00 1.398501495644886017e+00 1.567424949749536500e+00 1.567539613778745400e+00 1.826693471307375694e+00 1.826768579046010865e+00 2.000991640978431185e+00 2.001219229931375576e+00 2.019153892015931095e+00 2.019409159028409118e+00 2.082222152973469242e+00 2.287930102809270227e+00 2.379440584793794056e+00 2.379449430520480746e+00 2.831866313343751163e+00 3.139898446208506222e+00 3.413901889722442462e+00 3.414124251346668970e+00 3.794218759262129925e+00
1.331991271244941932e-01 1.713842200803495919e-01 1.713969920383221213e-01 4.352885548356897893e-01 1.015279374373636356e+00 1.181762001605514367e+00 1.181815501498377774e+00 1.283407110041007160e+00 1.283412797409394068e+00 1.344753830987274634e+00 1.395548735793864736e+00 1.409138234324676997e+00 1.409228705387783664e+00 1.575429583002169620e+00 1.575543301812541763e+00 1.824310756248887833e+00 1.824382266415528919e+00 1.997467123787292298e+00 1.997576780165001731e+00 2.024211503741331075e+00 2.024355959076657108e+00 2.040260458051546877e+00 2.308451646663641554e+00 2.391466486228537747e+00 2.391481402882870810e+00 2.800101417036592988e+00 3.207653042004563471e+00 3.401736710758430871e+00 3.401962066109304850e+00 3.785466877617998271e+00
1.589439153926798798e-01 2.109906590466966159e-01 2.110040474241992592e-01 5.290896215623046572e-01 1.023817085519804992e+00 1.150582663381790161e+00 1.150631741356817894e+00 1.282534228105485674e+00 1.282537726452812388e+00 1.346093086790324245e+00 1.391989893522300292e+00 1.420029842179197921e+00 1.420110341085508265e+00 1.585410607312684128e+00 1.585524283231678266e+00 1.818667566020488513e+00 1.818733698565903056e+00 1.989142562993044816e+00 1.989182082213386105e+00 1.996337572165219898e+00 2.036153828734867943e+00 2.036236026877250804e+00 2.325673930282709634e+00 2.405030831980417894e+00 2.405052627336822013e+00 2.773257729675232763e+00 3.277192623180418707e+00 3.387502903439218560e+00 3.387732173617751474e+00 3.774096100161169254e+00
1.820736240891494551e-01 2.479194836627427734e-01 2.479322376993866317e-01 6.122688652962825495e-01 1.034636745632223409e+00 1.118812716297335585e+00 1.118864103498269591e+00 1.282949586769389860e+00 1.282954712617574877e+00 1.347757369517564641e+00 1.387991424482926783e+00 1.429113237984859675e+00 1.429181340822170077e+00 1.597390818280856939e+00 1.597506359917116425e+00 1.808493151494883655e+00 1.808551900575909643e+00 1.951651193445248511e+00 1.982242826580280060e+00 1.982261415121421289e+00 2.049252527028305959e+00 2.049321510126990820e+00 2.339473102923804948e+00 2.419165259559347803e+00 2.419194101540990793e+00 2.751359117617457439e+00 3.346364802177926645e+00 3.372225803270620048e+00 3.372463229099705639e+00 3.759883626349060926e+00
2.019081844635344791e-01 2.811213734101854489e-01 2.811323826154288885e-01 6.821744425120132016e-01 1.048172308564798261e+00 1.088776537972414804e+00 1.088833254005401985e+00 1.283647680990492645e+00 1.283651017089929569e+00 1.349739954971895139e+00 1.383748703263042001e+00 1.436661024884554161e+00 1.436716098664493568e+00 1.611462978486132069e+00 1.611583635154471894e+00 1.793448220969892093e+00 1.793496859755096429e+00 1.907932675183323212e+00 1.978242779473103008e+00 1.978256559199170539e+00 2.061638233435016510e+00 2.061709358649021162e+00 2.349952154020755302e+00 2.432871313588370388e+00 2.432906717362596005e+00 2.734329721844953376e+00 3.357102195874126505e+00 3.357334743603068716e+00 3.413072678818533046e+00 3.742456009811808926e+00
2.179081159368709275e-01 3.093068050524801493e-01 3.093153264354194798e-01 7.364719415224894039e-01 1.062488429206811302e+00 1.062551531932183213e+00 1.064217626590455268e+00 1.284220945271561165e+00 1.284221433322598527e+00 1.351995763259955963e+00 1.379494398756819784e+00 1.442719937633434313e+00 1.442763080400141007e+00 1.627606186218934825e+00 1.627737473898394516e+00 1.774428831592135714e+00 1.774462731689226302e+00 1.867718166140378555e+00 1.976827151641141755e+00 1.976842119433877221e+00 2.072225481257342405e+00 2.072303504967326404e+00 2.357404303477621532e+00 2.445107690517983823e+00 2.445148612936014931e+00 2.721899187046890489e+00 3.343430652937744885e+00 3.343668287480162427e+00 3.475434825343394873e+00 3.721288703913964824e+00
2.296491033591847586e-01 3.310102961614637684e-01 3.310161866287542054e-01 7.740767193631170606e-01 1.041863831296552911e+00 1.041932455704862592e+00 1.080798684739065596e+00 1.284566925043215235e+00 1.284569056267695020e+00 1.354382615888003016e+00 1.375540719512094112e+00 1.447192040976009508e+00 1.447225750385284115e+00 1.645323384287446178e+00 1.645475666463191988e+00 1.753346917939298422e+00 1.753356799823000634e+00 1.834442040978815136e+00 1.976932869899612921e+00 1.976950774676009770e+00 2.080267176828972442e+00 2.080352356041980766e+00 2.362252285431857057e+00 2.454830664245709837e+00 2.454875682652764901e+00 2.713605196612681958e+00 3.332497973361740584e+00 3.332738878154144935e+00 3.532001992532971091e+00 3.695769176801539935e+00
2.368207555664107455e-01 3.447817081514774062e-01 3.447855705253373704e-01 7.956284279515490887e-01 1.028634538459478165e+00 1.028707131021070476e+00 1.093823996896593931e+00 1.284727284969341410e+00 1.284731163442811575e+00 1.356502273387678148e+00 1.372422009084593109e+00 1.449942074228822708e+00 1.449969790032357819e+00 1.662575502311415709e+00 1.662769534713897768e+00 1.733494484385196044e+00 1.733528192166238213e+00 1.812099589503846753e+00 1.977480322190620976e+00 1.977500728842619626e+00 2.085273663168486724e+00 2.085363924889319875e+00 2.364937667263938614e+00 2.461107778505168486e+00 2.461155285393842096e+00 2.708914664539435968e+00 3.325421386053201811e+00 3.325664349463946845e+00 3.581547108395263468e+00 3.665524911911086647e+00
2.392327225801109680e-01 3.495124509462488871e-01 3.495155475636995135e-01 8.025743537395761962e-01 1.024067430249311572e+00 1.024141452876829561e+00 1.098820377770355572e+00 1.284770686454260957e+00 1.284775170391321053e+00 1.357450120283816286e+00 1.371130977851376054e+00 1.450870427385710260e+00 1.450896094181516327e+00 1.671592233215078327e+00 1.671830423103928265e+00 1.723485770790027072e+00 1.723564251911414713e+00 1.804176091906715795e+00 1.977745630658951148e+00 1.977766987533401188e+00 2.086971566535186895e+00 2.087063646238656922e+00 2.365791935493844811e+00 2.463279960367652066e+00 2.463328297815486234e+00 2.707404627823328802e+00 3.322970616599466354e+00 3.323214291410664156e+00 3.615138599545366649e+00 3.638481399665231653e+00
2.450364937354038430e-01 3.535694127324115477e-01 3.592070367359572747e-01 7.927342839966181609e-01 1.023183007618785334e+00 1.026781365994052342e+00 1.103359325308706396e+00 1.264195645830369585e+00 1.280769032979333755e+00 1.353198986756047661e+00 1.387167050750834463e+00 1.449443842224415580e+00 1.451399802689030016e+00 1.672897104976648119e+00 1.676233198409130098e+00 1.724756758136574808e+00 1.724876800644049135e+00 1.807857592414930936e+00 1.977470725530022788e+00 1.979130824785866993e+00 2.085744812990691699e+00 2.086643347660607883e+00 2.365323941911125161e+00 2.463054883043764853e+00 2.463865144947917862e+00 2.705157256090808815e+00 3.323402382378251474e+00 3.325202117262150647e+00 3.614831707241918046e+00 3.638295715565056820e+00
2.607883881711302587e-01 3.658704603948870759e-01 3.866041145127949163e-01 7.661665181624599530e-01 1.020232089625593641e+00 1.032417739774702081e+00 1.116527496917315121e+00 1.223297237955074168e+00 1.268083818678166219e+00 1.342955256422176058e+00 1.411741347737728747e+00 1.448478653332698762e+00 1.452353284361700414e+00 1.676308626449040995e+00 1.688214385167045695e+00 1.728537868513574383e+00 1.729100639447050947e+00 1.818591059794304021e+00 1.976625211524891235e+00 1.983044457328674515e+00 2.081878855183577404e+00 2.085576626180565718e+00 2.363974873863942783e+00 2.462273068578032742e+00 2.465561381308877031e+00 2.698652686901108488e+00 3.324510160535003589e+00 3.331282642217188616e+00 3.613855893236762817e+00 3.637747133440599967e+00
2.824708582375919375e-01 3.866974158309295917e-01 4.276742210938025979e-01 7.285989441887006368e-01 1.014824184010387986e+00 1.037634504219873355e+00 1.136047279319567060e+00 1.177892274183323096e+00 1.245991074456510583e+00 1.331432445708366163e+00 1.416550986920422472e+00 1.452760036252771503e+00 1.462473007611016618e+00 1.681039100631929850e+00 1.704053107796735578e+00 1.734757513534708862e+00 1.737271956860773958e+00 1.835399932014284641e+00 1.975202926970554662e+00 1.988993885935000927e+00 2.075487863415122813e+00 2.083782687168706182e+00 2.361899543118112010e+00 2.460973877447544922e+00 2.468309081114791859e+00 2.688575457938795932e+00 3.326259988510150478e+00 3.341266371057108664e+00 3.612055780177402919e+00 3.636864660498823287e+00
3.057522965369362522e-01 4.158726626478143062e-01 4.778862217972164039e-01 6.850090139051078220e-01 1.006051973454415993e+00 1.041511814419345150e+00 1.133505072193745855e+00 1.157250009239866761e+00 1.216600898470173719e+00 1.321388177040740741e+00 1.404522061836397828e+00 1.452116677324426952e+00 1.486174457611788124e+00 1.686158906181798312e+00 1.719146142772695063e+00 1.743213037104820673e+00 1.751139133607706233e+00 1.856597278787054606e+00 1.973196615369685825e+00 1.996351047802710665e+00 2.066668430528681100e+00 2.081246232612559144e+00 2.359325421522732835e+00 2.459178172834227460e+00 2.471957911620803028e+00 2.675973054673449258e+00 3.328528223877983638e+00 3.354873419403396451e+00 3.609203541580463082e+00 3.635705316718222946e+00
3.275720230057284632e-01 4.517184179811196687e-01 5.332906814832418796e-01 6.396165564511882007e-01 9.924259361025623560e-01 1.044302061698181738e+00 1.093951391147294228e+00 1.162493475966210887e+00 1.196613239216506752e+00 1.313555106189182142e+00 1.386787098957545261e+00 1.450273233871643308e+00 1.508819887140193439e+00 1.691025978358344339e+00 1.731478583257339610e+00 1.753509812921608679e+00 1.770333696529693412e+00 1.879895418302405252e+00 1.970619353342303537e+00 2.004618703090124576e+00 2.055582722234976067e+00 2.077972876191191975e+00 2.356514677911633715e+00 2.456937605678956693e+00 2.476257445289626880e+00 2.662119506164393190e+00 3.331152841166549194e+00 3.371661178200885178e+00 3.605039840584728150e+00 3.634356583502384108e+00
3.460927060490380791e-01 4.892598394266529094e-01 5.906884827489312650e-01 5.986592838887543344e-01 9.726323162823399260e-01 1.046109270223432031e+00 1.062232495342134042e+00 1.127863706982727088e+00 1.209508620065079310e+00 1.308608292938561846e+00 1.366135436379454005e+00 1.447235156176822857e+00 1.528655688518563593e+00 1.695384555984505326e+00 1.742367035199707592e+00 1.765144690873667876e+00 1.791662437447917533e+00 1.902721260505669143e+00 1.967525064927474032e+00 2.013599191061997473e+00 2.042498339899097903e+00 2.074014672258755354e+00 2.353723879380600348e+00 2.454348355734748743e+00 2.480855532298201549e+00 2.648338899833142523e+00 3.333948875613534479e+00 3.391013886010508127e+00 3.599321701286800845e+00 3.632926167722986488e+00
3.593965011542729071e-01 5.086479461739198404e-01 5.835413418092392224e-01 6.476476700369007133e-01 9.479411351206352698e-01 1.038105878822096706e+00 1.046077952715837922e+00 1.085247617245794327e+00 1.223686968451039192e+00 1.307894056252132176e+00 1.343985745052492353e+00 1.443095751008865779e+00 1.545441107955899618e+00 1.699230005653551867e+00 1.752817546671795457e+00 1.777626601591897559e+00 1.812551360870120254e+00 1.922703219579946943e+00 1.964031467543037923e+00 2.023039494539367489e+00 2.028116428372176649e+00 2.069503430208717187e+00 2.351169479009371344e+00 2.451559187365640824e+00 2.485335108117757486e+00 2.635812570672573685e+00 3.336722998279318730e+00 3.412166929036563712e+00 3.591865937534306497e+00 3.631523169453793276e+00
3.642975159377256356e-01 4.921610688305124159e-01 6.156599183031550293e-01 7.017915039762859797e-01 9.225172619527131079e-01 1.019225158900923356e+00 1.026784322009693051e+00 1.057970389786663690e+00 1.232016514412936470e+00 1.312410090618519432e+00 1.321713481237038135e+00 1.438058914989939874e+00 1.559084353020496971e+00 1.702627988736780118e+00 1.762841791615774145e+00 1.790489068259524919e+00 1.831519199489919814e+00 1.938279595978477099e+00 1.960343012076632752e+00 2.011941174166186119e+00 2.033918602091301153e+00 2.064687962652838493e+00 2.349005510146068065e+00 2.448770495632832223e+00 2.489291655524602298e+00 2.625404817936505264e+00 3.339287690048216906e+00 3.434255566105455681e+00 3.582579118908584270e+00 3.630243498977698824e+00
3.576866871958369609e-01 4.751181571155821959e-01 6.638168986850666586e-01 7.508786332487167314e-01 9.003927711712377269e-01 9.802329450378283182e-01 1.002357422907617979e+00 1.055577496010364547e+00 1.234867640461645655e+00 1.300958870054079952e+00 1.320867893156770556e+00 1.432508161566596661e+00 1.569514800161858625e+00 1.705578412987007297e+00 1.771923096520542140e+00 1.803132182276688145e+00 1.847565305195983498e+00 1.949090257218418554e+00 1.956767703257676683e+00 1.996424078187252427e+00 2.044014829830843816e+00 2.059965486100798326e+00 2.347317145220129575e+00 2.446221385478892341e+00 2.492428039756359404e+00 2.617553129833398273e+00 3.341473851055198896e+00 3.456356378122373396e+00 3.571490611396980430e+00 3.629165336523693774e+00
3.428138212681519081e-01 4.682364710348329573e-01 7.158392124802133161e-01 7.918996766153254541e-01 8.842661001071012716e-01 9.292044914240759068e-01 9.864247843531346316e-01 1.055860270835526915e+00 1.234790768539368866e+00 1.283722232317207057e+00 1.330153722332255484e+00 1.427121007398561403e+00 1.576761014370993585e+00 1.707951582602537544e+00 1.779296085403771599e+00 1.814515442621787322e+00 1.859850362628037379e+00 1.953711146786806463e+00 1.955622469576037581e+00 1.982730579804195870e+00 2.052545744695799534e+00 2.055883611481041484e+00 2.346130265542778481e+00 2.444163275535462976e+00 2.494615500315815471e+00 2.612274353674578276e+00 3.343140926666946289e+00 3.477430020125545251e+00 3.558874465007042964e+00 3.628349910057341088e+00
3.290073796402890882e-01 4.669970862591112937e-01 7.691488167195312808e-01 8.199669877095746573e-01 8.759626187068666470e-01 8.766640121529192253e-01 9.729643868231658832e-01 1.056250579225958219e+00 1.233972954857979420e+00 1.272163785704765182e+00 1.337259755598135591e+00 1.422979379864190319e+00 1.580978278272815229e+00 1.709520751762070523e+00 1.784149292432435141e+00 1.822872508311903061e+00 1.867616330338300212e+00 1.951624939941132952e+00 1.958390856332788310e+00 1.973508852583807593e+00 2.053070377268455093e+00 2.058204908239861464e+00 2.345433363292947160e+00 2.442822006110748401e+00 2.495873799334885401e+00 2.609310717780080058e+00 3.344184160865970590e+00 3.495722546061822644e+00 3.545900450965804307e+00 3.627842114875908575e+00
3.235823237873178826e-01 4.670353987377101612e-01 8.188801299105621379e-01 8.271978151368926113e-01 8.296637924608256665e-01 8.744336403675477820e-01 9.671012038250885734e-01 1.056402754091727569e+00 1.233583395402801486e+00 1.268073935984682210e+00 1.339935901451533740e+00 1.421380846064557835e+00 1.582355863977173538e+00 1.710072611461795455e+00 1.785848026125094190e+00 1.826025234776410766e+00 1.870280364042778976e+00 1.950880323920870740e+00 1.958644322531124748e+00 1.970631126243866493e+00 2.052061026247846698e+00 2.060179561711480201e+00 2.345204464521206678e+00 2.442355883114935455e+00 2.496280286346549193e+00 2.608365024060745885e+00 3.344539141605572752e+00 3.504958643748616876e+00 3.538478585130423237e+00 3.627669707848455882e+00
3.271379240787852249e-01 4.657412532264584848e-01 8.033841469327700491e-01 8.227247536262757288e-01 8.299853391625321430e-01 8.909974646819014410e-01 9.729581117393767409e-01 1.056441592372985738e+00 1.231688274358233581e+00 1.268055001776056345e+00 1.335258233943283912e+00 1.417885887211898899e+00 1.588128372552836565e+00 1.712148346257146514e+00 1.784345766180476245e+00 1.826521607329570918e+00 1.869476383216522430e+00 1.950950595666416154e+00 1.958958457592030467e+00 1.972054056967954994e+00 2.051289941698629438e+00 2.059649161023487718e+00 2.345329413063372392e+00 2.443156670534516017e+00 2.495789416857740584e+00 2.607127028109303968e+00 3.347515277172683046e+00 3.504587832817155579e+00 3.536386312885746452e+00 3.627711533501524865e+00
3.372303102265411523e-01 4.619039074258053379e-01 7.761115196451442433e-01 8.123296709155605200e-01 8.305287035378038363e-01 9.214775332983954348e-01 9.880492049141542665e-01 1.056549409826609942e+00 1.224559713493305724e+00 1.267909848295118769e+00 1.324518564778878860e+00 1.408048787936004409e+00 1.603593084505609001e+00 1.717609824506322935e+00 1.779979805610263144e+00 1.827904185272633875e+00 1.867307445628926477e+00 1.951177728104310560e+00 1.959111176778308705e+00 1.976756548827934390e+00 2.049103965696776442e+00 2.058153611285229889e+00 2.345707712018270996e+00 2.445507435624831416e+00 2.494275158960922667e+00 2.603676574536511801e+00 3.356254835630616551e+00 3.503474335393082395e+00 3.530211496970521612e+00 3.627823269205365353e+00
3.522753710189851506e-01 4.555653147957752225e-01 7.487775735974198099e-01 8.015385852067831163e-01 8.302496635046467954e-01 9.545824840200879402e-01 1.007856694359940519e+00 1.056734992219825031e+00 1.208763714014763124e+00 1.267368343257686547e+00 1.315009714395420914e+00 1.393535836119052851e+00 1.624885948321841855e+00 1.724622988792142930e+00 1.773063612135838740e+00 1.829982255365753652e+00 1.864297109327664126e+00 1.951582168478341650e+00 1.958495424990084111e+00 1.984507792137112148e+00 2.045771395456898567e+00 2.055990913833932510e+00 2.346331409587001815e+00 2.449255164891456449e+00 2.491653110423298401e+00 2.598734766665642404e+00 3.370206291178636793e+00 3.501616429113770579e+00 3.520260152750080973e+00 3.627970039130351321e+00
3.699919692998513421e-01 4.467414764745039624e-01 7.246439948499243666e-01 7.948543808384596066e-01 8.280358693513850676e-01 9.877620016068252573e-01 1.028657728152960749e+00 1.057176480641677019e+00 1.182788398844569988e+00 1.265998658732305993e+00 1.311846357002364849e+00 1.376540746804860715e+00 1.648371852247672908e+00 1.731240899072530981e+00 1.763999819787112067e+00 1.832682979037616455e+00 1.860856397243665805e+00 1.952207349627875788e+00 1.957374173022733199e+00 1.994033568329772077e+00 2.041505261895202317e+00 2.053628452546456984e+00 2.347134909617106580e+00 2.454149215163373920e+00 2.487892795380840294e+00 2.593299126627389040e+00 3.388494255440382741e+00 3.499019464302898008e+00 3.507037645535101333e+00 3.628111088083050273e+00
3.877478590422467342e-01 4.358222540655767308e-01 7.059007811445775493e-01 7.945390944332448857e-01 8.232791631494911222e-01 1.019799258017993093e+00 1.046442520924964592e+00 1.059320293907517030e+00 1.149511664393494170e+00 1.263429014934873473e+00 1.314945515128967068e+00 1.359445721333652601e+00 1.671016898869173817e+00 1.736136477098868536e+00 1.753521632344859915e+00 1.836134556913726623e+00 1.857007425820014879e+00 1.953036027759559756e+00 1.956091843921163642e+00 2.004070522522277464e+00 2.036339127783127534e+00 2.051594791620092728e+00 2.347957830191742090e+00 2.459846531870987008e+00 2.483110964846889868e+00 2.588422219141415237e+00 3.409950375053703908e+00 3.491170334815591136e+00 3.495791091354548019e+00 3.628215067643839831e+00
4.029808594881042483e-01 4.241402824411201755e-01 6.943852058280693962e-01 8.000699916052522731e-01 8.162397941160801640e-01 1.049833736662965533e+00 1.053139197107909375e+00 1.069039412209604079e+00 1.113242389058207493e+00 1.260090901961590903e+00 1.322281858473846272e+00 1.344344778985198330e+00 1.689338148602543166e+00 1.738790753782552212e+00 1.743543631151784679e+00 1.840638011209793312e+00 1.852375346039000004e+00 1.953871763518366667e+00 1.954987098964958259e+00 2.013712296329781548e+00 2.030071892976009540e+00 2.050344456000221083e+00 2.348573264896482549e+00 2.465923442479303951e+00 2.477605198551314114e+00 2.585027510295520248e+00 3.433012486368440808e+00 3.473524494377333127e+00 3.492156417506420585e+00 3.628268870743373675e+00
4.137038030137500932e-01 4.141664147071419944e-01 6.908079252391374769e-01 8.080620715612409910e-01 8.083321464821175972e-01 1.053837696942432123e+00 1.075893335979891230e+00 1.079053633553527680e+00 1.079416684468334164e+00 1.258205081493136923e+00 1.332083945411832060e+00 1.332302578254034087e+00 1.697085774135849823e+00 1.739087724577051741e+00 1.739325871312031646e+00 1.846450366214552830e+00 1.846546628783608535e+00 1.954390143580434502e+00 1.954397606929540787e+00 2.022423060649410687e+00 2.022519117552063150e+00 2.050000161726435621e+00 2.348798096531174107e+00 2.471764530063842891e+00 2.471950482718185516e+00 2.583795821885946697e+00 3.454695245869906284e+00 3.454921163660758854e+00 3.489785446795366397e+00 3.628281029377236955e+00
4.082052680562939240e-01 4.194236365753761797e-01 6.922112444248692542e-01 8.015656547275010757e-01 8.135616165207679717e-01 1.048480835033092085e+00 1.053472354850714332e+00 1.084332826814498718e+00 1.100822981928582633e+00 1.260836646409792206e+00 1.323010789164141832e+00 1.342948034699348980e+00 1.691197643097693382e+00 1.737660850926390443e+00 1.742964302660844345e+00 1.839718953890343789e+00 1.853288233369057458e+00 1.954449875336820908e+00 1.954474357312731003e+00 2.014509991146125945e+00 2.029972323071915330e+00 2.049701104140072783e+00 2.348712245435246260e+00 2.466739439120907207e+00 2.476853511502138616e+00 2.584698232668936946e+00 3.436947073169202227e+00 3.465842211428740161e+00 3.495595380418900167e+00 3.628295019595154880e+00
4.087941994379939992e-01 4.197835895369552706e-01 6.921606535722542031e-01 7.993145928541227629e-01 8.126527284714845090e-01 1.024648968294485263e+00 1.052600761451303990e+00 1.086870061776130214e+00 1.122886556067880237e+00 1.269369171314261191e+00 1.314661723055582598e+00 1.354787575909057740e+00 1.678309695440445948e+00 1.734733482546708672e+00 1.747939628867645201e+00 1.831598462078940726e+00 1.860711035153141513e+00 1.953897495449978816e+00 1.955199659844577109e+00 2.006749592775058488e+00 2.036994435059392483e+00 2.048461737066287647e+00 2.348554017294191887e+00 2.462098511230595754e+00 2.481119589726694219e+00 2.587490036342847688e+00 3.419365641370035735e+00 3.463606547805115454e+00 3.512166193578538653e+00 3.628363872196895379e+00
4.157596363145590335e-01 4.172520567612157394e-01 6.828652508580631553e-01 8.022343027201715993e-01 8.075873397071678950e-01 1.008001137946853198e+00 1.051606006645160685e+00 1.090063963941674041e+00 1.143825534712904934e+00 1.282934732828194591e+00 1.306279027671124249e+00 1.367018169482123069e+00 1.662514245456258699e+00 1.730689811760695473e+00 1.750540815905731407e+00 1.822368979362616548e+00 1.866762375526404893e+00 1.952289890726058408e+00 1.956495364400060444e+00 2.000794791938221184e+00 2.042351338011378914e+00 2.046852666246011143e+00 2.348454374767093178e+00 2.458329273109204571e+00 2.484280654489897433e+00 2.592232698777237498e+00 3.402513665591192726e+00 3.456203917922616053e+00 3.530761741727682423e+00 3.628530620729145895e+00
4.081104793274949460e-01 4.342161847860459556e-01 6.612578344863632163e-01 7.809517803668731828e-01 8.283211005790203085e-01 9.987975702512410514e-01 1.050879137146666142e+00 1.096707166685487511e+00 1.164086297619219668e+00 1.292839878912644958e+00 1.303931319041488512e+00 1.379125305139752067e+00 1.645117475995284240e+00 1.725865625280299742e+00 1.750339110907653595e+00 1.812330149414158820e+00 1.868518455536500422e+00 1.949069192301128517e+00 1.958305998639423562e+00 1.998670169028680110e+00 2.039615505788656247e+00 2.050969982220171683e+00 2.348558735343963200e+00 2.455635558855060907e+00 2.486146754457391861e+00 2.598930709607598200e+00 3.386877591096841833e+00 3.446441294389215315e+00 3.548074621884399260e+00 3.628838169608071595e+00
3.975707676855839146e-01 4.592613336955990722e-01 6.302267095616684855e-01 7.495545077094567521e-01 8.583014759700936525e-01 9.962938003268825282e-01 1.050387896221477879e+00 1.107808451751027823e+00 1.184116756873712761e+00 1.282647328090789962e+00 1.321812742268529961e+00 1.390675300092238054e+00 1.626516384650461555e+00 1.720529991001612080e+00 1.747895706921237524e+00 1.801793673812981167e+00 1.863581192612649540e+00 1.943600884252691285e+00 1.960550622600514492e+00 2.001833501833103490e+00 2.033092429655602107e+00 2.056539161398838633e+00 2.349010042205140092e+00 2.454095820498881420e+00 2.486642001743850638e+00 2.607522774693412870e+00 3.372839339313495444e+00 3.434912255315811791e+00 3.563283694269087754e+00 3.629324244090149421e+00
3.847498381222857478e-01 4.912179090087097633e-01 5.934208818601026669e-01 7.100529197171154827e-01 8.938072465649271603e-01 9.994848783609292520e-01 1.049824769980871819e+00 1.122881526237636152e+00 1.204296327922900645e+00 1.268745400646919430e+00 1.342023248572481009e+00 1.401322001858810173e+00 1.606796823487222081e+00 1.714884351574436527e+00 1.743900109556668854e+00 1.791032438873181087e+00 1.851668215569821196e+00 1.935208928402460060e+00 1.963008683122639209e+00 2.009977813834965765e+00 2.025026725917363990e+00 2.061784578346658403e+00 2.349923327227323000e+00 2.453652406282339715e+00 2.485814950612346586e+00 2.617858381284065228e+00 3.360655675265245002e+00 3.421883782282800990e+00 3.576177974856215247e+00 3.630015900062034451e+00
3.701086922331118245e-01 5.285419868320351267e-01 5.535710588486257855e-01 6.646828254188449359e-01 9.312820433530322184e-01 1.008248852323048617e+00 1.048965950962960081e+00 1.140564509550295202e+00 1.224878113179171502e+00 1.252772329767443127e+00 1.362194650938149287e+00 1.410801262855015725e+00 1.585906939082398326e+00 1.709071130377076475e+00 1.738925341945122716e+00 1.780270916685888105e+00 1.834234551075684339e+00 1.923315754131011523e+00 1.965468416597728751e+00 2.016343161640419268e+00 2.021366491795998588e+00 2.066606171118687385e+00 2.351353021558349798e+00 2.454128918636334866e+00 2.483834178974187346e+00 2.629670702272870475e+00 3.350448614735043851e+00 3.407663253968279626e+00 3.586784582603880445e+00 3.630923195983806195e+00
3.539468274354645172e-01 5.127988260683937760e-01 5.695633330007657813e-01 6.154844881966613501e-01 9.651150351561965657e-01 1.025400630305913774e+00 1.047714083486636971e+00 1.158671627841076912e+00 1.235999986713228083e+00 1.245937850786887457e+00 1.381490370820253277e+00 1.418909629243230830e+00 1.563731213592275182e+00 1.703187178748876374e+00 1.733362313588946435e+00 1.769700894673027047e+00 1.813142405652422129e+00 1.907761000936890827e+00 1.967838471749702611e+00 2.007922408016481253e+00 2.034101327309560947e+00 2.070995390747565779e+00 2.353268295730185589e+00 2.455273112620167897e+00 2.480968164011688515e+00 2.642555747282203438e+00 3.342209136733302888e+00 3.392697446978099496e+00 3.595249094353774044e+00 3.632031116732498788e+00
3.363856267552998158e-01 4.730442861666065979e-01 5.640903730333259869e-01 6.128565614930117089e-01 9.880925200360964888e-01 1.046012477779146854e+00 1.055962969713072575e+00 1.171896336420816143e+00 1.223074787747914671e+00 1.267330234767419128e+00 1.399280821866318636e+00 1.425456686114328964e+00 1.540160326563841275e+00 1.697298596839751372e+00 1.727351504002117233e+00 1.759513426373837675e+00 1.790187876701676117e+00 1.889128737469043307e+00 1.970080938569359397e+00 2.000340551009718304e+00 2.046758781246770909e+00 2.074942336264675280e+00 2.355551057625904665e+00 2.456808842152622407e+00 2.477551943692852809e+00 2.655966242219855111e+00 3.335814346994212531e+00 3.377585962541836295e+00 3.601784967365589729e+00 3.633290057688319585e+00
3.174013820355762738e-01 4.363419632678255389e-01 5.126908956777411763e-01 6.564910796500608159e-01 1.001469776206252549e+00 1.043769730516923566e+00 1.096905984364265008e+00 1.168485975073321637e+00 1.225438617517289552e+00 1.288650484877230662e+00 1.415017712123042726e+00 1.430142994233236653e+00 1.515237875159435310e+00 1.691461579881681221e+00 1.720571552441955809e+00 1.749939365613864650e+00 1.767406173857247742e+00 1.868778722446306384e+00 1.972156189168201790e+00 1.993798674538841853e+00 2.058398948358972635e+00 2.078419404101992551e+00 2.358016571878031709e+00 2.458479623222140198e+00 2.473946450671509645e+00 2.669226940351785871e+00 3.331055779000277717e+00 3.363044557315759686e+00 3.606651542346821948e+00 3.634610957689160760e+00
2.970864970011896089e-01 4.047996223519367276e-01 4.632781414571779943e-01 6.989390394630635717e-01 1.010242599053125856e+00 1.040798339428043118e+00 1.141720017482422911e+00 1.151261301077129318e+00 1.240337663841089233e+00 1.309193190437579535e+00 1.428207222067020110e+00 1.432123849523020853e+00 1.489653717136559585e+00 1.685767155611877843e+00 1.711765620556236600e+00 1.741284375054571676e+00 1.747754991292157722e+00 1.848567706405478184e+00 1.974007812508502990e+00 1.988303361245766343e+00 2.068426017637261527e+00 2.081381138679216480e+00 2.360445243896051259e+00 2.460075088554189549e+00 2.470498415152610150e+00 2.681574906583376716e+00 3.327674607708960064e+00 3.349837499588066869e+00 3.610134438090833786e+00 3.635876250399998622e+00
2.763365019124722211e-01 3.800922000843674486e-01 4.186352274521344952e-01 7.381035136659682694e-01 1.016470280997059161e+00 1.036802503768952333e+00 1.131379333160847045e+00 1.186895128416534329e+00 1.257143299247293955e+00 1.327901194556003972e+00 1.428068771085417854e+00 1.438450821177025274e+00 1.466836907828244829e+00 1.680427171343106707e+00 1.699423461431150750e+00 1.733934111934396505e+00 1.734588197118243302e+00 1.830477318203832970e+00 1.975564401294690464e+00 1.983858470824011677e+00 2.076473781550739695e+00 2.083770821105835669e+00 2.362614247236930254e+00 2.461440364256095137e+00 2.467508350973604436e+00 2.692223158851461129e+00 3.325398813754814942e+00 3.338698742362396832e+00 3.612514427836310826e+00 3.636968129909367242e+00
2.575250616921032631e-01 3.628482886525890572e-01 3.822408380850570442e-01 7.711632360630713556e-01 1.020761356547196907e+00 1.031661304665063339e+00 1.114112832021734167e+00 1.229997538568488258e+00 1.271581967933530732e+00 1.343326406697770814e+00 1.410733105482216532e+00 1.445550428664539533e+00 1.454837709182991823e+00 1.675869885313125307e+00 1.685798395918405523e+00 1.727687760772109504e+00 1.728307412857073011e+00 1.816274014371286771e+00 1.976748959665874494e+00 1.980539462995460021e+00 2.082328614018661206e+00 2.085529961444530400e+00 2.364323645252755401e+00 2.462472879159383510e+00 2.465211276048225209e+00 2.700439792773793091e+00 3.323977815653396561e+00 3.330260377455948273e+00 3.614033320946480110e+00 3.637796517458829371e+00
2.441192336979761124e-01 3.528037927449353406e-01 3.580497025939133326e-01 7.941596045074869048e-01 1.023299609759060758e+00 1.026446062560419037e+00 1.102720729819522960e+00 1.266976487330916834e+00 1.281324163671822669e+00 1.353717148588611252e+00 1.385470870130845800e+00 1.449601157031320753e+00 1.451541700252950928e+00 1.672724379502249281e+00 1.675574967199082943e+00 1.724450706691543100e+00 1.724770623414792370e+00 1.807258900656162126e+00 1.977492134212073038e+00 1.978471337018690823e+00 2.085876168644603013e+00 2.086608180226612763e+00 2.365416265299086884e+00 2.463112219783639034e+00 2.463770423627800632e+00 2.705629707765758063e+00 3.323211330501030680e+00 3.325000618370691274e+00 3.614871461600272617e+00 3.638308687877894076e+00
2.392327225801109680e-01 3.495124509462488871e-01 3.495155475636995135e-01 8.025743537395761962e-01 1.024067430249311572e+00 1.024141452876829561e+00 1.098820377770355572e+00 1.284770686454260957e+00 1.284775170391321053e+00 1.357450120283816286e+00 1.371130977851376054e+00 1.450870427385710260e+00 1.450896094181516327e+00 1.671592233215078327e+00 1.671830423103928265e+00 1.723485770790027072e+00 1.723564251911414713e+00 1.804176091906715795e+00 1.977745630658951148e+00 1.977766987533401188e+00 2.086971566535186895e+00 2.087063646238656922e+00 2.365791935493844811e+00 2.463279960367652066e+00 2.463328297815486234e+00 2.707404627823328802e+00 3.322970616599466354e+00 3.323214291410664156e+00 3.615138599545366649e+00 3.638481399665231653e+00
3.235823237873178826e-01 4.670353987377101612e-01 8.188801299105621379e-01 8.271978151368926113e-01 8.296637924608256665e-01 8.744336403675477820e-01 9.671012038250885734e-01 1.056402754091727569e+00 1.233583395402801486e+00 1.268073935984682210e+00 1.339935901451533740e+00 1.421380846064557835e+00 1.582355863977173538e+00 1.710072611461795455e+00 1.785848026125094190e+00 1.826025234776410766e+00 1.870280364042778976e+00 1.950880323920870740e+00 1.958644322531124748e+00 1.970631126243866493e+00 2.052061026247846698e+00 2.060179561711480201e+00 2.345204464521206678e+00 2.442355883114935455e+00 2.496280286346549193e+00 2.608365024060745885e+00 3.344539141605572752e+00 3.504958643748616876e+00 3.538478585130423237e+00 3.627669707848455882e+00
3.282314594097932026e-01 4.655893867965397726e-01 8.180947754241175707e-01 8.228550916649719493e-01 8.299284482788711337e-01 8.753569886500630615e-01 9.721882585473875515e-01 1.044372494107446814e+00 1.234077386487564709e+00 1.275015506844236146e+00 1.340277125303436456e+00 1.421697784118282515e+00 1.582083448976358220e+00 1.709835972129356341e+00 1.780322787804920592e+00 1.831109137731419478e+00 1.870071656445597252e+00 1.946822618401971239e+00 1.959021148294504799e+00 1.973610351449659239e+00 2.050561915471894814e+00 2.062758932131166567e+00 2.345029603801964235e+00 2.440571327330530949e+00 2.493862196134299936e+00 2.609130605352968146e+00 3.346972794502820481e+00 3.485255144873967925e+00 3.541266106154401516e+00 3.641681855863908801e+00
3.416307664281911793e-01 4.612680117191851892e-01 8.112110870231645787e-01 8.163413697613740583e-01 8.305503492680584854e-01 8.779634759691051782e-01 9.798511031500136692e-01 1.018780944050372561e+00 1.235520015303081420e+00 1.291240821326906429e+00 1.341385485301261893e+00 1.422948606033606733e+00 1.581270109784942646e+00 1.708874500481897263e+00 1.768323512163181288e+00 1.841396086659797593e+00 1.869277143131959251e+00 1.939071386770968797e+00 1.958017254398461304e+00 1.980947339219684578e+00 2.046101807592386024e+00 2.070162365965269924e+00 2.344513619871301469e+00 2.435488444458479229e+00 2.486793977425164393e+00 2.611619801197828217e+00 3.353923189904393531e+00 3.440456114280601607e+00 3.549323755531618385e+00 3.669797309425055776e+00
3.623183619993662896e-01 4.541263075280180805e-01 7.957406143613218186e-01 8.133936902086665865e-01 8.310834111337355168e-01 8.819081428254974542e-01 9.522229320699256983e-01 1.022426085700737231e+00 1.237768060788557056e+00 1.309254551083383955e+00 1.343522762970328133e+00 1.425947733651876215e+00 1.579911474777582647e+00 1.706576921345863918e+00 1.754127932259873068e+00 1.851451260144129751e+00 1.867542402390566902e+00 1.930290264719400462e+00 1.956634338857020428e+00 1.990838255251075939e+00 2.038807391025545979e+00 2.081427461243185117e+00 2.343714247703307940e+00 2.427840264226242439e+00 2.475636280591671401e+00 2.616317579076373523e+00 3.363308932890154868e+00 3.385657812046121595e+00 3.561804064684662485e+00 3.699150393623928945e+00
3.883157644077566140e-01 4.442673148834776486e-01 7.766188978494440454e-01 8.101203506396754683e-01 8.309423477297345206e-01 8.868205815663133817e-01 9.032217225844350050e-01 1.046000582374171373e+00 1.240534765380070015e+00 1.324407830263625518e+00 1.347132014671126532e+00 1.431689869935766080e+00 1.577947208231035958e+00 1.702300666815138586e+00 1.738969560055956043e+00 1.857776250811646879e+00 1.865281909366810709e+00 1.921361579301960720e+00 1.956729844051106060e+00 2.002844336883213838e+00 2.029059942126556049e+00 2.095019629551042151e+00 2.342809180890553566e+00 2.418621914906395887e+00 2.461286573436296976e+00 2.623807947733943102e+00 3.320193659181756907e+00 3.379875495829269383e+00 3.577464427502236699e+00 3.726014318199482922e+00
4.174225105721743323e-01 4.318899295350134282e-01 7.504967772769871592e-01 8.068485867121782951e-01 8.295742121694078541e-01 8.559496222123872400e-01 8.923306453134302041e-01 1.072928224172819300e+00 1.243384846698756263e+00 1.334926921202970629e+00 1.352768514485039208e+00 1.440699735391899994e+00 1.575188318640554197e+00 1.695682124246282507e+00 1.723216530283848025e+00 1.855743343314088856e+00 1.865809003389350629e+00 1.912971958358635982e+00 1.959280811889284601e+00 2.015256761837934452e+00 2.019104384190947510e+00 2.109039878213181396e+00 2.342135519187551917e+00 2.408859586258651930e+00 2.444865448019508225e+00 2.634603328571298864e+00 3.254634752048817692e+00 3.394607846887928382e+00 3.594853612179207403e+00 3.749480842942113146e+00
4.167852974649717823e-01 4.478542661013500958e-01 7.115767007001878586e-01 8.038730681574743908e-01 8.213085125113195328e-01 8.271375312859584605e-01 8.980091127384186578e-01 1.100053666011545195e+00 1.245825312449365896e+00 1.341046443627284646e+00 1.360897556142302900e+00 1.452510932104674302e+00 1.571249118426095270e+00 1.686803745116856490e+00 1.707303752821697662e+00 1.848793650115190701e+00 1.866401527572292940e+00 1.905690679624819639e+00 1.963281739837179796e+00 2.005670090740930611e+00 2.032351302766185697e+00 2.121619799695519504e+00 2.342110958801256082e+00 2.399437401325098751e+00 2.427586378320611527e+00 2.649016469363874471e+00 3.187893550937575426e+00 3.409768858014682102e+00 3.612485014380336423e+00 3.769380958310303953e+00
3.995050677604858325e-01 4.770768682549763051e-01 6.625239488678434929e-01 8.013974497409909192e-01 8.020775347734946381e-01 8.226105590051213667e-01 9.034140141969008164e-01 1.125610883684021069e+00 1.247494055126299406e+00 1.343919059245888281e+00 1.371654345455894930e+00 1.465882395248280234e+00 1.565576107507878900e+00 1.676230619614942352e+00 1.692129788904398913e+00 1.840376454460769029e+00 1.865819150723948550e+00 1.899840186079629678e+00 1.965041205230560584e+00 1.997485321571672801e+00 2.047800240920673254e+00 2.131407233565914439e+00 2.343011563407094489e+00 2.391023481102541481e+00 2.410685376883467068e+00 2.667012628093079041e+00 3.122824933241359791e+00 3.423924761572618714e+00 3.628968370990181214e+00 3.785718483157769043e+00
3.801414842726995591e-01 5.032334488579730536e-01 6.139891182825986116e-01 7.914212602643483363e-01 7.997605814532733337e-01 8.172042018202559932e-01 9.081146903958126071e-01 1.148032631630383049e+00 1.248320763967374791e+00 1.344723819013714516e+00 1.384490055434410838e+00 1.479306733735354928e+00 1.557775612672113841e+00 1.664998442275346102e+00 1.679033986261535105e+00 1.831967707299438919e+00 1.865037508198161831e+00 1.895472903343003335e+00 1.960582572442728599e+00 1.996281640399500956e+00 2.062247945603894017e+00 2.137927845536430560e+00 2.344734142344607974e+00 2.384075265582314973e+00 2.395427983922432613e+00 2.687929234459461192e+00 3.062485643169991167e+00 3.436022809479495788e+00 3.643096802552381774e+00 3.798499332467404344e+00
3.602864741868467835e-01 5.241784967402042250e-01 5.748941058053803621e-01 7.855358334189653791e-01 7.990794920454215022e-01 8.114349972164034419e-01 9.117457758024947179e-01 1.165742567854682665e+00 1.248521606751398672e+00 1.344423260064353975e+00 1.397784199398519611e+00 1.491139673429328960e+00 1.548422822163031176e+00 1.654620782303938498e+00 1.669280759760429111e+00 1.824853474553250976e+00 1.864646673357898576e+00 1.892487416896886598e+00 1.952882075534136952e+00 1.999249891773643206e+00 2.074182778034621588e+00 2.141579149011813232e+00 2.346763823846744312e+00 2.378832123730278969e+00 2.383183017377065394e+00 2.709846201269414667e+00 3.010827244153909898e+00 3.445247734479046198e+00 3.653898650427367834e+00 3.807692447334491526e+00
3.441981150391176802e-01 5.378459027237744161e-01 5.503582856975406390e-01 7.825277731879460852e-01 7.996603181812623751e-01 8.062353629111687070e-01 9.140353174940328840e-01 1.177200529249561312e+00 1.248443657645354143e+00 1.343817344647512568e+00 1.408550506654224987e+00 1.499506997020072951e+00 1.539980874012726986e+00 1.647048141471347371e+00 1.663466811089907349e+00 1.820105720313869524e+00 1.864644122135903359e+00 1.890755411819910581e+00 1.946698097719766540e+00 2.002160969605148555e+00 2.082127064295990149e+00 2.143229649603534792e+00 2.348398809802840770e+00 2.374320724111189662e+00 2.376402723973161990e+00 2.728358144471084046e+00 2.973814131616463463e+00 3.451016221148508034e+00 3.660666062537504040e+00 3.813242519098308136e+00
3.378379011201340099e-01 5.420218613213245717e-01 5.427102618182148008e-01 7.816011019201314358e-01 8.010643775225427810e-01 8.031388967798558376e-01 9.148171056490245201e-01 1.181181052029997458e+00 1.248380248249101099e+00 1.343530836884820445e+00 1.412850226012579258e+00 1.502574375451775524e+00 1.536421759117436725e+00 1.644229402705083887e+00 1.661564520223381525e+00 1.818439326470392414e+00 1.864707007778018344e+00 1.890188111409973226e+00 1.944396291897167561e+00 2.003275354136441422e+00 2.084924791321772997e+00 2.143675199176838575e+00 2.349031048281854606e+00 2.371701288215635195e+00 2.375096754817446421e+00 2.736077492372651854e+00 2.959815915500334960e+00 3.452977979248438078e+00 3.662969784366293169e+00 3.815099217452959657e+00
5.360879944102204808e-01 5.367987037945226581e-01 5.370269752585826728e-01 6.832690212692521525e-01 7.686649066750653736e-01 7.689161661528807201e-01 1.061853402485211317e+00 1.136522082271640199e+00 1.136737491990513327e+00 1.412462608796467789e+00 1.452405230467316954e+00 1.452530038673362167e+00 1.584416852967911682e+00 1.584519392528189741e+00 1.707168620407159887e+00 1.816091312887816223e+00 1.816399085257477397e+00 1.931985950837779686e+00 1.932061170249693483e+00 2.048334557997609107e+00 2.048818314084257075e+00 2.119665884737215400e+00 2.374925524999881521e+00 2.374959006059662148e+00 2.377437116701452968e+00 2.699583610179293824e+00 2.958071688452364789e+00 3.571490144599238192e+00 3.571689888051257533e+00 3.816036787747860259e+00
5.517584157070936079e-01 5.552077164550265342e-01 5.554691984977073727e-01 6.893566434555802314e-01 7.500845490011680550e-01 7.503363801929071597e-01 1.056901035097224328e+00 1.140701116073746579e+00 1.140910447867881095e+00 1.414007397281759948e+00 1.424204529199432967e+00 1.424298135995690773e+00 1.613980193529317209e+00 1.614061294278698933e+00 1.707844078578661717e+00 1.810073412845963237e+00 1.810391047852314861e+00 1.937439295795089667e+00 1.937514853597408493e+00 2.053485007356190106e+00 2.053950773897058824e+00 2.102455190511086425e+00 2.371451085223566402e+00 2.371473823421962557e+00 2.387222697477782596e+00 2.691979114874616386e+00 2.974326370951903886e+00 3.567233870155133602e+00 3.567434307778652336e+00 3.812483671844818289e+00
5.685007587719138611e-01 5.687657874287405102e-01 5.882027302552330639e-01 6.953748232208610824e-01 7.335983074671680315e-01 7.338535295001762382e-01 1.052782692967360045e+00 1.142219636716491404e+00 1.142429018013826569e+00 1.398121708115677375e+00 1.398186012929259370e+00 1.411894316463806698e+00 1.642627380151288730e+00 1.642691265869018702e+00 1.708065703379360034e+00 1.806380760353183845e+00 1.806701533378024305e+00 1.944258826841485321e+00 1.944335903444130986e+00 2.055663905105221456e+00 2.056091884200908382e+00 2.086451502465349606e+00 2.371917007583900894e+00 2.371918476615937799e+00 2.393645027346136267e+00 2.675674005725352078e+00 3.011496207367479361e+00 3.558938181403799028e+00 3.559140237028830978e+00 3.805188667631258070e+00
5.744680388343149646e-01 5.747322966219242657e-01 6.402868835012781590e-01 7.007826846542613008e-01 7.215329420657669024e-01 7.217948469233045339e-01 1.049879481564959249e+00 1.141200346717945235e+00 1.141416638780466064e+00 1.374912282211639969e+00 1.374939358669155620e+00 1.406042862659076853e+00 1.669927113341847402e+00 1.669974810184342795e+00 1.707818338504337285e+00 1.804585885815159330e+00 1.804900239511545212e+00 1.951479557965483114e+00 1.951556533629068779e+00 2.055134390846096171e+00 2.055504812325050779e+00 2.071526232638651432e+00 2.376600007057435793e+00 2.376636630720361687e+00 2.397022906502263240e+00 2.656418000890860664e+00 3.062773782403625855e+00 3.547128675873750137e+00 3.547333198306765301e+00 3.794240142211849243e+00
5.710621377408640065e-01 5.713333263991460242e-01 7.022160394116652160e-01 7.050728456055826987e-01 7.162970292543382467e-01 7.165672069768082020e-01 1.048496515891422121e+00 1.137850422905174685e+00 1.138080317126721974e+00 1.355190583685498051e+00 1.355204127049204788e+00 1.396473562828543624e+00 1.695685322147175711e+00 1.695715179624163627e+00 1.707121702774729632e+00 1.803781580855136735e+00 1.804076989847075208e+00 1.958138482213568787e+00 1.958211080798139436e+00 2.052550078630371644e+00 2.052845965704557241e+00 2.057545470223138384e+00 2.385401929017726630e+00 2.385478748388666137e+00 2.397711968307807417e+00 2.637910441566683861e+00 3.122831975904175827e+00 3.532585357944093118e+00 3.532793072347437224e+00 3.779729882769315985e+00
5.581875063684715865e-01 5.584733366890255457e-01 7.078440103566983055e-01 7.185667155040594833e-01 7.188432403855270492e-01 7.688528062121378071e-01 1.048812954179324297e+00 1.132437565398380475e+00 1.132686302417708069e+00 1.339428094511593503e+00 1.339484365493498697e+00 1.383180456916540013e+00 1.706026631777807445e+00 1.719908447539863161e+00 1.719913180667419716e+00 1.802740639373975773e+00 1.803001487280090576e+00 1.963405646642589319e+00 1.963468459551567236e+00 2.044668627683557727e+00 2.048804881494497909e+00 2.049019403848275189e+00 2.396046818555349400e+00 2.397714335589044676e+00 2.397830467898362627e+00 2.621882703334084130e+00 3.187826302098349718e+00 3.516325911163225459e+00 3.516537365363358258e+00 3.761729889278118577e+00
5.380718260507207917e-01 5.383791590668095539e-01 7.088461906566058124e-01 7.268847677589190814e-01 7.271599078419903606e-01 8.360687106450296335e-01 1.050840334989119773e+00 1.125291652609293314e+00 1.125561872538016095e+00 1.327947276770685692e+00 1.328045495223028727e+00 1.366069600508229565e+00 1.704618721834049166e+00 1.742650927676402395e+00 1.742684726595230327e+00 1.800218192548507679e+00 1.800421789603043665e+00 1.966749742479919183e+00 1.966799199383390429e+00 2.033587455173009761e+00 2.044728368412406461e+00 2.044857243311109407e+00 2.392302627091961398e+00 2.412476279708223093e+00 2.412624237770129909e+00 2.608933570007096581e+00 3.254676541316872562e+00 3.499572848809353154e+00 3.499788356814090839e+00 3.740294223461620771e+00
5.135399877836704929e-01 5.138743595254035013e-01 7.080118505654348082e-01 7.393292858773253817e-01 7.396039087370073206e-01 9.005634614567449292e-01 1.054406118059687758e+00 1.116809907720376582e+00 1.117101295300761299e+00 1.320825063000739874e+00 1.320961158889792264e+00 1.345053909735887787e+00 1.703004210330784751e+00 1.763680750630510774e+00 1.763809456126983033e+00 1.795597208744349471e+00 1.795682648915083002e+00 1.968013310777676272e+00 1.968049910962720306e+00 2.025526144949107543e+00 2.040777295860555451e+00 2.040829655915382457e+00 2.386679744386576374e+00 2.428280405670212083e+00 2.428451685188256715e+00 2.599069825351703500e+00 3.320632028287474835e+00 3.483694030346626391e+00 3.483913627487951192e+00 3.715531348050469251e+00
4.869579151654203630e-01 4.873234608355088704e-01 7.054663773648683911e-01 7.545331998995125078e-01 7.548077446093593990e-01 9.593611751452552072e-01 1.059172099563544300e+00 1.107443869996462160e+00 1.107753825403125614e+00 1.317944382328620767e+00 1.318107700795609238e+00 1.320458280856180666e+00 1.701309454928014109e+00 1.777660292665262265e+00 1.778112905302353441e+00 1.793587949425103689e+00 1.793850673487566993e+00 1.967281109692597951e+00 1.967308360233640085e+00 2.022017569049123775e+00 2.036934015031226508e+00 2.036942676316341405e+00 2.379338834884718423e+00 2.443534752420760903e+00 2.443720240300534918e+00 2.592003491996968112e+00 3.382937609462107087e+00 3.470104453337876205e+00 3.470327938009209578e+00 3.687861017292414001e+00
4.602734240304414137e-01 4.606725177320625808e-01 7.014880543754593578e-01 7.715895162570675092e-01 7.718634996351094735e-01 1.008921036002945693e+00 1.064683035423906743e+00 1.097675716933607104e+00 1.098000658000150676e+00 1.293919760124487173e+00 1.319060356078439078e+00 1.319253158024338290e+00 1.699670217682377471e+00 1.770457925592623605e+00 1.770804530938488552e+00 1.809074707954921424e+00 1.809253387354502918e+00 1.964659980517347027e+00 1.964681195259293967e+00 2.024476478208631303e+00 2.032854559789774473e+00 2.032906756756555744e+00 2.370445033543237212e+00 2.456669810942752719e+00 2.456861514057818940e+00 2.587334254057584548e+00 3.438055292902613136e+00 3.460122358843521262e+00 3.460350574893643838e+00 3.658848117941723821e+00
4.352715581616904972e-01 4.357041174411839246e-01 6.964573764923975840e-01 7.897263126931459709e-01 7.899988290156675363e-01 1.043467879348724425e+00 1.070429302729739796e+00 1.088016841392143830e+00 1.088353964088511150e+00 1.270182972962001555e+00 1.323873774583358198e+00 1.324082870574985193e+00 1.698221441611640126e+00 1.756145694640134147e+00 1.756419240015137717e+00 1.828041364002658931e+00 1.828164041098653936e+00 1.960250888992800089e+00 1.960266826433568754e+00 2.028160905845467710e+00 2.028242714369655531e+00 2.033778036708859815e+00 2.360192995224292378e+00 2.466367457831954990e+00 2.466558895551101749e+00 2.584683142924715238e+00 3.454789803756270761e+00 3.455014661374866680e+00 3.478904229867619158e+00 3.634074758970555319e+00
4.137038030137500932e-01 4.141664147071419944e-01 6.908079252391374769e-01 8.080620715612409910e-01 8.083321464821175972e-01 1.053837696942432123e+00 1.075893335979891230e+00 1.079053633553527680e+00 1.079416684468334164e+00 1.258205081493136923e+00 1.332083945411832060e+00 1.332302578254034087e+00 1.697085774135849823e+00 1.739087724577051741e+00 1.739325871312031646e+00 1.846450366214552830e+00 1.846546628783608535e+00 1.954390143580434502e+00 1.954397606929540787e+00 2.022423060649410687e+00 2.022519117552063150e+00 2.050000161726435621e+00 2.348798096531174107e+00 2.471764530063842891e+00 2.471950482718185516e+00 2.583795821885946697e+00 3.454695245869906284e+00 3.454921163660758854e+00 3.489785446795366397e+00 3.628281029377236955e+00
