-5.631661889941082938e-02
-3.649148635587534661e-02
-1.666635381233987079e-02
3.158778731195600702e-03
2.298391127473108433e-02
4.280904381826657057e-02
6.263417636180203252e-02
8.245930890533750834e-02
1.022844414488729980e-01
1.221095739924085016e-01
1.419347065359439775e-01
1.617598390794794116e-01
1.815849716230149014e-01
2.014101041665503911e-01
2.212352367100858808e-01
2.410603692536213427e-01
2.608855017971568602e-01
2.807106343406923221e-01
3.005357668842277841e-01
3.203608994277633015e-01
3.401860319712987635e-01
3.600111645148342254e-01
3.798362970583696874e-01
3.996614296019052048e-01
4.194865621454406113e-01
4.393116946889761287e-01
4.591368272325115907e-01
4.789619597760470526e-01
4.987870923195825701e-01
5.186122248631180875e-01
5.384373574066535495e-01
5.582624899501890114e-01
5.780876224937244734e-01
5.979127550372599353e-01
6.177378875807955083e-01
6.375630201243309703e-01
6.573881526678664322e-01
6.772132852114018942e-01
6.970384177549373561e-01
7.168635502984729291e-01
7.366886828420083910e-01
7.565138153855437420e-01
7.763389479290792039e-01
7.961640804726147769e-01
8.159892130161502388e-01
8.358143455596857008e-01
8.556394781032211627e-01
8.754646106467566247e-01
8.952897431902920866e-01
9.151148757338276596e-01
9.349400082773630105e-01
9.547651408208984725e-01
9.745902733644339344e-01
9.944154059079695074e-01
1.014240538451504747e+00
1.034065670995040431e+00
1.053890803538575893e+00
1.073715936082111355e+00
1.093541068625646817e+00
1.113366201169182279e+00
1.133191333712717741e+00
1.153016466256253425e+00
1.172841598799788665e+00
1.192666731343324349e+00
1.212491863886859811e+00
1.232316996430395051e+00
1.252142128973930735e+00
1.271967261517465975e+00
1.291792394061001659e+00
1.311617526604537121e+00
1.331442659148072583e+00
1.351267791691608045e+00
1.371092924235143506e+00
1.390918056778678968e+00
1.410743189322214652e+00
1.430568321865749892e+00
1.450393454409285576e+00
1.470218586952820816e+00
1.490043719496356500e+00
1.509868852039891962e+00
1.529693984583427424e+00
1.549519117126962886e+00
1.569344249670498126e+00
1.589169382214033810e+00
1.608994514757569272e+00
1.628819647301104734e+00
1.648644779844640196e+00
1.668469912388175658e+00
1.688295044931711120e+00
1.708120177475246804e+00
1.727945310018782044e+00
1.747770442562317728e+00
1.767595575105852967e+00
1.787420707649388651e+00
1.807245840192924113e+00
1.827070972736459575e+00
1.846896105279994815e+00
1.866721237823530499e+00
1.886546370367065961e+00
1.906371502910601645e+00
1.926196635454136885e+00
1.946021767997672791e+00
1.965846900541208031e+00
1.985672033084743493e+00
2.005497165628278733e+00
2.025322298171814861e+00
2.045147430715350101e+00
2.064972563258885341e+00
2.084797695802421025e+00
2.104622828345956709e+00
2.124447960889491949e+00
2.144273093433027189e+00
2.164098225976562873e+00
2.183923358520098112e+00
2.203748491063633796e+00
2.223573623607169480e+00
2.243398756150704720e+00
2.263223888694239960e+00
2.283049021237776088e+00
2.302874153781311328e+00
2.322699286324846568e+00
2.342524418868382252e+00
2.362349551411917936e+00
2.382174683955453176e+00
2.401999816498988416e+00
2.421824949042524100e+00
2.441650081586059784e+00
2.461475214129595024e+00
2.481300346673130708e+00
2.501125479216665948e+00
2.520950611760201188e+00
2.540775744303737316e+00
2.560600876847272556e+00
2.580426009390807796e+00
2.600251141934343035e+00
2.620076274477879164e+00
2.639901407021414403e+00
2.659726539564949643e+00
2.679551672108485327e+00
2.699376804652021011e+00
2.719201937195556251e+00
2.739027069739091935e+00
2.758852202282627175e+00
2.778677334826162859e+00
2.798502467369698099e+00
2.818327599913233783e+00
2.838152732456769023e+00
2.857977865000304263e+00
2.877802997543840391e+00
2.897628130087375631e+00
2.917453262630910871e+00
2.937278395174446555e+00
2.957103527717982239e+00
2.976928660261517479e+00
2.996753792805053163e+00
3.016578925348588402e+00
3.036404057892124086e+00
3.056229190435659326e+00
3.076054322979195010e+00
3.095879455522730250e+00
3.115704588066265934e+00
3.135529720609801618e+00
3.155354853153336858e+00
3.175179985696872098e+00
3.195005118240407782e+00
3.214830250783943466e+00
3.234655383327478706e+00
3.254480515871013946e+00
3.274305648414549630e+00
3.294130780958085314e+00
3.313955913501620554e+00
3.333781046045156238e+00
3.353606178588691478e+00
3.373431311132227162e+00
3.393256443675762846e+00
3.413081576219298086e+00
3.432906708762833325e+00
3.452731841306368565e+00
3.472556973849904693e+00
3.492382106393439933e+00
3.512207238936975173e+00
3.532032371480510857e+00
3.551857504024046541e+00
3.571682636567581781e+00
3.591507769111117465e+00
3.611332901654652705e+00
3.631158034198188389e+00
3.650983166741723629e+00
3.670808299285259313e+00
3.690633431828794553e+00
3.710458564372330237e+00
3.730283696915865921e+00
3.750108829459400717e+00
3.769933962002936401e+00
3.789759094546472085e+00
3.809584227090006880e+00
3.829409359633542564e+00
3.849234492177078693e+00
3.869059624720613488e+00
3.888884757264149172e+00
