0.000000000000000000e+00
3.546513715996214150e-02
7.093027431992428300e-02
1.063954114798864314e-01
1.418605486398485660e-01
1.773256857998107006e-01
2.127908229597728629e-01
2.482559601197349974e-01
2.837210972796971320e-01
3.191862344396592666e-01
3.546513715996214011e-01
3.901165087595835357e-01
4.276554873175272831e-01
4.651944658754710304e-01
5.027334444334147223e-01
5.402724229913584697e-01
5.778114015493022171e-01
6.153503801072459645e-01
6.500017449299633210e-01
6.846531097526805665e-01
7.193044745753979230e-01
7.539558393981151685e-01
7.886072042208325250e-01
8.232585690435498815e-01
8.579099338662671270e-01
8.925612986889843725e-01
9.272126635117017290e-01
9.618640283344190856e-01
9.965153931571363310e-01
1.031166757979853799e+00
1.065818122802570933e+00
1.098166917044891999e+00
1.130515711287213287e+00
1.162864505529534354e+00
1.195213299771855420e+00
1.227562094014176708e+00
1.259910888256497774e+00
1.292259682498818840e+00
1.324608476741139906e+00
1.356957270983461195e+00
1.389306065225782261e+00
1.421654859468103549e+00
1.454164568531402191e+00
1.486674277594700833e+00
1.519183986657999474e+00
1.551693695721298116e+00
1.584203404784596758e+00
1.616713113847895400e+00
1.649222822911193820e+00
1.681732531974492684e+00
1.714242241037791104e+00
1.746751950101089967e+00
1.779261659164388387e+00
1.811771368227687029e+00
1.843947635563067289e+00
1.876123902898447771e+00
1.908300170233828030e+00
1.940476437569208512e+00
1.972652704904588772e+00
2.004828972239969254e+00
2.037005239575349513e+00
2.067036422421704600e+00
2.097067605268059687e+00
2.127098788114414329e+00
2.157129970960769416e+00
2.187161153807124503e+00
2.217192336653479590e+00
2.247223519499834676e+00
2.277254702346189319e+00
2.307285885192544406e+00
2.337317068038899492e+00
2.367348250885254579e+00
2.397379433731609666e+00
2.427410616577964753e+00
2.457441799424319395e+00
2.487472982270674482e+00
2.487472982270674482e+00
2.519821776512995548e+00
2.552170570755316614e+00
2.584519364997637680e+00
2.616868159239959191e+00
2.649216953482280257e+00
2.681565747724601323e+00
2.713914541966922389e+00
2.746263336209243455e+00
2.778612130451564521e+00
2.810960924693885588e+00
2.843309718936207098e+00
2.843309718936207098e+00
2.875658513178528164e+00
2.908007307420849230e+00
2.940356101663170296e+00
2.972704895905491806e+00
3.005053690147812873e+00
3.037402484390133939e+00
3.069751278632455005e+00
3.102100072874776071e+00
3.134448867117097137e+00
3.166797661359418647e+00
3.199146455601739714e+00
