-2.979773522802631441e-05 -8.634828692191469471e-06 2.134515117499707842e-08 4.911203936933073583e-02 9.998880135650106693e-01 1.239951708086599380e+00 1.240064364555265142e+00 1.338885518031395438e+00 1.339036731432317051e+00 1.341075366413281067e+00 1.341119283983606802e+00 1.342741955153696987e+00 1.402967179562609967e+00 1.556282231234735969e+00 1.556399142620405351e+00 1.827119368964319701e+00 1.827197995265248620e+00 1.986732937844069236e+00 1.986885576490992067e+00 2.031747518899777560e+00 2.031913128894507370e+00 2.171626983791675514e+00 2.225768894433584499e+00 2.360856150328758396e+00 2.360856308283750593e+00 2.942086166015042803e+00 2.976882133994476209e+00 3.428520735696328536e+00 3.428738677685738701e+00 3.803221940959971015e+00
4.416337233242426108e-02 5.399880980448207995e-02 8.541342799063073032e-02 1.022191074537202593e-01 9.933334521337473522e-01 1.224908966356766493e+00 1.238504399861108496e+00 1.328213578938705064e+00 1.333010606373530305e+00 1.337749570738092642e+00 1.342614209788818735e+00 1.352265120043123048e+00 1.415670586579802048e+00 1.560122534894830215e+00 1.563499573915106300e+00 1.827453665527003723e+00 1.827694824396780326e+00 1.986416845299729950e+00 1.986805579689757018e+00 2.030705007073883461e+00 2.031004567344988132e+00 2.171374373399949764e+00 2.227829007279783724e+00 2.361037083237355283e+00 2.361467318818386563e+00 2.935675092953232479e+00 2.976506319833262193e+00 3.429030927437673792e+00 3.434778688084757281e+00 3.803394442323859703e+00
8.813892162011441322e-02 1.078989511354554731e-01 1.474697998513684327e-01 2.035326985608330030e-01 9.749319265818521263e-01 1.187516923705010718e+00 1.229888609084909490e+00 1.310830589544541569e+00 1.322642641857247225e+00 1.335920654745198721e+00 1.346031235716232066e+00 1.364105540359487279e+00 1.440088387264758740e+00 1.571064934951264647e+00 1.581395014486665529e+00 1.828370495893829162e+00 1.828821169314999384e+00 1.985181645230293945e+00 1.985811276789411828e+00 2.027670091331833291e+00 2.029543931240143984e+00 2.170563701441015070e+00 2.234009132321587821e+00 2.361573818810517089e+00 2.363124522859073373e+00 2.917787445774631117e+00 2.975407423884626645e+00 3.430364199701526395e+00 3.451905796518046188e+00 3.803903322038934665e+00
1.309984987069238993e-01 1.613000184852555752e-01 2.132374448090943453e-01 3.029659211715872158e-01 9.474845139475625011e-01 1.140114237036889744e+00 1.206436312735008398e+00 1.296390008690363471e+00 1.310619968877523522e+00 1.335762472612379570e+00 1.351245229667690229e+00 1.379799505171136698e+00 1.463325276008952791e+00 1.587406150467954857e+00 1.603589635723515094e+00 1.829224290999598601e+00 1.830164743025504803e+00 1.981163868001024175e+00 1.983165417469461733e+00 2.023093421790654212e+00 2.030529941830620189e+00 2.169066997834878663e+00 2.244192225709595867e+00 2.362444526852024218e+00 2.365386062311695792e+00 2.891746287742543498e+00 2.973669327820397612e+00 3.432456694869003844e+00 3.477277766633736000e+00 3.804721798453071457e+00
1.721170076268750682e-01 2.139424160957899557e-01 2.792878211046096459e-01 3.993884436973069718e-01 9.138197629487491147e-01 1.090136156708496395e+00 1.168455918628611645e+00 1.286503793700204179e+00 1.296520857855227415e+00 1.337037801031649709e+00 1.358024654619896854e+00 1.399778017005095521e+00 1.481985785722491178e+00 1.606164753449617733e+00 1.624974167462584607e+00 1.827527069536774018e+00 1.833270364128654073e+00 1.971378860663540067e+00 1.980383783732082126e+00 2.017659080640134217e+00 2.035830311284388294e+00 2.166755137733328063e+00 2.257916084158902770e+00 2.363602435799415868e+00 2.367744650674062701e+00 2.861501178281692148e+00 2.971425916127882427e+00 3.435130597499641336e+00 3.507658274961425793e+00 3.805802724340467513e+00
2.107760397568949617e-01 2.656391039149706979e-01 3.444908545777020659e-01 4.914166859263723319e-01 8.762402878946881080e-01 1.041793535651276637e+00 1.121711123474152139e+00 1.278312623830698547e+00 1.280170809803698351e+00 1.338793596783432793e+00 1.366056541023253024e+00 1.423018506925894489e+00 1.496037172516797797e+00 1.624173400087989938e+00 1.642237076831805309e+00 1.823069350072421990e+00 1.838281244048752150e+00 1.957595837167283026e+00 1.976774731687127140e+00 2.012179316772405802e+00 2.044438704289138098e+00 2.163579246843962522e+00 2.274253958085103999e+00 2.364969087924892577e+00 2.369821781275474493e+00 2.830679966243054846e+00 2.968852269176045944e+00 3.438160812525993926e+00 3.540079006940023199e+00 3.807076497458980580e+00
2.461160486447113716e-01 3.162641965577595582e-01 4.079980976205322962e-01 5.772636810322372414e-01 8.367266993395492403e-01 9.979624363270506171e-01 1.070038923674065279e+00 1.261681640597447807e+00 1.270649624999303562e+00 1.340419406136031277e+00 1.374981315079115696e+00 1.447916466669197710e+00 1.505802878860161842e+00 1.639225196223671244e+00 1.653456195137180451e+00 1.816553137947842789e+00 1.845668736417783062e+00 1.941427872358681528e+00 1.972158384356023753e+00 2.007482824335413252e+00 2.054413346085779857e+00 2.159633400171152129e+00 2.291891989221304993e+00 2.366435855510273800e+00 2.371458699575463847e+00 2.802159046157537858e+00 2.966152579848321480e+00 3.441296526075703799e+00 3.572000061677108373e+00 3.808451012473728525e+00
2.771399637627787182e-01 3.657355517242974474e-01 4.684282335358295191e-01 6.544778344075884435e-01 7.975605422189890881e-01 9.610443040198870523e-01 1.015386053414439660e+00 1.241563019089288789e+00 1.263529357223625471e+00 1.341708267408543653e+00 1.384452013595334652e+00 1.472891785439594425e+00 1.511165415971091441e+00 1.650282936094279673e+00 1.658074654922378599e+00 1.810153016884755717e+00 1.855366904911573300e+00 1.923835649071303777e+00 1.966378580858238356e+00 2.004182246853262850e+00 2.064104519221229062e+00 2.155190246395843001e+00 2.309317262499130052e+00 2.367874904341869868e+00 2.372673710483453657e+00 2.777901344150568441e+00 2.963545104325461477e+00 3.444283370656817667e+00 3.601262834033815086e+00 3.809815456329163297e+00
3.027729188941974958e-01 4.139309117876464050e-01 5.223642537997105206e-01 7.194836900770844590e-01 7.628242138042392595e-01 9.334738166756230138e-01 9.589543065890427931e-01 1.220831066749544558e+00 1.257357217490543411e+00 1.342641565428987382e+00 1.394090044317602528e+00 1.496410033909521653e+00 1.511977592083873168e+00 1.656924361740113261e+00 1.657176954492517007e+00 1.806782189845281827e+00 1.866531370082734620e+00 1.905440736136948976e+00 1.959573580967051143e+00 2.002410896568830090e+00 2.072354310727729576e+00 2.150706730193884475e+00 2.325000718309622183e+00 2.369155762251585084e+00 2.373536149696737318e+00 2.758958755737617174e+00 2.961244797003467433e+00 3.446884280592420247e+00 3.626044502666842639e+00 3.811048911494920866e+00
3.219757514194306891e-01 4.604877611142553229e-01 5.603944638834003067e-01 7.423431758804051039e-01 7.672311417294428448e-01 9.018851159920576732e-01 9.178183384176319404e-01 1.201478410358729931e+00 1.252565649187778574e+00 1.343259389631400680e+00 1.403210912187745407e+00 1.508996322121256561e+00 1.516673730404163978e+00 1.652052170154267863e+00 1.660484141570447880e+00 1.808409488604448168e+00 1.877626793391812043e+00 1.887228967530153900e+00 1.952393253460443789e+00 2.001812454105548422e+00 2.078493986355767209e+00 2.146787558713506794e+00 2.337532616970889876e+00 2.370161867151690416e+00 2.374070426780597209e+00 2.745641931178274486e+00 2.959444817009689199e+00 3.448897222583599209e+00 3.644862255571657883e+00 3.812033328644800267e+00
3.338815931572849949e-01 5.043514170031583310e-01 5.665879029896065955e-01 7.520281865971266688e-01 7.935724119210780803e-01 8.460562136351902351e-01 9.141364447892348366e-01 1.186894291145385250e+00 1.249524461105443685e+00 1.343608081100652774e+00 1.410334731193961133e+00 1.504668736590388578e+00 1.531129431975722044e+00 1.646532673204809116e+00 1.661521805689608833e+00 1.814026720765702372e+00 1.871617846294187260e+00 1.886434732515546164e+00 1.946276437036652984e+00 2.001800423131032680e+00 2.082231308447116014e+00 2.144083016129553876e+00 2.345703031319823051e+00 2.370803090735543517e+00 2.374291960923787137e+00 2.737820312246823207e+00 2.958298684936991663e+00 3.450168787504176660e+00 3.656610350334704052e+00 3.812668883605082826e+00
3.379169766561994082e-01 5.420779545032757829e-01 5.430127494331243865e-01 7.816872773869022462e-01 8.010875724023654998e-01 8.034992696852552019e-01 9.149847867973263105e-01 1.181309074936438108e+00 1.248481597706632584e+00 1.343720436066897062e+00 1.413155743045356294e+00 1.502579882355620677e+00 1.536541753496577734e+00 1.644046437427485685e+00 1.661674126376030403e+00 1.817799109856302442e+00 1.864558149933243314e+00 1.889976033788598242e+00 1.943690779006902236e+00 2.001863551704279764e+00 2.083481167287963398e+00 2.143114107182167771e+00 2.348563574327306114e+00 2.371023175422318552e+00 2.374326726132189425e+00 2.735250185880448992e+00 2.957905262199608476e+00 3.450603444226938432e+00 3.660603776691916611e+00 3.812888602446946607e+00
3.450445329880855727e-01 5.433550316835042970e-01 5.461935881822753691e-01 7.788235497230404647e-01 7.885977752591784018e-01 8.028306032034341344e-01 9.292946696638247905e-01 1.180188353098450937e+00 1.237680798682056604e+00 1.346756787704797009e+00 1.420662958010062482e+00 1.500174679682657164e+00 1.535911275071183857e+00 1.641986147222961767e+00 1.664742450528273521e+00 1.818659106417182425e+00 1.862222803117250747e+00 1.891128359948033300e+00 1.942989655107313585e+00 2.003941929159870128e+00 2.081937696367148316e+00 2.142043097261023821e+00 2.349733721774069028e+00 2.371321102056076935e+00 2.374504797584881199e+00 2.732845915077933618e+00 2.957795578883014365e+00 3.455591604432136421e+00 3.657450690726149922e+00 3.812944495394770428e+00
3.660483204807245539e-01 5.479850432077200129e-01 5.533062190800782654e-01 7.595953095695652246e-01 7.724157003079669126e-01 8.019379751162060144e-01 9.606483958996036021e-01 1.176916021081933827e+00 1.211199466367363975e+00 1.355534932590825692e+00 1.436925277228579212e+00 1.493206260405441910e+00 1.535519219547434311e+00 1.636180531472821720e+00 1.672986570815900631e+00 1.820188470096403499e+00 1.854985594770996560e+00 1.895228330965199603e+00 1.941547520736204069e+00 2.009746455186402603e+00 2.077557791488024108e+00 2.138732424755789285e+00 2.353272459503980230e+00 2.372088545533583392e+00 2.375032384563036114e+00 2.726285988532131555e+00 2.957494709387657128e+00 3.469785601518647233e+00 3.648216382956661619e+00 3.813099977186023004e+00
3.993352728331153179e-01 5.540268790771286644e-01 5.612068033685657653e-01 7.284756994597592072e-01 7.638915573267914816e-01 7.988172141428008244e-01 9.965907167918766074e-01 1.171409835990188775e+00 1.178830910815585886e+00 1.368994761265567961e+00 1.451717239979565033e+00 1.482437068259527591e+00 1.539094597888788440e+00 1.627239457763396180e+00 1.684164657336017834e+00 1.820684027934510452e+00 1.843245219153792469e+00 1.902901270328873240e+00 1.940361112114797004e+00 2.018205465510923169e+00 2.071075646038439189e+00 2.133279608043136211e+00 2.358910082470556002e+00 2.373005901362280845e+00 2.375853824157221794e+00 2.717303392773366522e+00 2.957077083877211798e+00 3.491116928442579148e+00 3.633575670079586040e+00 3.813321160114277575e+00
4.416242609619158710e-01 5.573634304214157842e-01 5.648783734827315106e-01 7.017465927026742545e-01 7.581012256556567408e-01 7.923471335312679553e-01 1.030775705416876908e+00 1.148104200468837988e+00 1.163760395831078487e+00 1.385570139470813977e+00 1.458840118696678179e+00 1.469211466410117684e+00 1.549781952975970878e+00 1.615447599415906765e+00 1.695593493857752154e+00 1.819721284573805331e+00 1.829673954636734878e+00 1.912935016393883636e+00 1.939295881271605904e+00 2.028045983692850829e+00 2.063436315690698297e+00 2.126742918634163093e+00 2.365531453435305576e+00 2.373756816599307484e+00 2.376742554114986028e+00 2.708198065280274403e+00 2.956642000409461790e+00 3.516778648511462269e+00 3.614615574517070939e+00 3.813558266327562674e+00
4.886394851124125638e-01 5.526341549261526431e-01 5.576485440472105370e-01 6.864854520660819137e-01 7.594488750099138707e-01 7.818413873558560656e-01 1.055719787727967374e+00 1.130074946066098152e+00 1.152302257991359324e+00 1.402782790245930888e+00 1.456128700980672264e+00 1.458266446579772113e+00 1.566363792978707759e+00 1.601032922506075984e+00 1.704235915630380571e+00 1.817727574570982663e+00 1.819145422006090529e+00 1.923023439097616194e+00 1.936941742378951670e+00 2.038076023663723646e+00 2.055322060823856489e+00 2.121278389543255649e+00 2.371322932456758181e+00 2.374176841251073089e+00 2.377206518503509169e+00 2.701325029375467146e+00 2.956297470251326054e+00 3.543765220422519846e+00 3.592704703243654762e+00 3.813750102144552567e+00
5.362060634251243352e-01 5.368579311836988444e-01 5.370894099344796224e-01 6.837603357663540882e-01 7.687010807031864346e-01 7.689515816852633412e-01 1.062409941601022867e+00 1.136591271722636520e+00 1.136811762420141037e+00 1.412237242494897682e+00 1.452592166669867790e+00 1.452718742775622296e+00 1.584465784530240784e+00 1.584568588368901354e+00 1.707301841049271740e+00 1.815803740725461912e+00 1.816114529285485668e+00 1.931456359194069661e+00 1.931530234317891281e+00 2.046867548104701395e+00 2.047357475204327759e+00 2.119146882855417857e+00 2.374184687429011120e+00 2.374218167580635086e+00 2.376948667429445550e+00 2.698693850309276332e+00 2.956156765365047345e+00 3.569134447007839217e+00 3.569333991536604245e+00 3.813827004463313131e+00
5.092118875732346561e-01 5.119568322758336620e-01 5.799865751111009660e-01 6.791657161817913346e-01 7.630932202544955523e-01 7.801091260458203891e-01 1.062946902169939589e+00 1.119790124171460732e+00 1.156845526454218565e+00 1.405220394578887255e+00 1.445282203860979831e+00 1.467737271804429922e+00 1.567583044674912385e+00 1.598274072987079242e+00 1.705431676587507495e+00 1.813568832473431813e+00 1.822058478516308311e+00 1.923441822765132425e+00 1.938312251888915094e+00 2.039639529707003351e+00 2.053770989924708079e+00 2.120566789560342613e+00 2.371719587845155797e+00 2.373883986098347165e+00 2.377595824192360041e+00 2.700725803206514453e+00 2.956332399317154636e+00 3.547124909133197335e+00 3.588866688467901689e+00 3.813745391505031446e+00
4.759285368295260166e-01 4.804718213300065432e-01 6.217151965346700004e-01 6.569011713599209878e-01 7.748406836157127886e-01 7.868566201292510609e-01 1.069447717912655360e+00 1.104048877445789056e+00 1.179653560680848923e+00 1.392793594038854277e+00 1.436904506880805066e+00 1.491463865767469921e+00 1.548764035740102463e+00 1.605350628542739022e+00 1.702221093957757558e+00 1.811151269107375006e+00 1.834631883501227856e+00 1.913217180778029380e+00 1.944985346654172886e+00 2.032192962097802091e+00 2.058580753885195236e+00 2.124550640057086603e+00 2.365234071476840505e+00 2.373248250636041945e+00 2.377956691560497049e+00 2.707139777232451916e+00 2.956917272802114915e+00 3.525535751834143472e+00 3.602559507687126406e+00 3.813444612367007824e+00
4.393060404191544976e-01 4.439770177381803795e-01 6.186123074962012192e-01 6.618403880011298757e-01 7.818302374051859793e-01 8.020067742137919620e-01 1.083867191290365684e+00 1.094416862273674074e+00 1.201817968278651394e+00 1.380676972844498529e+00 1.428107435531119185e+00 1.517237241933854008e+00 1.528497883729660112e+00 1.603654839841972768e+00 1.700480361151555320e+00 1.809076777954214066e+00 1.851688309827596024e+00 1.901247662294479390e+00 1.951449414712532526e+00 2.025425764130656336e+00 2.060865005553255802e+00 2.130364046131468125e+00 2.355100891245312855e+00 2.372315042153601894e+00 2.377526282080438591e+00 2.718199664609223909e+00 2.957967633824725162e+00 3.505255488860534729e+00 3.609124377744509893e+00 3.812878258670274523e+00
4.004832559965887384e-01 4.041138639517679043e-01 5.708850891120640370e-01 6.954102676951774420e-01 7.647763399953536601e-01 8.387021400558847262e-01 1.095098657365423112e+00 1.104980353134087823e+00 1.222435714612240432e+00 1.370356391673877683e+00 1.419155451784254396e+00 1.505562930577319714e+00 1.543405090635581178e+00 1.594094001208902656e+00 1.699616590333031807e+00 1.807906611083612614e+00 1.871056511742400730e+00 1.888591126282499255e+00 1.957625959236154900e+00 2.019756733632417145e+00 2.060443851801534887e+00 2.137198156085023726e+00 2.341488822978410322e+00 2.371121863585933909e+00 2.376442922850696249e+00 2.733942596889430199e+00 2.959498097311083598e+00 3.487004201767280875e+00 3.607877702132349373e+00 3.812027873887045448e+00
3.601372719597836225e-01 3.620400252513754635e-01 5.172635183167160200e-01 6.889886355140386609e-01 7.685516511385789284e-01 8.820220039841752957e-01 1.106400724396345847e+00 1.130979101201945669e+00 1.241300350494559002e+00 1.362073923815861232e+00 1.410196443867064220e+00 1.481870878064549535e+00 1.565753704286597880e+00 1.579214239956247212e+00 1.696897876063916843e+00 1.808105553018857670e+00 1.872836280568912271e+00 1.894606189730481116e+00 1.963397555350614443e+00 2.015576943220892758e+00 2.057444774131279353e+00 2.144342250268530314e+00 2.325012297845776121e+00 2.369730863346850569e+00 2.374848119083003528e+00 2.754195078623558945e+00 2.961474666416660906e+00 3.471284563433904236e+00 3.598761642675214922e+00 3.810919982270313255e+00
3.185540006460279572e-01 3.186508275994708872e-01 4.596004303023167314e-01 6.355643509758139853e-01 8.029841046910787261e-01 9.302774127683273164e-01 1.125478245423309209e+00 1.160194439095423302e+00 1.258430766490472807e+00 1.355540740325749560e+00 1.401326843688223578e+00 1.457059552416446468e+00 1.561039108780492457e+00 1.582736019218911494e+00 1.689827636629596119e+00 1.809903762234315483e+00 1.860207859495758065e+00 1.915912522253664596e+00 1.968631365460055349e+00 2.013248472601153249e+00 2.052328509370494825e+00 2.151222499455568649e+00 2.306701353450777869e+00 2.368217800111410920e+00 2.372874364321902352e+00 2.778541463401251299e+00 2.963812866399013313e+00 3.458355088963157353e+00 3.582338933274887172e+00 3.809627559735171420e+00
2.741834230689934593e-01 2.761773197143975178e-01 3.990277384941246508e-01 5.642366172992852036e-01 8.422007525931696215e-01 9.820441634676866371e-01 1.148978865212130218e+00 1.191204050093337186e+00 1.273926688067507307e+00 1.350264144711830872e+00 1.392617297904554796e+00 1.431755087226994627e+00 1.540614771036934449e+00 1.592637645149205250e+00 1.676903777966705755e+00 1.813129616607992656e+00 1.848987915189682418e+00 1.936571362944671915e+00 1.973214546004485426e+00 2.013044369062833017e+00 2.045881849281289799e+00 2.157390288892786501e+00 2.287879358269066188e+00 2.366663216467458142e+00 2.370656166792948660e+00 2.806251715571312477e+00 2.966381894700832689e+00 3.448231070793765785e+00 3.559775152853495772e+00 3.808252479207633101e+00
2.292479871341180364e-01 2.327068508545780401e-01 3.363635340372220783e-01 4.825492061050543069e-01 8.809397489545283122e-01 1.035865918381680739e+00 1.174100912160344068e+00 1.222762408061953909e+00 1.287921151914492635e+00 1.345795200641325406e+00 1.384115597893292415e+00 1.406868285025912657e+00 1.518324765625803874e+00 1.594864514707212688e+00 1.657830076869888591e+00 1.817134498961409106e+00 1.840306746567834217e+00 1.954971212992151930e+00 1.977108504381768439e+00 2.014982466701491948e+00 2.039189825883938045e+00 2.162514676777415712e+00 2.269975255089962562e+00 2.365148107849746495e+00 2.368333871046268246e+00 2.836185479075564952e+00 2.969014787019495394e+00 3.440714876441341552e+00 3.532813969050210279e+00 3.806901967540944121e+00
1.839173517689052795e-01 1.881564081875241878e-01 2.723160994258569390e-01 3.936162022890662415e-01 9.173370572304148096e-01 1.090086847481616772e+00 1.198310170041255285e+00 1.253684254226846928e+00 1.300572465581899095e+00 1.341920421181321155e+00 1.375837278888994542e+00 1.383802768638570324e+00 1.494200809135801666e+00 1.590166869019241203e+00 1.633726870840251921e+00 1.821008541268522851e+00 1.834319268114652735e+00 1.969777129597067189e+00 1.980366227124672918e+00 2.018648046867844936e+00 2.033591235219188498e+00 2.166403028176417944e+00 2.254285548634475056e+00 2.363753043193447922e+00 2.366057916948956841e+00 2.866688923401599531e+00 2.971523701594700029e+00 3.435452025692908862e+00 3.503755492720604714e+00 3.805672044388631825e+00
1.382713790113528074e-01 1.424707024063240346e-01 2.076475411726628195e-01 2.994488525656219258e-01 9.497282875923119816e-01 1.142558877807487994e+00 1.218779463900132365e+00 1.282696384398988476e+00 1.312084843313426452e+00 1.338828979251115880e+00 1.364567693164451478e+00 1.367748762636580073e+00 1.468219054906963361e+00 1.580578378023488550e+00 1.607150799921828410e+00 1.824020185269326966e+00 1.830596197220029753e+00 1.979798715230546735e+00 1.983044990195558910e+00 2.023191805944803967e+00 2.030438988004575229e+00 2.169042436228920234e+00 2.241743960721379381e+00 2.362557575441917024e+00 2.363995252367741440e+00 2.895504463011812302e+00 2.973718575279603815e+00 3.432004409463137229e+00 3.475445567062692920e+00 3.804640342774762374e+00
9.235786295054443373e-02 9.570884633768694805e-02 1.435418304671937095e-01 2.015958102696512044e-01 9.760365074137016261e-01 1.189910051002770475e+00 1.232529275932650270e+00 1.308255375912323881e+00 1.322769305308172383e+00 1.337258531868922518e+00 1.351177073175793053e+00 1.359728783047333245e+00 1.440933634042379285e+00 1.569210950422295747e+00 1.582014889870234420e+00 1.825913910017151531e+00 1.828506866043012602e+00 1.984826833216014164e+00 1.985106792808765119e+00 2.027530599747283002e+00 2.030143138697149574e+00 2.170611295723896550e+00 2.232802062712469837e+00 2.361636970024251880e+00 2.362328699169101931e+00 2.919758594095709814e+00 2.975426716565621632e+00 3.429929069969846367e+00 3.451227221274192569e+00 3.803864737767397308e+00
4.623636602144355623e-02 4.809269988581203747e-02 8.351039235991786214e-02 1.013776018684601210e-01 9.936302839738901937e-01 1.225865249301520077e+00 1.238646348082267590e+00 1.328369939258969845e+00 1.332957453145584115e+00 1.337813267823506624e+00 1.343848058114465838e+00 1.351435139981451927e+00 1.415484556216959788e+00 1.559907739122462500e+00 1.563391966903620700e+00 1.826851139106608457e+00 1.827494370917588817e+00 1.986428318272600135e+00 1.986458108018198665e+00 2.030627387953416907e+00 2.031278200895819452e+00 2.171394311386800169e+00 2.227512605841919680e+00 2.361055255707344092e+00 2.361237181553512254e+00 2.936217642417973561e+00 2.976510670681340898e+00 3.428850992444900658e+00 3.434662935469089629e+00 3.803384457031532495e+00
-2.979773522802631441e-05 -8.634828692191469471e-06 2.134515117499707842e-08 4.911203936933073583e-02 9.998880135650106693e-01 1.239951708086599380e+00 1.240064364555265142e+00 1.338885518031395438e+00 1.339036731432317051e+00 1.341075366413281067e+00 1.341119283983606802e+00 1.342741955153696987e+00 1.402967179562609967e+00 1.556282231234735969e+00 1.556399142620405351e+00 1.827119368964319701e+00 1.827197995265248620e+00 1.986732937844069236e+00 1.986885576490992067e+00 2.031747518899777560e+00 2.031913128894507370e+00 2.171626983791675514e+00 2.225768894433584499e+00 2.360856150328758396e+00 2.360856308283750593e+00 2.942086166015042803e+00 2.976882133994476209e+00 3.428520735696328536e+00 3.428738677685738701e+00 3.803221940959971015e+00
4.380080862689045285e-02 4.380464729936860840e-02 5.925554654491263507e-02 1.136984860690920945e-01 1.000895444367439824e+00 1.237488128658237763e+00 1.237597695950332977e+00 1.317900473561312902e+00 1.317984100262748148e+00 1.342870120563009806e+00 1.361377649170170567e+00 1.361471143120424498e+00 1.402503710398228964e+00 1.557519718222147853e+00 1.557636375255324612e+00 1.827203742961911237e+00 1.827282118568194225e+00 1.988711910511678171e+00 1.988871717749688184e+00 2.029630954608952376e+00 2.029804984470669371e+00 2.154190158604138983e+00 2.240040579338740123e+00 2.362992191739187842e+00 2.362993384874997105e+00 2.908479504012132733e+00 3.016312444410961024e+00 3.426541718895424360e+00 3.426760110427841344e+00 3.801973767101684665e+00
8.200643005825253296e-02 8.725225714096719598e-02 8.726096955300861879e-02 2.254695762579809470e-01 1.003868721445087209e+00 1.228262756475829054e+00 1.228358136943288770e+00 1.299074190542182095e+00 1.299134615270491011e+00 1.343297434182575634e+00 1.380229317011987256e+00 1.380327006448473393e+00 1.401134338808455837e+00 1.561170454768733729e+00 1.561286350004348567e+00 1.827252862732293037e+00 1.827330261727970306e+00 1.994037446561563121e+00 1.994226111366476095e+00 2.024080142536991644e+00 2.024286739607271013e+00 2.120657073557099981e+00 2.264122824420315538e+00 2.369151894892728816e+00 2.369156118781900133e+00 2.867420238940348476e+00 3.074469995207465001e+00 3.420723535062216047e+00 3.420943261976468364e+00 3.798234888967250367e+00
1.086663953163882063e-01 1.299590519837525160e-01 1.299700059960947618e-01 3.333526889195424503e-01 1.008699790677779262e+00 1.209266841908208212e+00 1.209337723770679052e+00 1.287741083265389053e+00 1.287769780711932377e+00 1.344018133287632422e+00 1.396105658644420711e+00 1.396202103063735711e+00 1.398921318317940976e+00 1.567074567293693876e+00 1.567189326864240062e+00 1.826614696949584005e+00 1.826689891850168612e+00 1.999404808403082434e+00 1.999636828208808392e+00 2.018959020000006710e+00 2.019214926306570845e+00 2.081828186358816168e+00 2.287361630674878299e+00 2.378678794088812332e+00 2.378687813359608771e+00 2.830781880147063667e+00 3.138424486302484606e+00 3.411422171654549196e+00 3.411644083880895018e+00 3.792010555705837227e+00
1.355314238159119888e-01 1.714331096547093702e-01 1.714458495837035412e-01 4.353000050224625217e-01 1.015326929215206508e+00 1.182058534315371556e+00 1.182112747497128025e+00 1.283313808599896078e+00 1.283319977856587579e+00 1.345043833590429561e+00 1.395965612365333230e+00 1.409211118204319435e+00 1.409301533797285177e+00 1.575050522220477145e+00 1.575164230802808651e+00 1.824146694273073965e+00 1.824218025280386790e+00 1.996332445593664850e+00 1.996452028262908795e+00 2.023737287113970051e+00 2.023888433979468271e+00 2.039931054875917305e+00 2.307831060518441113e+00 2.390696123550777319e+00 2.390711308053055095e+00 2.799014408340549487e+00 3.206139700623976019e+00 3.399228114430230541e+00 3.399453026447450288e+00 3.783273661554134470e+00
1.609146803621835098e-01 2.110450437531791179e-01 2.110583976947529861e-01 5.290921333011083805e-01 1.023867271222623554e+00 1.150954649587416334e+00 1.151004080246362138e+00 1.282406095666584367e+00 1.282409365855946559e+00 1.346387025507159274e+00 1.392403115931112323e+00 1.420044626696059575e+00 1.420125101532184964e+00 1.584995126515425179e+00 1.585108649174264306e+00 1.818375384503327918e+00 1.818441002821488572e+00 1.988408997213814589e+00 1.988454548265401911e+00 1.996061318396649797e+00 2.035506286362076978e+00 2.035591948136901141e+00 2.325017069731226904e+00 2.404256044489465616e+00 2.404278218473382633e+00 2.772166119155011099e+00 3.275634688814286211e+00 3.384959009565689403e+00 3.385187850639338691e+00 3.771920896504619591e+00
1.838068181994297057e-01 2.479757135057158168e-01 2.479884375507925842e-01 6.122585450331888834e-01 1.034686889144750710e+00 1.119229937195271418e+00 1.119281414182194290e+00 1.282815159623202694e+00 1.282820214081398458e+00 1.348055764889535046e+00 1.388400488391116072e+00 1.429082900211370966e+00 1.429150994704482480e+00 1.596935526526233717e+00 1.597050733438067249e+00 1.808043862642499944e+00 1.808101765954582385e+00 1.951419170431256456e+00 1.981788288160842848e+00 1.981810129152306033e+00 2.048573622418192741e+00 2.048643991271788867e+00 2.338792337973208735e+00 2.418391864850310213e+00 2.418421204679245928e+00 2.750260966925567541e+00 3.344760667950799071e+00 3.369642063293193601e+00 3.369879293406737197e+00 3.757728715371680739e+00
2.034814394335180687e-01 2.811759916770605328e-01 2.811869809382845919e-01 6.821502677785031832e-01 1.048217874787169102e+00 1.089224903453376303e+00 1.089281515060107619e+00 1.283517921018202390e+00 1.283521277964427609e+00 1.350042949286481608e+00 1.384153458048793306e+00 1.436599926525393034e+00 1.436654984684272218e+00 1.610971675957518556e+00 1.611091783063667515e+00 1.792841178215951903e+00 1.792888729607822640e+00 1.907737244378373997e+00 1.978006014808731505e+00 1.978021500803080590e+00 2.060971240167869922e+00 2.061042811653187368e+00 2.349256790052290711e+00 2.432105264069085671e+00 2.432141283266245679e+00 2.733225009210607848e+00 3.354476825183658306e+00 3.354708978985624590e+00 3.411424014757443945e+00 3.740322498884786739e+00
2.193739565323148399e-01 3.093571651059011662e-01 3.093656808233767874e-01 7.364364676128880571e-01 1.062960267559494465e+00 1.063023177048341150e+00 1.064252948288710199e+00 1.284098442217661118e+00 1.284099004720919091e+00 1.352302822677646565e+00 1.379895345560537390e+00 1.442640702736825542e+00 1.442683803472088133e+00 1.627093324944061559e+00 1.627223834614991205e+00 1.773683322517335403e+00 1.773716016760686243e+00 1.867552478259941307e+00 1.976749634224429286e+00 1.976765427035100275e+00 2.071582007103597523e+00 2.071660055920150789e+00 2.356700691284895122e+00 2.444353309350127734e+00 2.444394952143433386e+00 2.720789555175623153e+00 3.340765601966093623e+00 3.341002812980426562e+00 3.473746616802674492e+00 3.719174902656825044e+00
2.310458828235679163e-01 3.310552645741126621e-01 3.310611649750022645e-01 7.740346989754630647e-01 1.042353448511961878e+00 1.042421718219762816e+00 1.080819498002364210e+00 1.284450766724249959e+00 1.284452793304865503e+00 1.354692026665927029e+00 1.375939517088556663e+00 1.447103743070002890e+00 1.447137376865737624e+00 1.644820755098441278e+00 1.644972089783820035e+00 1.752477649524125436e+00 1.752486262198933886e+00 1.834299268351038181e+00 1.976959293049247002e+00 1.976977532290550510e+00 2.079646051175194188e+00 2.079731073507957273e+00 2.361544332190754769e+00 2.454089060688128043e+00 2.454134881794115319e+00 2.712492826908527110e+00 3.329799671505801140e+00 3.330040153755565502e+00 3.530289401666214300e+00 3.693664465151249132e+00
2.381788230518827876e-01 3.448221718792551793e-01 3.448260566320853204e-01 7.955839421901127473e-01 1.029135604519424430e+00 1.029207777708136096e+00 1.093831642566553297e+00 1.284615074043071736e+00 1.284618832559969892e+00 1.356810901681245962e+00 1.372821718285548886e+00 1.449850080358186410e+00 1.449877693615310159e+00 1.662146103090214488e+00 1.662339464914070364e+00 1.732483933367932716e+00 1.732519319654626910e+00 1.811971809206703421e+00 1.977564016493278842e+00 1.977584511665009259e+00 2.084667737701715318e+00 2.084757771517134373e+00 2.364227656591836979e+00 2.460376095908733962e+00 2.460424457743823012e+00 2.707801232085445875e+00 3.322700790512595148e+00 3.322943333777675701e+00 3.579869254579765236e+00 3.663375777966490165e+00
2.405783099717362372e-01 3.495511556443164913e-01 3.495542794384026708e-01 8.025293866844516177e-01 1.024572504418868935e+00 1.024646085691523378e+00 1.098822664890367395e+00 1.284659799735728303e+00 1.284664159034350606e+00 1.357756872635967671e+00 1.371532607401038995e+00 1.450777505038917337e+00 1.450803059112836690e+00 1.671260737414097752e+00 1.671499452981430434e+00 1.722354353105716385e+00 1.722435751895433631e+00 1.804053614089841773e+00 1.977847480590450679e+00 1.977868851402139860e+00 2.086370969483075211e+00 2.086462803225675788e+00 2.365081319548881567e+00 2.462552018807483645e+00 2.462601229071724074e+00 2.706290970472096102e+00 3.320242152609630182e+00 3.320485408273418759e+00 3.613911355536466807e+00 3.635878334954165236e+00
2.463217557280485970e-01 3.536248502490200729e-01 3.592428094886707668e-01 7.927245711716852661e-01 1.023684647510236800e+00 1.027223466124777218e+00 1.103386281354278742e+00 1.264168352295086173e+00 1.280659536171206536e+00 1.353502686044494974e+00 1.387486805156322056e+00 1.449348769627349931e+00 1.451304117831973439e+00 1.672565108735482919e+00 1.675900313502535210e+00 1.723643233775583372e+00 1.723760791532332748e+00 1.807730061685900669e+00 1.977572472458700270e+00 1.979229611503991126e+00 2.085140634180242980e+00 2.086041188401850377e+00 2.364615876984560217e+00 2.462326866732866826e+00 2.463136477991375806e+00 2.704039182581327250e+00 3.320675139294911649e+00 3.322482698591380235e+00 3.613599136202335860e+00 3.635686660092638522e+00
2.619118971619204261e-01 3.659766235980389526e-01 3.866324256155345140e-01 7.662347081700888740e-01 1.020723480125653504e+00 1.032725148197220388e+00 1.116602056256626563e+00 1.223350937517352133e+00 1.267986284273226349e+00 1.343246447303327429e+00 1.411951253914365267e+00 1.448412009597441541e+00 1.452248675570294578e+00 1.675972629960538418e+00 1.687863362742753726e+00 1.727479690506893650e+00 1.728029854147239197e+00 1.818450806512359463e+00 1.976726627072735498e+00 1.983133494080165482e+00 2.081264511217142399e+00 2.084969999892561709e+00 2.363274399508986878e+00 2.461542868541372719e+00 2.464829856618318438e+00 2.697521911935306438e+00 3.321786611779705023e+00 3.328591135844729543e+00 3.612607734591836817e+00 3.635120325417685372e+00
2.833764921675906989e-01 3.868827202801862208e-01 4.276933517354464254e-01 7.287493301065380846e-01 1.015295628023399788e+00 1.037819736728093245e+00 1.136143749531447922e+00 1.178003138014266371e+00 1.245926942695209982e+00 1.331698283815291761e+00 1.416574322356956017e+00 1.452641300481532838e+00 1.462537353786742100e+00 1.680691910276092216e+00 1.703622866929263679e+00 1.733786883808722257e+00 1.736320007591153569e+00 1.835245692118342875e+00 1.975303731284973496e+00 1.989065003356958350e+00 2.074856686211480561e+00 2.083168694569349721e+00 2.361211499787379431e+00 2.460239946715402581e+00 2.467572788816868368e+00 2.687425280318290088e+00 3.323542311506562097e+00 3.338620334877492546e+00 3.610782150465047025e+00 3.634209607960380062e+00
3.064402121774266186e-01 4.161405192736044034e-01 4.778967951679844450e-01 6.852310538149999353e-01 1.006488789554744745e+00 1.041616018150474110e+00 1.133672450722168934e+00 1.157315113447881627e+00 1.216598018320855124e+00 1.321624775897507931e+00 1.404468587718645356e+00 1.451980922649598549e+00 1.486268787934304614e+00 1.685793602799849467e+00 1.718547740582547334e+00 1.742352786458624347e+00 1.750402259081274225e+00 1.856435658403759792e+00 1.973296463846163418e+00 1.996393835665706051e+00 2.066013835316741432e+00 2.080622107906998863e+00 2.358654278805396132e+00 2.458438903384872809e+00 2.471214797396324325e+00 2.674799236464434404e+00 3.325818104787993779e+00 3.352289380570717459e+00 3.607893270304274758e+00 3.633014994857773683e+00
3.280918970039994886e-01 4.520386396861990619e-01 5.332945855946455982e-01 6.398977011414697103e-01 9.928081430037488664e-01 1.044357470246659370e+00 1.094186364137428091e+00 1.162440261072144265e+00 1.196735271661456990e+00 1.313766396167040718e+00 1.386698573241849974e+00 1.450120723269470835e+00 1.508906205809764423e+00 1.690641415050438079e+00 1.730744985652503232e+00 1.752768121315441130e+00 1.769783343862375791e+00 1.879739375552503811e+00 1.970717856421033920e+00 2.004620288121199856e+00 2.054898202974852595e+00 2.077336018804103013e+00 2.355864305603653452e+00 2.456191358543354131e+00 2.475505119788023567e+00 2.660920907472053454e+00 3.328451375913796362e+00 3.369154857520908930e+00 3.603678217227300529e+00 3.631629585668611160e+00
3.465157798941972955e-01 4.895857902935747963e-01 5.906903894101502850e-01 5.989864131697011373e-01 9.729477964581233485e-01 1.046136870204792846e+00 1.062538858123309060e+00 1.127842848822194766e+00 1.209596181584530861e+00 1.308793655525125610e+00 1.366021561502126502e+00 1.447068581794129116e+00 1.528728013855473522e+00 1.694985168600889880e+00 1.741586551306119279e+00 1.764518534428058283e+00 1.791212647311272388e+00 1.902586308245974855e+00 1.967621848513056770e+00 2.013544585915480134e+00 2.041778316286848138e+00 2.073362702605071828e+00 2.353097246527537934e+00 2.453593573078965306e+00 2.480091050678903564e+00 2.647117755215722568e+00 3.331256511596386360e+00 3.388600808474811377e+00 3.597889801525594233e+00 3.630166644336030313e+00
3.597987298692671976e-01 5.089356754288580920e-01 5.839035588775653984e-01 6.476449854838676190e-01 9.482051342502197944e-01 1.038456350302989994e+00 1.046098992168255082e+00 1.085257737102009346e+00 1.223747966977630774e+00 1.308039535553870092e+00 1.343850279152907889e+00 1.442919924335176907e+00 1.545500230378652473e+00 1.698821374568566078e+00 1.752037785453588903e+00 1.777109919251150583e+00 1.812154764412344354e+00 1.922601474445466252e+00 1.964126271480194585e+00 2.022839505445602093e+00 2.027432423679762064e+00 2.068834313517902146e+00 2.350568282050772950e+00 2.450794597748445547e+00 2.484554954018254769e+00 2.634574211818819567e+00 3.334039534437478913e+00 3.409863478472837439e+00 3.590341817597840546e+00 3.628738237596824678e+00
3.647628231667902621e-01 4.924003753885114465e-01 6.159968326015501372e-01 7.017889434619297706e-01 9.227559413331590799e-01 1.019599336230437414e+00 1.026834869323430599e+00 1.057964281432503206e+00 1.232080587300539154e+00 1.312492893577331232e+00 1.321559188437922527e+00 1.437880308529482676e+00 1.559132855291333941e+00 1.702213615299490446e+00 1.762081462882232552e+00 1.790078737739556836e+00 1.831154845707640311e+00 1.938212971954027974e+00 1.960435804292072870e+00 2.011104478453675348e+00 2.033753139671198973e+00 2.064000284330615109e+00 2.348429759172672160e+00 2.447995412384511127e+00 2.488492312856995348e+00 2.624156580813152839e+00 3.336612330501339319e+00 3.432080997520097654e+00 3.580938268574770600e+00 3.627440337601794962e+00
3.582801589127184161e-01 4.752688672110042534e-01 6.641166814771085614e-01 7.508779406804164669e-01 9.006213529246758220e-01 9.803137815896419971e-01 1.002732995498242907e+00 1.055559434575989775e+00 1.234950110001985957e+00 1.300788595305284678e+00 1.320878273328356833e+00 1.432334059930155279e+00 1.569555523540475894e+00 1.705159462180253049e+00 1.771186840622765102e+00 1.802829106461732778e+00 1.847223329885906873e+00 1.949048419401168131e+00 1.956858763515449295e+00 1.995518318646299027e+00 2.043802815109582394e+00 2.059258992741304528e+00 2.346764781145312284e+00 2.445436057649482464e+00 2.491607416599307179e+00 2.616302359615405138e+00 3.338805298738657168e+00 3.454337549725766898e+00 3.569702232403048736e+00 3.626349777277547926e+00
3.435258303120494183e-01 4.683135126901108447e-01 7.161032553360661135e-01 7.919026629021231889e-01 8.844873082786318674e-01 9.293133463841795061e-01 9.867947951396272011e-01 1.055836506478602832e+00 1.234890168686798351e+00 1.283539986164148550e+00 1.330100061745593809e+00 1.426957729856691781e+00 1.576796537514782104e+00 1.707528361578428022e+00 1.778581060254427637e+00 1.814319316022904971e+00 1.859524831362659558e+00 1.953800755242421694e+00 1.955580866133436180e+00 1.981758051869428217e+00 2.052305236396097854e+00 2.055160055466132896e+00 2.345596938012610710e+00 2.443369186477545085e+00 2.493774784175023296e+00 2.611026070575932501e+00 3.340477498879875995e+00 3.475614803333571867e+00 3.556887850055296507e+00 3.625526390421955458e+00
3.297909499457136184e-01 4.670393222800959254e-01 7.693838430475801182e-01 8.199806318670050942e-01 8.761646047686229011e-01 8.767978490089424204e-01 9.733345442930858571e-01 1.056223609857110279e+00 1.234082516870204982e+00 1.271974161861718411e+00 1.337161188959517188e+00 1.422828732570825760e+00 1.581010837745383313e+00 1.709094203574311965e+00 1.783448430278529395e+00 1.822766707405673037e+00 1.867301594334395576e+00 1.951714055737144626e+00 1.958267365395008452e+00 1.972549145545178018e+00 2.052334619565330698e+00 2.057950228216135269e+00 2.344912540529288325e+00 2.442021956831348817e+00 2.495018535736079457e+00 2.608066189910831056e+00 3.341523909294354944e+00 3.494218625252080823e+00 3.543605644786163911e+00 3.625014136988358615e+00
3.243897827113289001e-01 4.670681716144240436e-01 8.192847928812374558e-01 8.271589432886188309e-01 8.296910119336934342e-01 8.746168083568299778e-01 9.674751095009298529e-01 1.056374737362089311e+00 1.233696249686745405e+00 1.267881841153947864e+00 1.339820654484485951e+00 1.421236157897767027e+00 1.582387461851683996e+00 1.709644784518981941e+00 1.785152101363410404e+00 1.825957311117804682e+00 1.869969486842194994e+00 1.950969272615322492e+00 1.958399528061106842e+00 1.969761477586342346e+00 2.051320709648470686e+00 2.059920791391568695e+00 2.344688008599375095e+00 2.441553714295908950e+00 2.495419699973735916e+00 2.607122183958880068e+00 3.341879965257674279e+00 3.503792307936697714e+00 3.535847217474135107e+00 3.624840291790052849e+00
3.279266888953105696e-01 4.657766144136827324e-01 8.037221867424717558e-01 8.227000912925154230e-01 8.300671073003984546e-01 8.912051789423119930e-01 9.733044629451241825e-01 1.056414883702996299e+00 1.231806400201751917e+00 1.267860879632350501e+00 1.335137001868144102e+00 1.417737752633350334e+00 1.588162455204220391e+00 1.711731577893022216e+00 1.783696963431160132e+00 1.826405694074949126e+00 1.869142478030464183e+00 1.951033301492857586e+00 1.958794324937368048e+00 1.971129928295941802e+00 2.050550287693911233e+00 2.059391597899206783e+00 2.344809892656003036e+00 2.442353356549867627e+00 2.494931407723197214e+00 2.605880291492856049e+00 3.344861055034920483e+00 3.503413591084916234e+00 3.533755373308386627e+00 3.624885687608018436e+00
3.379679693695704090e-01 4.619497842202578419e-01 7.764370752378496610e-01 8.123497917754831654e-01 8.306130475673163538e-01 9.217086253204110902e-01 9.883320885800447320e-01 1.056527682880192831e+00 1.224692032580621204e+00 1.267710328608916859e+00 1.324382398674855299e+00 1.407892283072282646e+00 1.603633627227309955e+00 1.717223861370511528e+00 1.779446518310465297e+00 1.827669534905695281e+00 1.866913610192915129e+00 1.951251392577985744e+00 1.959058256438243051e+00 1.975782079115699919e+00 2.048366068059622513e+00 2.057898185844715400e+00 2.345181129388153707e+00 2.444700928091892767e+00 2.493424062582920264e+00 2.602418443430885020e+00 3.353614254035361952e+00 3.502279113348484074e+00 3.527581601126692945e+00 3.625006253956771118e+00
3.529414736009868769e-01 4.556371239205025958e-01 7.491218188240761355e-01 8.015941622915754294e-01 8.303218109182638473e-01 9.548327555536589850e-01 1.008062680897662489e+00 1.056724154319855113e+00 1.208911430454478575e+00 1.267162125799925043e+00 1.314859847003176485e+00 1.393369839353003403e+00 1.624935411082973014e+00 1.724281446037562837e+00 1.772665209393735175e+00 1.829605396606204692e+00 1.863826010929042987e+00 1.951650030958326010e+00 1.958490104079727567e+00 1.983559389716713417e+00 2.045035693138567368e+00 2.055734867748264083e+00 2.345798805088513017e+00 2.448444100307267224e+00 2.490811081430753138e+00 2.597458939218892038e+00 3.367584668358689193e+00 3.500393850844002674e+00 3.517631627876278255e+00 3.625162601406990870e+00
3.705787190349622007e-01 4.468627708857597081e-01 7.250203979745641902e-01 7.949256629847667455e-01 8.280934994620156031e-01 9.880321045243524170e-01 1.028777336726359737e+00 1.057185896465870911e+00 1.182947639221181513e+00 1.265787414350917794e+00 1.311690316875730566e+00 1.376366438609725851e+00 1.648432623153784471e+00 1.730949054427559419e+00 1.763718737647561374e+00 1.832175103833369567e+00 1.860309586673694948e+00 1.952271618578579115e+00 1.957389641865901364e+00 1.993138502863387895e+00 2.040770020004581742e+00 2.053366452896841832e+00 2.346602234367288542e+00 2.453333215466755313e+00 2.487059230273553911e+00 2.592001874589970889e+00 3.385891882309036927e+00 3.497768872968732623e+00 3.504413120456614017e+00 3.625309490565068682e+00
3.882559914150719993e-01 4.360176898160768033e-01 7.063129855324924433e-01 7.946091299217080683e-01 8.233263844620771765e-01 1.020091527334077153e+00 1.046452772869503889e+00 1.059373654663966047e+00 1.149684751284519635e+00 1.263216605753368027e+00 1.314784183977963039e+00 1.359264599614258273e+00 1.671093265252497240e+00 1.735890867740568222e+00 1.753319926700373399e+00 1.835525588974056710e+00 1.856399596631980620e+00 1.953097274131863959e+00 1.956121388867293698e+00 2.003227968014564819e+00 2.035599236624875630e+00 2.051322441399376917e+00 2.347433110380476862e+00 2.459026256911052144e+00 2.482283080533105757e+00 2.587103608557912882e+00 3.407360240679985441e+00 3.488543197377131033e+00 3.494529813051016731e+00 3.625413491735983484e+00
4.034146402024451628e-01 4.244243731719060109e-01 6.948270502278250937e-01 8.001320605938683217e-01 8.162853259264786221e-01 1.050153918352101812e+00 1.053107856657961250e+00 1.069070745063074090e+00 1.113432455282330480e+00 1.259880337861146726e+00 1.322111652794174752e+00 1.344159543706143545e+00 1.689438125735087892e+00 1.738581664221875211e+00 1.743371357013810519e+00 1.839969358218094042e+00 1.851725497798310416e+00 1.953928727407016286e+00 1.955027628567044484e+00 2.012912255781631909e+00 2.029320559571182514e+00 2.050060281145503538e+00 2.348062636548044591e+00 2.465100357852087587e+00 2.476779674597180847e+00 2.583691737427722845e+00 3.430414335435653772e+00 3.470894767724932439e+00 3.490908159569495073e+00 3.625462291867267872e+00
4.140658524524422068e-01 4.145393559389420890e-01 6.912633496807165656e-01 8.081167028214443215e-01 8.083888686396208945e-01 1.053814158780961519e+00 1.076484917059434609e+00 1.079016931155110326e+00 1.079389123906063341e+00 1.257995279522284848e+00 1.331901104166022032e+00 1.332121833192644544e+00 1.697204582528821559e+00 1.738902170968761984e+00 1.739141198075764727e+00 1.845772757059856550e+00 1.845870693790662598e+00 1.954438864575119394e+00 1.954448207617261124e+00 2.021651674534451715e+00 2.021748071573767458e+00 2.049707708876682410e+00 2.348302453522073119e+00 2.470938675285831110e+00 2.471127100862001047e+00 2.582450604796695970e+00 3.452064734634095799e+00 3.452290535645036851e+00 3.488575515972393681e+00 3.625466637964307903e+00
4.086042081458484687e-01 4.197382922973841857e-01 6.926537578857184796e-01 8.016244229644193808e-01 8.135928454572757262e-01 1.048769665287622388e+00 1.053451179035790775e+00 1.084254187202351227e+00 1.101142491276559943e+00 1.260631128861195993e+00 1.322841244490514212e+00 1.342762626981423901e+00 1.691303728493499525e+00 1.737487758424210993e+00 1.742755382299845168e+00 1.839026692080120151e+00 1.852659773395860299e+00 1.954489301831321857e+00 1.954533326871392696e+00 2.013711771251816884e+00 2.029228279577605321e+00 2.049416034009119869e+00 2.348191394481504712e+00 2.465916545255983028e+00 2.476028595763697826e+00 2.583364106797755078e+00 3.434314738880452023e+00 3.463434078592418253e+00 3.494152639337669619e+00 3.625496803313924321e+00
4.092186424652258236e-01 4.200545629102815370e-01 6.925665760615912214e-01 7.993949158623384621e-01 8.126513616597567102e-01 1.024957462721598711e+00 1.052582581666297257e+00 1.086763270054805774e+00 1.123229605403021969e+00 1.269168708663516387e+00 1.314509983564961404e+00 1.354602111827283739e+00 1.678399999028315159e+00 1.734564600263557521e+00 1.747670858867758970e+00 1.830894655607031574e+00 1.860178239932067212e+00 1.953926207788935665e+00 1.955263644607653228e+00 2.005914234963441789e+00 2.036287511430001196e+00 2.048172041181679948e+00 2.348007382404585730e+00 2.461277710064635471e+00 2.480297837602897459e+00 2.586171057575143983e+00 3.416729875863870447e+00 3.461503561849341271e+00 3.510405222835451422e+00 3.625585137910331213e+00
4.160005047745633511e-01 4.176871947465612411e-01 6.832162025968084862e-01 8.021909668394046067e-01 8.077090235465873569e-01 1.008334290701142333e+00 1.051589136138313840e+00 1.089949846171440084e+00 1.144182396581916894e+00 1.282731398018368774e+00 1.306157693828643440e+00 1.366836369548965147e+00 1.662594388696061909e+00 1.730518807324255004e+00 1.750185514590227864e+00 1.821654429823607702e+00 1.866346818720408640e+00 1.952305282257638108e+00 1.956560909749172072e+00 1.999919227704092695e+00 2.041859747658160362e+00 2.046380618298146103e+00 2.347882219089453937e+00 2.457512949212307785e+00 2.483464220367913811e+00 2.590932000355822051e+00 3.399872673098119691e+00 3.454174691691477506e+00 3.528905101344245843e+00 3.625780393927977130e+00
4.083337926719953215e-01 4.346467411581632079e-01 6.615696689736834113e-01 7.808635397674226208e-01 8.284739844581940904e-01 9.991549317629979665e-01 1.050862593618992813e+00 1.096601467085163817e+00 1.164450625957303753e+00 1.292658356468222802e+00 1.303819699908290053e+00 1.378951498902359019e+00 1.645190631209347165e+00 1.725687602087215167e+00 1.749890789350118547e+00 1.811603274168426037e+00 1.868202448198413856e+00 1.949066270784002297e+00 1.958373881781341197e+00 1.997768657981097595e+00 2.039396043949915249e+00 2.050262465600596773e+00 2.347962327856770059e+00 2.454826219978960555e+00 2.485337534699698647e+00 2.597650474449237912e+00 3.384229568670896082e+00 3.444395884771858984e+00 3.546198020841646592e+00 3.626130725869357807e+00
3.977893194237327457e-01 4.596738977401759185e-01 6.305278963329283837e-01 7.494293162622948090e-01 8.584642388825760584e-01 9.966740967927112393e-01 1.050374237357291962e+00 1.107714547681147188e+00 1.184482600631327154e+00 1.282543157632936026e+00 1.321659078019314482e+00 1.390513833101740815e+00 1.626584962654084920e+00 1.720340815423961889e+00 1.747358910919600383e+00 1.801051312957338002e+00 1.863313640533113658e+00 1.943572093510238297e+00 1.960627148420134302e+00 2.000938497807732919e+00 2.032906720813718149e+00 2.055841637072223893e+00 2.348391697877850515e+00 2.453295521109124966e+00 2.485841495909000720e+00 2.606264218655155229e+00 3.370182685732598937e+00 3.432812764511744774e+00 3.561410278965300602e+00 3.626674484558800593e+00
3.849782567235606190e-01 4.916011103205200072e-01 5.937302139592673944e-01 7.099084026986322016e-01 8.939687309062225307e-01 9.998852644887122887e-01 1.049820569387544422e+00 1.122792932568223989e+00 1.204658201212677193e+00 1.268682313447885512e+00 1.341866824531490421e+00 1.401176782394708553e+00 1.606863375615595890e+00 1.714680259048410038e+00 1.743283608298579646e+00 1.790269857770058648e+00 1.851399038495542770e+00 1.935145806605106378e+00 1.963096025404852174e+00 2.009121548835211435e+00 2.024878408517563066e+00 2.061102784175087077e+00 2.349286138764828724e+00 2.452862438783466104e+00 2.485024180671540073e+00 2.616621764015049756e+00 3.357989187382733220e+00 3.419709680381639583e+00 3.574321603509841516e+00 3.627430952695461563e+00
3.703653358146515862e-01 5.288823801913619116e-01 5.538963653088319061e-01 6.645451988173819435e-01 9.314482054095705177e-01 1.008656727602001535e+00 1.048978839940950092e+00 1.140472963501776071e+00 1.225231500619990088e+00 1.252747497436813129e+00 1.362039935626397247e+00 1.410675548813448366e+00 1.585974143164319283e+00 1.708848842102955290e+00 1.738240377437769490e+00 1.779481542448599685e+00 1.833935755416265190e+00 1.923213084790166061e+00 1.965563131889767945e+00 2.016241203993280884e+00 2.020563398062906302e+00 2.065939155129992599e+00 2.350700294653474298e+00 2.453349792574465393e+00 2.483053664342844691e+00 2.628455422940768837e+00 3.347771629472923838e+00 3.405403016909315017e+00 3.584966855484994497e+00 3.628393746601039194e+00
3.542565363334650996e-01 5.131378726792518163e-01 5.698045017887231056e-01 6.154239084515809033e-01 9.653311939687874155e-01 1.025767093427638610e+00 1.047750377361017060e+00 1.158575236937933406e+00 1.236009291872075977e+00 1.246279735227488361e+00 1.381339149122065457e+00 1.418806182531053617e+00 1.563801363160548519e+00 1.702944478771570402e+00 1.732624638374699044e+00 1.768876349492324529e+00 1.812798840556437030e+00 1.907621564527682834e+00 1.967937131365836034e+00 2.007870090969859245e+00 2.033350058168147179e+00 2.070341797856006583e+00 2.352602937527727089e+00 2.454504693660272352e+00 2.480197939872581969e+00 2.641360553168961456e+00 3.339521591114222421e+00 3.390346594880379705e+00 3.593503606284320639e+00 3.629528874028807639e+00
3.367834584831844169e-01 4.733831397710648314e-01 5.638762717303170691e-01 6.132390637742107797e-01 9.884154163555929351e-01 1.046077674531344925e+00 1.056228087399372573e+00 1.171820547081640518e+00 1.223090034789905634e+00 1.267659473296064654e+00 1.399135012839054504e+00 1.425378608878015818e+00 1.540234304958809197e+00 1.697035008437083325e+00 1.726587735547314928e+00 1.758644266968289127e+00 1.789780489562502463e+00 1.888963955342985113e+00 1.970181560841351320e+00 2.000333673256127653e+00 2.046051530081801850e+00 2.074300920177122087e+00 2.354875216050001718e+00 2.456050505514739246e+00 2.476791604144100045e+00 2.654789506447698955e+00 3.333116752400925531e+00 3.375146217273987226e+00 3.600148397202551642e+00 3.630777100063615759e+00
3.179347491330463682e-01 4.366534298125911429e-01 5.125723384010684169e-01 6.567686547795208440e-01 1.001871993858661769e+00 1.043871606504211735e+00 1.097092928135575240e+00 1.168493655590529201e+00 1.225394197457239764e+00 1.288967943933333915e+00 1.414879795282188324e+00 1.430096368371906346e+00 1.515312684882246241e+00 1.691178600439489088e+00 1.719834558240401767e+00 1.749016810427878710e+00 1.766891897933088984e+00 1.868604172869129165e+00 1.972257728866295245e+00 1.993828755812669051e+00 2.057726851642524668e+00 2.077789015535874917e+00 2.357331657851722273e+00 2.457730362172930949e+00 2.473195199587900461e+00 2.668066894816234047e+00 3.328349128921693545e+00 3.360522773207475833e+00 3.605145224562916528e+00 3.632058849632639141e+00
2.978071746513939466e-01 4.050499910964660555e-01 4.632126374205333130e-01 6.991481532513440511e-01 1.010689727659505488e+00 1.040951783822611665e+00 1.141856862862553390e+00 1.151324366788160081e+00 1.240253940508685648e+00 1.309501601297640372e+00 1.428079730989942675e+00 1.432126947915489446e+00 1.489714018728636624e+00 1.685467691578250715e+00 1.711152404595624343e+00 1.740303091009871794e+00 1.747047515843049847e+00 1.848397675506308291e+00 1.974109715234515949e+00 1.988361392648413384e+00 2.067780950468203649e+00 2.080760544627100028e+00 2.359752258315616746e+00 2.459333592843740757e+00 2.469755115323036598e+00 2.680429699040408842e+00 3.324960251553092050e+00 3.347244371374472394e+00 3.608750226539039652e+00 3.633281321124740781e+00
2.772757274313821796e-01 3.802617965557304469e-01 4.186128981364290458e-01 7.382400819121462954e-01 1.016944878749931558e+00 1.037033745739913471e+00 1.131456193585794745e+00 1.186989233495174823e+00 1.257044158339546636e+00 1.328204649626907097e+00 1.428177906311741685e+00 1.438335273299498729e+00 1.466831053077645830e+00 1.680114502549484579e+00 1.698984031254781923e+00 1.732895389086040128e+00 1.733649084657457928e+00 1.830321115390560527e+00 1.975666383093201528e+00 1.983936580711024300e+00 2.075848643540814109e+00 2.083158501730171253e+00 2.361914219619833499e+00 2.460705094587269492e+00 2.466771571199307456e+00 2.691090676090835743e+00 3.322678329846228351e+00 3.336047643129052886e+00 3.611218452613806473e+00 3.634349066067997125e+00
2.586698859784202775e-01 3.629461340606260356e-01 3.822515309283077700e-01 7.712209248937330619e-01 1.021253187616466551e+00 1.032001958566312272e+00 1.114169632331219573e+00 1.230041046937234039e+00 1.271475665005337596e+00 1.343629272610977976e+00 1.410971001153402460e+00 1.445446229032872676e+00 1.454754109961678532e+00 1.675547182442522320e+00 1.685444130642178129e+00 1.726618756871345139e+00 1.727220866282576761e+00 1.816134231966657131e+00 1.976850899296205499e+00 1.980631042226468574e+00 2.081717149679524592e+00 2.084923987221304564e+00 2.363617990287522286e+00 2.461742141787576887e+00 2.464479341354414377e+00 2.699317340890952543e+00 3.321252907349000250e+00 3.327566535094568234e+00 3.612784827760871398e+00 3.635176786263683457e+00
2.454110792419971210e-01 3.528570767873197012e-01 3.580812547174531124e-01 7.941458282338454966e-01 1.023801110926418678e+00 1.026900129775520476e+00 1.102741093444758569e+00 1.266941755583111062e+00 1.281214290846326431e+00 1.354022263889858912e+00 1.385797456024049801e+00 1.449505140946343973e+00 1.451447918740424559e+00 1.672395164371181853e+00 1.675241270985029729e+00 1.723332161649878458e+00 1.723652877382885862e+00 1.807131754379566191e+00 1.977594011127444817e+00 1.978570668980046854e+00 2.085272695798638054e+00 2.086006212077276434e+00 2.364706932448130239e+00 2.462384230696010423e+00 2.463041473831423023e+00 2.704513777005434161e+00 3.320483756241433770e+00 3.322280569302603848e+00 3.613640654464144841e+00 3.635699675834162203e+00
2.405783099717362372e-01 3.495511556443164913e-01 3.495542794384026708e-01 8.025293866844516177e-01 1.024572504418868935e+00 1.024646085691523378e+00 1.098822664890367395e+00 1.284659799735728303e+00 1.284664159034350606e+00 1.357756872635967671e+00 1.371532607401038995e+00 1.450777505038917337e+00 1.450803059112836690e+00 1.671260737414097752e+00 1.671499452981430434e+00 1.722354353105716385e+00 1.722435751895433631e+00 1.804053614089841773e+00 1.977847480590450679e+00 1.977868851402139860e+00 2.086370969483075211e+00 2.086462803225675788e+00 2.365081319548881567e+00 2.462552018807483645e+00 2.462601229071724074e+00 2.706290970472096102e+00 3.320242152609630182e+00 3.320485408273418759e+00 3.613911355536466807e+00 3.635878334954165236e+00
3.243897827113289001e-01 4.670681716144240436e-01 8.192847928812374558e-01 8.271589432886188309e-01 8.296910119336934342e-01 8.746168083568299778e-01 9.674751095009298529e-01 1.056374737362089311e+00 1.233696249686745405e+00 1.267881841153947864e+00 1.339820654484485951e+00 1.421236157897767027e+00 1.582387461851683996e+00 1.709644784518981941e+00 1.785152101363410404e+00 1.825957311117804682e+00 1.869969486842194994e+00 1.950969272615322492e+00 1.958399528061106842e+00 1.969761477586342346e+00 2.051320709648470686e+00 2.059920791391568695e+00 2.344688008599375095e+00 2.441553714295908950e+00 2.495419699973735916e+00 2.607122183958880068e+00 3.341879965257674279e+00 3.503792307936697714e+00 3.535847217474135107e+00 3.624840291790052849e+00
3.290222404136893819e-01 4.656222458624547089e-01 8.184900211554045901e-01 8.228354113939438941e-01 8.299566417988829548e-01 8.755392139007424079e-01 9.725387792782855811e-01 1.044360631968538344e+00 1.234193805163225743e+00 1.274827154904118798e+00 1.340161522699369723e+00 1.421555262729869540e+00 1.582115248941164953e+00 1.709417242372306855e+00 1.779727388015393874e+00 1.830965667460122237e+00 1.869763042489310578e+00 1.946750002494703757e+00 1.958919766391904238e+00 1.972722692742445494e+00 2.049809270472455758e+00 2.062496423655375999e+00 2.344512308373749576e+00 2.439766089277719985e+00 2.493001785782168689e+00 2.607887870752483739e+00 3.344321346025401098e+00 3.483920900625693928e+00 3.538642142950541469e+00 3.639021840890251713e+00
3.423757192726568643e-01 4.613009758118484238e-01 8.112078494463332845e-01 8.167390095191761068e-01 8.305813175963255857e-01 8.781428636115135022e-01 9.800607855655951717e-01 1.018899666235424162e+00 1.235646514963423925e+00 1.291062372798931435e+00 1.341269770871515998e+00 1.422812233071974575e+00 1.581302941880695201e+00 1.708481722148132542e+00 1.767877642196131749e+00 1.841178588025116802e+00 1.868972380897465646e+00 1.938901742016053920e+00 1.957920274005080730e+00 1.980047075938046408e+00 2.045310292737758662e+00 2.069889447864177168e+00 2.343994061948503127e+00 2.434675421263214457e+00 2.485934218865591738e+00 2.610379061659197308e+00 3.351294425243450004e+00 3.438936409213388501e+00 3.546720120121535036e+00 3.667326986986140458e+00
3.629984492638769766e-01 4.541590730958330879e-01 7.957461587737187925e-01 8.137983622744167089e-01 8.311182387396696125e-01 8.820828829040703312e-01 9.522351745674340062e-01 1.022740130145907811e+00 1.237908963917265570e+00 1.309092592091506635e+00 1.343410164892868908e+00 1.425820319075565168e+00 1.579947348977988497e+00 1.706223098423036211e+00 1.753814908455033184e+00 1.851224206827909891e+00 1.867236020194314783e+00 1.930084213862738540e+00 1.956459874381106800e+00 1.989890519726993157e+00 2.037947583298952203e+00 2.081136945612346079e+00 2.343191847184018961e+00 2.427018316681887722e+00 2.474778672961140735e+00 2.615084374352523167e+00 3.360774565243120904e+00 3.383979570062209508e+00 3.559230707825669970e+00 3.696784713848657589e+00
3.889230172632909821e-01 4.442995017415000691e-01 7.766364753121357545e-01 8.105232526897998557e-01 8.309810446618218771e-01 8.869897500590716577e-01 9.032423367703621420e-01 1.046310281551703136e+00 1.240690309677098480e+00 1.324272056563285949e+00 1.347030881851681849e+00 1.431572508623643047e+00 1.577989792639524769e+00 1.701993029465521223e+00 1.738778218144123144e+00 1.857555022941117961e+00 1.864987076280875344e+00 1.921142595475087811e+00 1.956455127049667952e+00 2.001825147595333920e+00 2.028095939211866483e+00 2.094703527504461427e+00 2.342284878501811551e+00 2.417793964543834218e+00 2.460435151338173920e+00 2.622591052055091687e+00 3.318504865887783595e+00 3.377341806251076939e+00 3.574927383755790888e+00 3.723706871525119588e+00
4.179544368393287024e-01 4.319250408518961470e-01 7.505251844308601372e-01 8.072470221954239911e-01 8.296161755473527855e-01 8.559929275311702890e-01 8.924952625994445610e-01 1.073216723145084428e+00 1.243549810727828886e+00 1.334829273553275408e+00 1.352693705141925218e+00 1.440592943149905381e+00 1.575242976875115497e+00 1.695421191470507960e+00 1.723135048189657237e+00 1.855420128218179254e+00 1.865620823417005969e+00 1.912752224177191263e+00 1.958936188147814450e+00 2.014168805622241987e+00 2.017977437883103686e+00 2.108689538472910741e+00 2.341612207442419713e+00 2.408031382108843044e+00 2.444027430982191440e+00 2.633413300202069873e+00 3.252935641876976369e+00 3.392099225456771450e+00 3.592354889281880403e+00 3.747208480570555889e+00
4.168176745239798309e-01 4.483249034367000063e-01 7.116184004549681585e-01 8.042622264297109025e-01 8.213664485415510530e-01 8.271842604362225071e-01 8.981710519940283577e-01 1.100316428820534709e+00 1.245989868769792563e+00 1.340998213709190479e+00 1.360869012382080356e+00 1.452417070247170594e+00 1.571322196800663207e+00 1.686583520034382611e+00 1.707312575684005074e+00 1.848390689234482576e+00 1.866258811417840002e+00 1.905475580112419909e+00 1.962960878111467133e+00 2.004339292278836115e+00 2.031164192934895141e+00 2.121227035494185564e+00 2.341593028552846789e+00 2.398615365414462630e+00 2.426771156867256973e+00 2.647864600576557148e+00 3.186180241326882712e+00 3.407296228928038850e+00 3.610023165097344222e+00 3.767131308094525011e+00
3.995406985548758949e-01 4.774945623683237161e-01 6.625762113508898432e-01 8.017418860300978833e-01 8.021721633700731324e-01 8.226642736275616707e-01 9.035756169239657076e-01 1.125843542885127002e+00 1.247647704382337297e+00 1.343928802265822675e+00 1.371692199941709323e+00 1.465806271114247439e+00 1.565672673263545533e+00 1.676039869154457795e+00 1.692200726021814816e+00 1.839900101948051203e+00 1.865684217506975884e+00 1.899629380650936561e+00 1.964806897581127698e+00 1.995904773201504279e+00 2.046538706399111618e+00 2.130966907782017028e+00 2.342503311992993886e+00 2.390212698408833436e+00 2.409902083825946839e+00 2.665910906033019057e+00 3.121094412317906297e+00 3.421485437968245336e+00 3.626539325078741882e+00 3.783484310969122522e+00
3.801866383711361430e-01 5.036104377708870983e-01 6.140418484658868303e-01 7.914962644112867318e-01 8.001004616820618365e-01 8.172761756433994940e-01 9.082777122350526033e-01 1.148231527082358649e+00 1.248457042493858360e+00 1.344795478073047112e+00 1.384608898308174130e+00 1.479253790764315069e+00 1.557894771246187249e+00 1.664823056214199459e+00 1.679136532219461353e+00 1.831425171521249506e+00 1.864896378185253001e+00 1.895263549630179956e+00 1.960227521819048579e+00 1.994695346430478189e+00 2.060917559095033269e+00 2.137440701164655454e+00 2.344238055361642648e+00 2.383278491954112344e+00 2.394681900894044091e+00 2.686891380914165683e+00 3.060726448742771222e+00 3.433611085623363035e+00 3.640694675909880829e+00 3.796275910936587561e+00
3.603461496718711188e-01 5.245281116632314333e-01 5.749380850341601068e-01 7.856166515738600697e-01 7.993672820805445278e-01 8.115455502661796938e-01 9.119109448906655979e-01 1.165907572072302223e+00 1.248640213945017452e+00 1.344553206258953137e+00 1.397988079128439809e+00 1.491112985874701202e+00 1.548553365986167663e+00 1.654447354104501722e+00 1.669392261066882321e+00 1.824258496905251992e+00 1.864499229811650727e+00 1.892277283367153506e+00 1.952330271462527023e+00 1.997766280313847176e+00 2.072794149127069385e+00 2.141052846556041889e+00 2.346280242060870158e+00 2.378052678265043074e+00 2.382468510345780555e+00 2.708887982756027046e+00 3.009019214430371125e+00 3.442856460660942197e+00 3.651516400800687290e+00 3.805476242238714502e+00
3.442715483311150626e-01 5.381803552348141118e-01 5.503916953390947109e-01 7.826125498211056186e-01 7.998601026103906442e-01 8.064232561598304594e-01 9.142022993824019395e-01 1.177338892093232170e+00 1.248549572826283205e+00 1.343990641823420651e+00 1.408825996768142241e+00 1.499503085892729626e+00 1.540107030296090862e+00 1.646868944211198782e+00 1.663577595641360762e+00 1.819477101300400523e+00 1.864494958666883084e+00 1.890543936443632722e+00 1.946029846469119473e+00 2.000733273947216340e+00 2.080698076534415186e+00 2.142677542704225502e+00 2.347926225506640208e+00 2.373620574884370615e+00 2.375643106777939995e+00 2.727486360806188781e+00 2.971940568836997087e+00 3.448637472234884704e+00 3.658295968080748750e+00 3.811030518048819982e+00
3.379169766561994082e-01 5.420779545032757829e-01 5.430127494331243865e-01 7.816872773869022462e-01 8.010875724023654998e-01 8.034992696852552019e-01 9.149847867973263105e-01 1.181309074936438108e+00 1.248481597706632584e+00 1.343720436066897062e+00 1.413155743045356294e+00 1.502579882355620677e+00 1.536541753496577734e+00 1.644046437427485685e+00 1.661674126376030403e+00 1.817799109856302442e+00 1.864558149933243314e+00 1.889976033788598242e+00 1.943690779006902236e+00 2.001863551704279764e+00 2.083481167287963398e+00 2.143114107182167771e+00 2.348563574327306114e+00 2.371023175422318552e+00 2.374326726132189425e+00 2.735250185880448992e+00 2.957905262199608476e+00 3.450603444226938432e+00 3.660603776691916611e+00 3.812888602446946607e+00
5.362060634251243352e-01 5.368579311836988444e-01 5.370894099344796224e-01 6.837603357663540882e-01 7.687010807031864346e-01 7.689515816852633412e-01 1.062409941601022867e+00 1.136591271722636520e+00 1.136811762420141037e+00 1.412237242494897682e+00 1.452592166669867790e+00 1.452718742775622296e+00 1.584465784530240784e+00 1.584568588368901354e+00 1.707301841049271740e+00 1.815803740725461912e+00 1.816114529285485668e+00 1.931456359194069661e+00 1.931530234317891281e+00 2.046867548104701395e+00 2.047357475204327759e+00 2.119146882855417857e+00 2.374184687429011120e+00 2.374218167580635086e+00 2.376948667429445550e+00 2.698693850309276332e+00 2.956156765365047345e+00 3.569134447007839217e+00 3.569333991536604245e+00 3.813827004463313131e+00
5.148792970702987803e-01 5.151887171233967555e-01 5.439152399105847691e-01 6.781180842982250656e-01 7.877620021006546125e-01 7.880137915433531592e-01 1.067786494680819320e+00 1.129782065813557335e+00 1.130013652708969030e+00 1.407264582532889774e+00 1.481961911329486403e+00 1.482123016102949276e+00 1.554743956882944866e+00 1.554879149079350098e+00 1.706220220931498499e+00 1.824033771248974034e+00 1.824329748450909783e+00 1.928240473150675705e+00 1.928317332532327733e+00 2.038906414969929859e+00 2.039397027555228004e+00 2.137404791179915886e+00 2.363614251762128138e+00 2.380969861103305441e+00 2.380998414797881324e+00 2.693583814281408806e+00 2.965253988656043393e+00 3.569087933583141581e+00 3.569287745699801562e+00 3.813582420285205998e+00
4.908636526311582760e-01 4.911957875727815948e-01 5.733237976350691323e-01 6.733654575141095888e-01 8.062512406153500288e-01 8.065053741152535816e-01 1.073174065243590380e+00 1.120538560292767327e+00 1.120785021513778457e+00 1.399226206860466615e+00 1.508516310740283917e+00 1.508728890004428003e+00 1.528663329600665977e+00 1.528853826906773516e+00 1.704814777694464656e+00 1.833915012307554271e+00 1.834191713228061626e+00 1.928081988775392608e+00 1.928168161002164149e+00 2.028483118211502845e+00 2.028961946735060806e+00 2.156094533378129174e+00 2.346826711999815629e+00 2.390343309297151109e+00 2.390356424699058735e+00 2.678284047866859918e+00 2.996967758996339715e+00 3.564731302098222532e+00 3.564932326206094793e+00 3.809509487498472069e+00
4.660832851679296285e-01 4.664442654546692157e-01 6.198729582738857768e-01 6.698498668987913351e-01 8.232876905764883180e-01 8.235443209698266598e-01 1.078183742022135405e+00 1.109357217152562081e+00 1.109621490037538072e+00 1.388538567232457055e+00 1.492908005874462374e+00 1.492990366213453157e+00 1.545638422304814963e+00 1.545734949271389436e+00 1.703193904174372220e+00 1.844559892585799998e+00 1.844812195288435763e+00 1.931483474188848692e+00 1.931587142863177009e+00 2.016173345268289285e+00 2.016632564137462946e+00 2.173829198578007826e+00 2.327376983321170822e+00 2.401553162536962827e+00 2.401563488525807699e+00 2.658772307346287889e+00 3.044461122472109427e+00 3.556330809934231674e+00 3.556533934499192640e+00 3.801618022157068122e+00
4.419937668977105827e-01 4.423879964559698785e-01 6.678053672935390095e-01 6.779177370715914197e-01 8.379597163082034283e-01 8.382182840544197822e-01 1.082463577233359286e+00 1.097087773414937795e+00 1.097373643706175184e+00 1.375548412411063293e+00 1.465710049698507378e+00 1.465846706431119140e+00 1.574633577133448537e+00 1.574774491057716164e+00 1.701486132580671384e+00 1.855132192635299271e+00 1.855355247454089529e+00 1.938288498290271278e+00 1.938416729223524371e+00 2.002795688707244892e+00 2.003230461338099566e+00 2.187797298954039515e+00 2.307646434957808967e+00 2.413896554814548789e+00 2.413934814010251895e+00 2.639447628296297754e+00 3.101853494529932753e+00 3.544415011175717112e+00 3.544621023178021968e+00 3.789927578993915969e+00
4.202119568897484392e-01 4.206414050383766035e-01 6.673478664140485295e-01 7.423615995209287277e-01 8.491976221534244251e-01 8.494572051032946991e-01 1.084977203909591292e+00 1.085104327331456453e+00 1.085897564998291376e+00 1.360443170973323124e+00 1.439724575503303905e+00 1.439890499109953037e+00 1.602900357371395357e+00 1.603060574985897269e+00 1.699830715962447725e+00 1.865107901699750270e+00 1.865298905522875472e+00 1.946988114789476088e+00 1.947134954633722659e+00 1.989892001100695085e+00 1.990290026460011852e+00 2.192447004709793479e+00 2.293143003135700297e+00 2.426729490169446279e+00 2.426797221779624980e+00 2.622494901867595818e+00 3.164943044020935403e+00 3.529768225073945942e+00 3.529977760218044214e+00 3.774440676948877194e+00
4.024536260695735224e-01 4.029166057448497762e-01 6.684782461585087043e-01 8.091684333640755122e-01 8.557862588142837179e-01 8.560461275925420610e-01 1.074601167980604899e+00 1.074906424277483508e+00 1.087731272689012263e+00 1.343245667003356791e+00 1.415670485638232945e+00 1.415858018266021645e+00 1.629634549746396432e+00 1.629807927534128398e+00 1.698366194322106004e+00 1.874031371704953264e+00 1.874188166086991236e+00 1.952774064892450756e+00 1.952850238724366250e+00 1.982027316786449722e+00 1.982296560907243155e+00 2.181740641571185524e+00 2.290380222964566226e+00 2.439377911069575244e+00 2.439474337244420088e+00 2.608731130992038239e+00 3.230507082591815848e+00 3.513415843432509789e+00 3.513629332220284951e+00 3.755130781531555328e+00
3.903591170557240697e-01 3.908492925692176878e-01 6.710911067320931567e-01 8.566369484396978429e-01 8.568975991614754539e-01 8.751694203427219376e-01 1.067542602217962155e+00 1.067865004043528243e+00 1.088301115711902911e+00 1.323947547543351533e+00 1.393829069892484895e+00 1.394032963491330657e+00 1.654618765229705524e+00 1.654802788995926255e+00 1.697217832035603946e+00 1.880675120094952524e+00 1.880788946343310064e+00 1.949067873983435728e+00 1.949149986349489216e+00 1.985933699092836902e+00 1.985979618136634928e+00 2.158140233770628136e+00 2.297909306255008222e+00 2.451090875044122264e+00 2.451213531025985048e+00 2.598252936235593502e+00 3.295815011580422116e+00 3.496593247792208370e+00 3.496810864639682048e+00 3.731977388296037645e+00
3.852200588465483633e-01 3.857264748926754749e-01 6.749870220637673723e-01 8.513232458775072953e-01 8.515853804173042496e-01 9.374915733720633471e-01 1.064809558228665187e+00 1.065142403533788196e+00 1.087380766773171414e+00 1.302865357684019010e+00 1.374374199943822594e+00 1.374589689237700307e+00 1.677900385808454464e+00 1.678094120508700549e+00 1.696485372449917595e+00 1.882160016955656046e+00 1.882208557609545974e+00 1.943423654659032218e+00 1.943520222048185531e+00 1.995708904398616701e+00 1.995760800598054718e+00 2.128958179149974317e+00 2.309883386486297319e+00 2.461008058704901913e+00 2.461153401359615245e+00 2.590796182511180046e+00 3.358345157944193193e+00 3.480685811155973752e+00 3.480907462243400197e+00 3.705115342378417331e+00
3.876882090250990953e-01 3.881969135537280402e-01 6.798864587789120728e-01 8.404639172188531626e-01 8.407290191740456331e-01 9.925958625127890844e-01 1.066404452901091426e+00 1.066741865181167981e+00 1.084999443391260643e+00 1.281422534454907280e+00 1.357453620619353485e+00 1.357675969338787203e+00 1.696230698494254119e+00 1.699650986765692595e+00 1.699856965758763439e+00 1.875658127121311303e+00 1.875682844531253446e+00 1.943319181978375942e+00 1.943366506401559723e+00 2.005741230407223963e+00 2.005828979138038370e+00 2.099248684417161837e+00 2.323001518923418551e+00 2.468189567012576635e+00 2.468353519145575881e+00 2.585944097248881857e+00 3.415347076505723667e+00 3.467126019099094236e+00 3.467351636644442792e+00 3.675297972357282728e+00
3.976072219950119169e-01 3.981041001302754734e-01 6.854440987630537885e-01 8.255034994746276444e-01 8.257722438413871435e-01 1.034580343609471820e+00 1.071504314223605592e+00 1.071838432958414744e+00 1.081299663094147823e+00 1.263741778318439035e+00 1.343230121576882485e+00 1.343454373742250851e+00 1.696479489788353723e+00 1.720004307955394607e+00 1.720222835311730591e+00 1.862485975893539925e+00 1.862557588398376707e+00 1.948090249566592380e+00 1.948099437923373589e+00 2.014494855478057733e+00 2.014594130295455532e+00 2.072117495021363442e+00 2.335977754483213431e+00 2.471729099531047247e+00 2.471907429943908774e+00 2.583270553702906369e+00 3.457240998270423304e+00 3.457454125964250391e+00 3.462398176852500065e+00 3.645441277947778502e+00
4.140658524524422068e-01 4.145393559389420890e-01 6.912633496807165656e-01 8.081167028214443215e-01 8.083888686396208945e-01 1.053814158780961519e+00 1.076484917059434609e+00 1.079016931155110326e+00 1.079389123906063341e+00 1.257995279522284848e+00 1.331901104166022032e+00 1.332121833192644544e+00 1.697204582528821559e+00 1.738902170968761984e+00 1.739141198075764727e+00 1.845772757059856550e+00 1.845870693790662598e+00 1.954438864575119394e+00 1.954448207617261124e+00 2.021651674534451715e+00 2.021748071573767458e+00 2.049707708876682410e+00 2.348302453522073119e+00 2.470938675285831110e+00 2.471127100862001047e+00 2.582450604796695970e+00 3.452064734634095799e+00 3.452290535645036851e+00 3.488575515972393681e+00 3.625466637964307903e+00
