-5.629373122740494173e-02
-3.647980978699811444e-02
-1.666588834659128368e-02
3.148033093815547079e-03
2.296195453422237784e-02
4.277587597462920860e-02
6.258979741503604977e-02
8.240371885544287012e-02
1.022176402958497043e-01
1.220315617362565386e-01
1.418454831766633728e-01
1.616594046170702070e-01
1.814733260574770135e-01
2.012872474978838755e-01
2.211011689382906820e-01
2.409150903786974607e-01
2.607290118191042949e-01
2.805429332595111847e-01
3.003568546999179634e-01
3.201707761403247976e-01
3.399846975807316318e-01
3.597986190211385216e-01
3.796125404615453003e-01
3.994264619019520790e-01
4.192403833423589687e-01
4.390543047827658030e-01
4.588682262231726927e-01
4.786821476635794159e-01
4.984960691039863057e-01
5.183099905443931954e-01
5.381239119847999186e-01
5.579378334252067528e-01
5.777517548656135871e-01
5.975656763060204213e-01
6.173795977464273665e-01
6.371935191868340898e-01
6.570074406272409240e-01
6.768213620676477582e-01
6.966352835080544814e-01
7.164492049484614267e-01
7.362631263888682609e-01
7.560770478292750951e-01
7.758909692696819294e-01
7.957048907100887636e-01
8.155188121504955978e-01
8.353327335909024320e-01
8.551466550313091552e-01
8.749605764717159895e-01
8.947744979121229347e-01
9.145884193525297690e-01
9.344023407929366032e-01
9.542162622333434374e-01
9.740301836737502716e-01
9.938441051141569949e-01
1.013658026554563829e+00
1.033471947994970774e+00
1.053285869435377498e+00
1.073099790875784443e+00
1.092913712316191166e+00
1.112727633756598111e+00
1.132541555197004834e+00
1.152355476637411558e+00
1.172169398077818503e+00
1.191983319518225226e+00
1.211797240958632171e+00
1.231611162399039117e+00
1.251425083839445840e+00
1.271239005279852785e+00
1.291052926720259508e+00
1.310866848160666231e+00
1.330680769601073177e+00
1.350494691041479900e+00
1.370308612481886845e+00
1.390122533922293568e+00
1.409936455362700514e+00
1.429750376803107459e+00
1.449564298243513960e+00
1.469378219683920905e+00
1.489192141124327851e+00
1.509006062564734574e+00
1.528819984005141519e+00
1.548633905445548242e+00
1.568447826885955187e+00
1.588261748326362133e+00
1.608075669766768856e+00
1.627889591207175579e+00
1.647703512647582302e+00
1.667517434087989248e+00
1.687331355528396193e+00
1.707145276968802916e+00
1.726959198409209861e+00
1.746773119849616585e+00
1.766587041290023308e+00
1.786400962730430253e+00
1.806214884170836976e+00
1.826028805611243921e+00
1.845842727051650645e+00
1.865656648492057368e+00
1.885470569932464535e+00
1.905284491372871036e+00
1.925098412813278204e+00
1.944912334253684705e+00
1.964726255694091872e+00
1.984540177134498595e+00
2.004354098574905763e+00
2.024168020015312042e+00
2.043981941455718765e+00
2.063795862896125932e+00
2.083609784336532655e+00
2.103423705776939823e+00
2.123237627217346102e+00
2.143051548657753269e+00
2.162865470098159992e+00
2.182679391538566716e+00
2.202493312978973883e+00
2.222307234419380162e+00
2.242121155859787329e+00
2.261935077300194052e+00
2.281748998740601220e+00
2.301562920181007943e+00
2.321376841621414666e+00
2.341190763061821389e+00
2.361004684502228113e+00
2.380818605942635280e+00
2.400632527383042003e+00
2.420446448823449170e+00
2.440260370263855449e+00
2.460074291704262617e+00
2.479888213144669340e+00
2.499702134585076063e+00
2.519516056025483230e+00
2.539329977465889510e+00
2.559143898906296677e+00
2.578957820346703400e+00
2.598771741787110567e+00
2.618585663227517291e+00
2.638399584667924014e+00
2.658213506108330737e+00
2.678027427548737460e+00
2.697841348989144628e+00
2.717655270429551351e+00
2.737469191869958074e+00
2.757283113310364797e+00
2.777097034750771964e+00
2.796910956191178688e+00
2.816724877631585411e+00
2.836538799071992134e+00
2.856352720512398857e+00
2.876166641952806025e+00
2.895980563393212748e+00
2.915794484833619915e+00
2.935608406274026194e+00
2.955422327714432917e+00
2.975236249154840085e+00
2.995050170595246808e+00
3.014864092035653975e+00
3.034678013476060254e+00
3.054491934916467422e+00
3.074305856356874145e+00
3.094119777797281312e+00
3.113933699237688035e+00
3.133747620678094314e+00
3.153561542118501482e+00
3.173375463558908205e+00
3.193189384999315372e+00
3.213003306439722095e+00
3.232817227880128819e+00
3.252631149320535542e+00
3.272445070760942709e+00
3.292258992201349432e+00
3.312072913641756156e+00
3.331886835082162879e+00
3.351700756522569602e+00
3.371514677962976769e+00
3.391328599403383492e+00
3.411142520843790660e+00
3.430956442284196939e+00
3.450770363724603662e+00
3.470584285165010829e+00
3.490398206605417553e+00
3.510212128045824720e+00
3.530026049486231443e+00
3.549839970926638166e+00
3.569653892367044890e+00
3.589467813807451613e+00
3.609281735247858780e+00
3.629095656688265503e+00
3.648909578128672226e+00
3.668723499569078950e+00
3.688537421009486117e+00
3.708351342449892840e+00
3.728165263890299563e+00
3.747979185330706287e+00
3.767793106771113454e+00
3.787607028211519733e+00
3.807420949651926900e+00
3.827234871092334068e+00
3.847048792532740791e+00
3.866862713973147070e+00
3.886676635413554237e+00
