-7.360960601927004632e-01 -7.327376504640439325e-01 -7.309302282293869135e-01 -3.076477298136851557e-01 -3.055412096681809908e-01 -3.020929533933023325e-01 -2.085115112752312094e-01 -2.038287916657022525e-01 -1.963805627319254454e-01 -5.687491602745622238e-02 -9.745715055436809937e-03 5.548180515215447861e-02 8.316057554150950715e-01 8.338601555102234109e-01 8.349002709613593254e-01 1.527630643691675782e+00 1.529073816275115627e+00 1.529480148567353259e+00 1.548406010871466565e+00 1.549341490494630103e+00 1.551551722690546864e+00 2.277639025668554584e+00 2.281829281030267165e+00 3.558064781471386606e+00 3.578259906300004012e+00 3.580599343081997787e+00 3.581765962167654749e+00 3.866202395110705403e+00 3.870697778031660707e+00 3.873759312718116465e+00
-7.561470266000129836e-01 -7.123739226977227057e-01 -7.009885029179050431e-01 -3.405175079363856327e-01 -3.183626660020030807e-01 -2.984313196801721135e-01 -2.596336280073793801e-01 -2.328778706816758692e-01 -2.084842967673200820e-01 1.145202335211654016e-01 2.034339125296708017e-01 2.562450368375715493e-01 7.627152760708184598e-01 8.387348748306666657e-01 9.159227812831031157e-01 1.510799319608018942e+00 1.514997038062540824e+00 1.535675559886588548e+00 1.552037001958043172e+00 1.566000230615687716e+00 1.594202818631200502e+00 2.245934955227359087e+00 2.337318443627749431e+00 3.480378562029259104e+00 3.525483629957912868e+00 3.551918251483356936e+00 3.590277956008147253e+00 3.873277476289512578e+00 3.912993931486695054e+00 3.933839247649274284e+00
-7.705820119336876939e-01 -6.597104030260241281e-01 -6.485390873577790982e-01 -3.991499999477737815e-01 -3.589014419856658145e-01 -2.841195709225872723e-01 -2.510524132519613150e-01 -2.109068754035195725e-01 -1.958281069327509893e-01 2.114213814457290286e-01 3.180549161053032869e-01 3.670853134767342874e-01 7.357112580258342582e-01 8.548372249494938790e-01 9.984106248611644974e-01 1.479272479644772709e+00 1.500301197098518724e+00 1.544340320904703523e+00 1.574746618999333325e+00 1.609412217700677550e+00 1.670312917270130093e+00 2.239050705119364437e+00 2.411605969533083815e+00 3.347431897711841131e+00 3.416398710821923146e+00 3.472921956856773296e+00 3.586768106054230021e+00 3.907608963551270076e+00 3.993124607050495545e+00 4.027232550486958829e+00
-7.769756633172439919e-01 -6.105873489344535443e-01 -5.479768013613863786e-01 -4.589619055120797153e-01 -3.895018489074731916e-01 -2.479112776815865782e-01 -2.124562152411174909e-01 -1.887405356730211814e-01 -9.379378317269021492e-02 2.513853824007142301e-01 3.911202850658004326e-01 4.718578428352655507e-01 7.585548260359485928e-01 8.770445793901411324e-01 1.084900400390151010e+00 1.425924047482639567e+00 1.494795836107425169e+00 1.557420449314786071e+00 1.605620085440670142e+00 1.665439660434470559e+00 1.768705780073633660e+00 2.258425816809569664e+00 2.492843652318398551e+00 3.214917663886879495e+00 3.288381992471078430e+00 3.374782891483111058e+00 3.578557292244612942e+00 3.942886814139198837e+00 4.060089431513157265e+00 4.120388028625869836e+00
-7.754480690679298460e-01 -5.706892467396741386e-01 -5.342860926416654888e-01 -4.528353001872532646e-01 -4.252632379630669757e-01 -1.896436167559674424e-01 -1.215254291409897658e-01 1.458976305463432765e-01 2.394262221669856416e-01 3.482479103272826948e-01 4.744219249891990509e-01 5.412199177800388616e-01 7.974870493290900919e-01 8.994620434714336588e-01 1.180982730519310797e+00 1.357252258400776679e+00 1.490784336845291769e+00 1.572417995121014878e+00 1.634237047626425410e+00 1.711938080287952246e+00 1.877806797790668503e+00 2.297198253666969059e+00 2.572843427182238685e+00 3.111760769093415036e+00 3.157620527196514093e+00 3.273273065156654837e+00 3.571812220512375013e+00 3.970064664922801079e+00 4.098930648282721911e+00 4.202342455223765150e+00
-7.671233067082040558e-01 -6.316703558501945981e-01 -5.061720111090520779e-01 -4.808112337891599641e-01 -4.191766033073047737e-01 -1.009400234834262472e-01 1.988228940505621656e-01 2.647903750752596541e-01 4.446908605981987339e-01 4.914697436905186567e-01 5.595543053622459295e-01 5.907641175907436537e-01 8.357646568042610413e-01 9.191354916156684318e-01 1.276358011443504470e+00 1.286653889253620342e+00 1.486569368626304621e+00 1.585820587878203680e+00 1.650103756144819078e+00 1.733925457593405550e+00 1.983437422102357850e+00 2.338366119965318735e+00 2.651572755095187084e+00 3.024817215516030444e+00 3.061263975268355697e+00 3.179551645778744273e+00 3.572513916464150618e+00 3.987729009866455954e+00 4.107805391478274615e+00 4.267250104265030153e+00
-7.540800014215235381e-01 -6.912524060845205431e-01 -5.390765469034658475e-01 -4.599101766826398374e-01 -4.166217012502330119e-01 9.681009933782064314e-02 3.092711095197274718e-01 3.373074548117469540e-01 5.146983155702984369e-01 6.065345477026409249e-01 6.669431261478037110e-01 6.812723578513876221e-01 8.716675893995530222e-01 9.370167974221355056e-01 1.190850977550658163e+00 1.390796634891547923e+00 1.483294871696711148e+00 1.594329334985313595e+00 1.644130405957449081e+00 1.738612934921275999e+00 2.070072436734486487e+00 2.367589656640963103e+00 2.729980443987244154e+00 2.928916274759881144e+00 3.028436782766362523e+00 3.104745388652785820e+00 3.583771540051763793e+00 3.996681349915149895e+00 4.092305562241581818e+00 4.311104485790225205e+00
-7.393829043274084967e-01 -7.292785171840305836e-01 -5.732838140353684331e-01 -4.601960614866144605e-01 -3.984869431151485397e-01 1.180926113805768618e-01 3.681317709437659236e-01 3.980729156262021173e-01 5.562151686426819452e-01 6.388556509591394317e-01 7.514639782288381475e-01 7.912766540703310980e-01 9.058787594060707660e-01 9.546963628163542825e-01 1.129106155192852512e+00 1.453125981346086615e+00 1.498610060255877174e+00 1.596303565924423351e+00 1.616468474914494191e+00 1.747102371590096404e+00 2.121796302908383502e+00 2.386590002994884330e+00 2.789283308917737791e+00 2.873553183322787863e+00 3.015503278063140336e+00 3.061313175710263401e+00 3.598607885922807448e+00 3.998105554454443933e+00 4.064742834340457911e+00 4.331370939389000974e+00
-7.510793684749131893e-01 -7.198069897899515013e-01 -5.894437787720796518e-01 -4.684051175133248091e-01 -3.891462793596194847e-01 5.770830376010277485e-02 3.863777505949860247e-01 4.556835297139920082e-01 5.716070475748546986e-01 6.661643050985612824e-01 7.750912345107332513e-01 8.206816744805665031e-01 9.368851035142498063e-01 9.724226710927750261e-01 1.153690389919904691e+00 1.446007575033110282e+00 1.495674292622717116e+00 1.591850122153641411e+00 1.616192512325510533e+00 1.774640503118266155e+00 2.126884695580811613e+00 2.402541831114458404e+00 2.794189265411049394e+00 2.874117702001910857e+00 3.031721354003744651e+00 3.059385235499747946e+00 3.599574707986831434e+00 3.992574859797052511e+00 4.041880125555496583e+00 4.326914899481156596e+00
-7.550713749318367363e-01 -6.973543278706189064e-01 -5.842472859309116862e-01 -4.747246816369383726e-01 -3.906327360591143605e-01 -1.280255478023310800e-01 3.817015322515436848e-01 4.851245767597953673e-01 5.608682669000635279e-01 6.283113334547332229e-01 7.293092044483235892e-01 8.662355876395362309e-01 9.596079538776178808e-01 9.891770510429563901e-01 1.238937369488091411e+00 1.383577620189786694e+00 1.464452140985656126e+00 1.577947665937651012e+00 1.647597931405237803e+00 1.819140622740909263e+00 2.085420543153305051e+00 2.422720154198386044e+00 2.742503941808979828e+00 2.929364111972680984e+00 3.074521956629837849e+00 3.098732613642768197e+00 3.574915266531789815e+00 3.980425732865819466e+00 4.032885480966303504e+00 4.297993230745898785e+00
-7.438235404242270477e-01 -6.673817736154797897e-01 -5.609703801873191509e-01 -4.796188668965799540e-01 -3.888147200956106331e-01 -1.902092278869159658e-01 3.336587086391854529e-01 3.855338062542941202e-01 5.159443659050972908e-01 5.925352992037153932e-01 7.483271277628470441e-01 8.788406667450369136e-01 9.679864882061387510e-01 9.994414068378120186e-01 1.286238257966301868e+00 1.331685419330411957e+00 1.452416830957094396e+00 1.558465901776774354e+00 1.662809614196934849e+00 1.860450844784358404e+00 2.009992609973099142e+00 2.457900991722937967e+00 2.663663878096047100e+00 3.024587716702197948e+00 3.123445227095202448e+00 3.169345406556149936e+00 3.532258280269437112e+00 3.962415800607469230e+00 4.028965035281161455e+00 4.246231736368204501e+00
-7.143778315477661289e-01 -6.324599300361865017e-01 -5.348437726495812727e-01 -4.748980707052959382e-01 -4.061977399305560787e-01 -2.655946937833976174e-01 9.852965335782606915e-02 3.211033236733930041e-01 4.617582090454772636e-01 5.984434680125133577e-01 7.725692403212610637e-01 8.492705603620617216e-01 9.582160527065534117e-01 9.930440620976297428e-01 1.200144517772945951e+00 1.412507196523950403e+00 1.445015042452126419e+00 1.534749736047076096e+00 1.663030946612596761e+00 1.874799442310383979e+00 1.918477718155587430e+00 2.499725029981138658e+00 2.597773549193297171e+00 3.139189997912432695e+00 3.174973416220741917e+00 3.258503351382610713e+00 3.487974311984464393e+00 3.938070697386868879e+00 4.015426038600994119e+00 4.174596904998629121e+00
-6.638132800197819039e-01 -5.980684204182282748e-01 -5.439260059491849431e-01 -5.142616766032445108e-01 -4.592103037892012463e-01 -2.152033441774024725e-01 1.573764455556359576e-01 2.520518952916453448e-01 4.030283120611481418e-01 5.941514194898178669e-01 7.760207275543349326e-01 8.003816008538007232e-01 9.286965056235373384e-01 9.614814628450455425e-01 1.125431039418533397e+00 1.438699510888057587e+00 1.481543807477496033e+00 1.510499452621783201e+00 1.657208228874190725e+00 1.828233621581727641e+00 1.860537498583887395e+00 2.450290181242845922e+00 2.649556836197028087e+00 3.215731972670352157e+00 3.271636215725861163e+00 3.354556102368858372e+00 3.455650660249329764e+00 3.906946736159872202e+00 3.983606723893676094e+00 4.087502464777609035e+00
-6.645599051735455731e-01 -5.902008500285387260e-01 -5.408378707938358287e-01 -4.911676788811629724e-01 -4.476172335973127026e-01 -6.447363528143934541e-02 1.371643710274205175e-01 2.104252805899150813e-01 4.214319319249972828e-01 5.794331717006330207e-01 6.904346764751437826e-01 8.159044797398582460e-01 8.853489998981078912e-01 9.067625755454211678e-01 1.048418720772884338e+00 1.438054844087265804e+00 1.482935484946017013e+00 1.538078331128768017e+00 1.653323214375358230e+00 1.753881120466963539e+00 1.835688207313044051e+00 2.375611264699310610e+00 2.739501531247912514e+00 3.256173037240031931e+00 3.391044688070230517e+00 3.445479612342956521e+00 3.450454228976345572e+00 3.870743815375020436e+00 3.934200100173123271e+00 3.991604913593751469e+00
-7.262915237200515683e-01 -5.189707077134920743e-01 -4.807374139780730138e-01 -4.652821897230469128e-01 -4.313699973217611783e-01 -1.228236385623834581e-01 7.633082772145900752e-02 1.866130996121052876e-01 5.042091244223505520e-01 5.638608635982952366e-01 6.037651381073161350e-01 8.274739453421707802e-01 8.522727416571763692e-01 8.556543707841209878e-01 9.633272054610501067e-01 1.441372763154616266e+00 1.463368388697983802e+00 1.572750637359509041e+00 1.656644100730229274e+00 1.701991754586615890e+00 1.816788969607564308e+00 2.321777072246665519e+00 2.807153738420340883e+00 3.271596734795773731e+00 3.475049369332640747e+00 3.493620530348494846e+00 3.519427151490865935e+00 3.838365573805390341e+00 3.880400683977352827e+00 3.899620071090002860e+00
-7.469055793135689347e-01 -4.743510487762185868e-01 -4.718507070352696009e-01 -4.346510125358890586e-01 -4.300093017447812471e-01 -1.214598226450269297e-01 -1.073230962805040989e-01 2.024619856808746732e-01 5.429630280961995625e-01 5.489565996197763864e-01 5.578605793907567278e-01 8.303982541837808817e-01 8.349245560149660683e-01 8.835118081223799491e-01 8.847331697790229432e-01 1.448866605024602183e+00 1.450106197887210513e+00 1.585095359357178157e+00 1.670162402453664541e+00 1.672398336037011379e+00 1.810127262236986612e+00 2.302225185578616440e+00 2.831935841906336293e+00 3.272879855688620943e+00 3.495064264348491712e+00 3.543982725878615625e+00 3.546341802695645029e+00 3.835566229833187624e+00 3.841010149435920784e+00 3.855844059287352188e+00
-7.458171748519814015e-01 -4.935201797010380642e-01 -4.630093241342229105e-01 -4.508106892476408389e-01 -4.256695119447299613e-01 -2.297874160678045896e-01 -1.211996122982181151e-01 1.743994683100867082e-01 5.061568243645714338e-01 5.764890984026094234e-01 6.305309787091207818e-01 7.920058882281542090e-01 8.259828654695048344e-01 8.989186708707603835e-01 9.561995630093743648e-01 1.436139647515783047e+00 1.453482988474617876e+00 1.583450873840632322e+00 1.676846873155861228e+00 1.689303671395276263e+00 1.811485084557504788e+00 2.310917660339783630e+00 2.826102062588986108e+00 3.251777908415371066e+00 3.460641927291222331e+00 3.499723513551733944e+00 3.518523051706765159e+00 3.865006887961043525e+00 3.878748388169213523e+00 3.892627507361538619e+00
-7.426308942035163563e-01 -5.908835245036448969e-01 -4.737735132025807649e-01 -4.492136470849707464e-01 -3.595047228464153255e-01 -2.907632151641446061e-01 -1.865366929576959265e-01 9.489962785557402858e-02 4.840245654062718117e-01 6.323195432722870102e-01 6.994187369427457002e-01 7.712664650701720470e-01 8.184794694044629226e-01 9.340508489031138506e-01 1.061258700239013253e+00 1.403057018231363529e+00 1.459329902813679469e+00 1.580953121230073588e+00 1.700689252567778809e+00 1.729551326910041320e+00 1.816957339539510885e+00 2.333438443281957042e+00 2.808210892815731885e+00 3.190240227430762410e+00 3.374744624155956885e+00 3.405377614661468044e+00 3.490628197362975804e+00 3.919302046492929126e+00 3.951834553451598175e+00 3.972276971588742267e+00
-7.397192924660754842e-01 -6.891946573074357874e-01 -5.183307817726694466e-01 -4.480237379359128247e-01 -3.631117831633084436e-01 -2.553850981459451219e-01 -1.302397479171472361e-01 2.236753287850279936e-01 4.804759016754380774e-01 6.660709181289894421e-01 7.199710407664324796e-01 7.938920848392594376e-01 8.142265950364953042e-01 9.691060665702947441e-01 1.171239907362737531e+00 1.352918374488343067e+00 1.466615485338857106e+00 1.581252063231960214e+00 1.732485955951569068e+00 1.777368672136532712e+00 1.832747512609364637e+00 2.359597066757409323e+00 2.782324504184609637e+00 3.117513140503350488e+00 3.265629058161025000e+00 3.297336612006594780e+00 3.495132191122573673e+00 3.978835963673038378e+00 4.015723114647380854e+00 4.052954242254601880e+00
-7.782275096177093676e-01 -7.264432485896612501e-01 -5.678120783922259163e-01 -4.592558475916432847e-01 -4.084691227314284911e-01 -2.343456757367583243e-01 2.160849470922550364e-01 4.196864996218865884e-01 4.907559061284351154e-01 6.698355724037829972e-01 7.360800394962999649e-01 7.958233762071874606e-01 8.267790161335082377e-01 9.888025744187782795e-01 1.267193951924996398e+00 1.301646635344901659e+00 1.473457358406642381e+00 1.584701945064318052e+00 1.756794677279107875e+00 1.804811196512766003e+00 1.869824065156211024e+00 2.376358732769061621e+00 2.766786581713234217e+00 3.065669996934890840e+00 3.154048315154103665e+00 3.188799282835947491e+00 3.522705492426695617e+00 4.032733976047825131e+00 4.054991937867689522e+00 4.121882754034101204e+00
-8.319433373756756067e-01 -7.240058115161775998e-01 -6.078228457387495620e-01 -4.914481985055723645e-01 -4.282810185047991602e-01 -1.431180600659570645e-01 3.417715688764158544e-01 4.403408194491455485e-01 6.119794246589069786e-01 6.610406034781035611e-01 7.485149929637576749e-01 8.015176740286537038e-01 8.273235419066128360e-01 9.904622182196484159e-01 1.211407555888226462e+00 1.384815928765858795e+00 1.479097846676477035e+00 1.587976848495131765e+00 1.763599713838875482e+00 1.800861502062309327e+00 1.921497335507783344e+00 2.380743422341096149e+00 2.776074488340042112e+00 3.035926195308387143e+00 3.055310829563510300e+00 3.094986721787303274e+00 3.561568163573261447e+00 4.062797035425653291e+00 4.081225875488860844e+00 4.173884263737228650e+00
-8.589791607909323945e-01 -7.210086665858278510e-01 -6.335514899168379621e-01 -5.264818880752158980e-01 -4.186432734465286298e-01 1.203148086354129953e-01 3.322462350293575173e-01 4.654147228792853141e-01 6.423373851629960996e-01 7.297732231425422267e-01 7.623386940498930731e-01 8.146624472248361615e-01 8.291297601383654792e-01 9.783767601240241918e-01 1.135872151968631227e+00 1.464315593458073828e+00 1.488728351117403204e+00 1.585390204598193575e+00 1.756877907882294920e+00 1.779965831226010042e+00 1.967351866334456467e+00 2.380812741048691450e+00 2.795425698191549735e+00 2.975977912102533818e+00 3.027825502623666232e+00 3.032935743090322767e+00 3.597500612539811904e+00 4.061183599225453023e+00 4.107829998551793871e+00 4.205940951673976080e+00
-8.569887648121262691e-01 -7.181214720343812585e-01 -6.426962866542249575e-01 -5.412088528571616930e-01 -4.167962959231233389e-01 1.888970346800944167e-01 2.340451345251740312e-01 4.726704244690513868e-01 6.417675490852153830e-01 7.379565854455703011e-01 8.072477968789979474e-01 8.319633675312838594e-01 8.553345267878310620e-01 9.594754496191644222e-01 1.082650635245788751e+00 1.479955495229234863e+00 1.533990590869769299e+00 1.569950005002604732e+00 1.748402808771917227e+00 1.767992749534304853e+00 1.986028218524400701e+00 2.380247620348789894e+00 2.803860281691118672e+00 2.948099814312238998e+00 3.010098296877719459e+00 3.025188847935636360e+00 3.612726581678339155e+00 4.057724346107614899e+00 4.117670819428846940e+00 4.216459505366955796e+00
-8.462811246130024223e-01 -7.151696969907187507e-01 -6.408250880055170740e-01 -5.468025654119818002e-01 -4.124915675364203005e-01 7.586761050898956082e-02 2.751397968462310217e-01 4.596132302679585280e-01 6.500902478601429113e-01 7.172783782194243063e-01 7.755172737280222606e-01 8.115159307569170810e-01 8.839121979264261686e-01 9.794121976772725002e-01 1.095650070610779903e+00 1.478754945465911463e+00 1.533049188430073206e+00 1.562899745761761050e+00 1.748008190774201331e+00 1.777020402722952586e+00 1.991875973982576653e+00 2.381038348108313496e+00 2.778378852737077853e+00 2.937016806103807998e+00 2.995837617809226749e+00 3.072090017313618304e+00 3.605288279008480146e+00 4.050021566409133023e+00 4.128673958200547389e+00 4.215123735623182988e+00
-8.257864261632210656e-01 -7.032214725520189447e-01 -6.376216799788091416e-01 -5.551505939114306232e-01 -4.062018558756876341e-01 -1.830412936474190011e-01 3.274137809805124921e-01 4.161275307129921330e-01 6.433362084081820642e-01 6.667438158907796897e-01 7.412730457363373437e-01 7.680919242785453349e-01 8.989032575048290230e-01 1.033299976364559170e+00 1.150854918148727979e+00 1.470168647012742635e+00 1.502621333096354705e+00 1.556176313732653416e+00 1.756549693980539617e+00 1.803330082094865228e+00 1.999120739108347644e+00 2.384719898964003271e+00 2.723137756700449330e+00 2.922629542586117513e+00 2.994662856619908720e+00 3.139596960931192893e+00 3.583591628075676105e+00 4.042307863348565178e+00 4.144500924087468618e+00 4.211092217272471849e+00
-7.973138076859270784e-01 -6.867006287992901692e-01 -6.327194512303030427e-01 -5.634800361048827311e-01 -4.097443130439022974e-01 -2.364342824544343746e-01 3.223440760175143027e-01 3.596735994486308097e-01 5.937523525944915503e-01 6.470532415951525396e-01 6.897469015507877721e-01 7.648731979523482050e-01 8.979279293900450654e-01 1.098414922926683968e+00 1.213766373616340877e+00 1.450600535626045184e+00 1.464025030506159730e+00 1.545918220794000986e+00 1.769789939742138385e+00 1.832008304150464006e+00 2.007136434594158914e+00 2.392291677229763547e+00 2.662284908933112426e+00 2.915568222333952075e+00 2.995691347844607222e+00 3.206106801411230833e+00 3.551025950995341240e+00 4.039525740636233486e+00 4.157371456092509909e+00 4.206257873394217306e+00
-7.651079546964054678e-01 -6.724332194558505504e-01 -6.295759604018668076e-01 -5.651957248942339751e-01 -4.347900591649097590e-01 -2.319623353150273015e-01 1.837041607527594989e-01 3.564910967370842343e-01 5.416952241419269454e-01 6.143365952040455991e-01 6.833697149368260781e-01 7.753428706900357126e-01 8.920358224485371856e-01 1.158301064360876209e+00 1.269313178928323627e+00 1.420352844101271383e+00 1.424541311324870607e+00 1.539044213192311217e+00 1.782236100249243504e+00 1.850053419738284299e+00 2.014495158963296451e+00 2.402632783063890276e+00 2.616445680904049720e+00 2.912386983948708430e+00 2.996523904015647055e+00 3.259635437939623959e+00 3.516246192978627505e+00 4.040291395478875280e+00 4.164607614952380743e+00 4.202845917444804513e+00
-7.377740441244406977e-01 -6.670412629167619123e-01 -6.336969084641662642e-01 -5.575700128528808808e-01 -4.645152494341320826e-01 -2.549039684167739295e-01 1.095944933218627737e-01 3.390413083900574165e-01 4.821525861537637181e-01 6.258470877289725731e-01 6.828766960170239431e-01 7.927708945963909404e-01 8.845191819657215460e-01 1.200607149940634333e+00 1.305649816098771510e+00 1.378713047331314945e+00 1.404785198100518606e+00 1.537181893603092764e+00 1.789588078954795547e+00 1.851871481294970145e+00 2.017091352495897105e+00 2.409464803884003192e+00 2.604432530847231142e+00 2.911225991204430485e+00 2.996706638588785943e+00 3.281592688588283124e+00 3.497532162546430623e+00 4.041784871364392018e+00 4.166311663600836823e+00 4.201861504119952961e+00
-7.862638302161836235e-01 -6.854265036908524511e-01 -6.396704490980030799e-01 -5.804692276910130566e-01 -4.854604960549689929e-01 -1.618081863746190230e-01 1.786350796849981715e-01 3.716289875877116233e-01 5.458180454469480081e-01 6.420853406272178932e-01 6.506843944342131092e-01 8.280359077033220272e-01 9.231404168607575400e-01 1.209703941057213683e+00 1.269469170200350883e+00 1.353441692872788371e+00 1.439208637915422528e+00 1.501629826960875658e+00 1.707332539324439624e+00 1.777197998609163720e+00 2.006284370211953050e+00 2.427414394882951854e+00 2.590440876170685858e+00 2.884905952005248242e+00 3.034918225999897246e+00 3.387340048838663353e+00 3.523353250734973852e+00 3.991731416776730157e+00 4.170705839033105988e+00 4.180407904506377115e+00
-8.249526279539105555e-01 -6.983322721120099885e-01 -6.427751817118879663e-01 -5.932061726327487738e-01 -4.929231744853784791e-01 9.091484962737371445e-02 2.274095026781936535e-01 4.171932273423479831e-01 5.677041517352056088e-01 6.400057949325779205e-01 6.504920673996154035e-01 8.839227655085593049e-01 9.637410974030359290e-01 1.144471206079333392e+00 1.274140626835812640e+00 1.303811315169694840e+00 1.467732371570329430e+00 1.483126863489124370e+00 1.588769917927839836e+00 1.718589834256798454e+00 1.993433472489727798e+00 2.444154631059309857e+00 2.581159134111837616e+00 2.852737487049547216e+00 3.138593161491681549e+00 3.488844538844745102e+00 3.549240856230281960e+00 3.927604503207704045e+00 4.124796910987749143e+00 4.159883339243315881e+00
-8.576279400349993143e-01 -7.205647457900881125e-01 -6.355433139537234322e-01 -5.938314351791423862e-01 -4.640512262068894334e-01 -1.685386463870841012e-01 3.557036907369332535e-01 4.730250590049778769e-01 5.635345166748600976e-01 6.537114054327454182e-01 6.646772019657413155e-01 9.318184174213511861e-01 9.977922610082399224e-01 1.072092295044427157e+00 1.223177185575281989e+00 1.272103854862190353e+00 1.448419959307225113e+00 1.491656850793753097e+00 1.534969794208995042e+00 1.684508769865865618e+00 2.017447455335150686e+00 2.455592431428725853e+00 2.547485489881525567e+00 2.813290963601157824e+00 3.268991606054841181e+00 3.557192279089433029e+00 3.578768660268401458e+00 3.872880366308453226e+00 4.049546302133379960e+00 4.133418235976218824e+00
-8.864731421571144798e-01 -7.411553238029042756e-01 -6.200927621505279985e-01 -5.862793663887713169e-01 -3.954444206495029701e-01 -2.478584865675898807e-01 4.409266300746881861e-01 5.168359785009530860e-01 5.635898932164183917e-01 6.865792344048164964e-01 7.006062893845206307e-01 9.453775874027455783e-01 1.000360258020548843e+00 1.034301070605957884e+00 1.156444096315714765e+00 1.217800670879095604e+00 1.442595084272282113e+00 1.488825395238115190e+00 1.553877799400230852e+00 1.679135518944153249e+00 2.082914946159181824e+00 2.456715180955669986e+00 2.484058606949137715e+00 2.781336932314403487e+00 3.380053078957784951e+00 3.599377895973411068e+00 3.605734795771346146e+00 3.847123495382697378e+00 3.958520565538637737e+00 4.105102819321397867e+00
-9.034926593978460652e-01 -7.447496110175816364e-01 -5.981743154888082836e-01 -5.875646658320654581e-01 -3.464524736337648569e-01 -9.672783293535378024e-02 4.774327584791642209e-01 5.394116767063544815e-01 5.621677231934835151e-01 7.388569793288883858e-01 7.680880351039641729e-01 9.237577856160069656e-01 1.000997924919925008e+00 1.015898749568729276e+00 1.094676298210859100e+00 1.186404809682943595e+00 1.441343766455282172e+00 1.495556296916035643e+00 1.565535728786208169e+00 1.701688229490861959e+00 2.146975794903209778e+00 2.418874425602021372e+00 2.453607926936071770e+00 2.775556718218562313e+00 3.430762332294330363e+00 3.604091297156578388e+00 3.658066108769162383e+00 3.842008121624182149e+00 3.876915196045402023e+00 4.085317851179926407e+00
-8.948135612068811584e-01 -7.331625616211245866e-01 -5.839359032167886765e-01 -5.664474539744195347e-01 -2.932151717531993329e-01 2.970203242750523720e-01 4.455757303211265730e-01 5.566964030404389918e-01 5.659361194821466157e-01 7.823298303887017413e-01 8.460060129847180033e-01 8.972318621870902788e-01 9.947335636591478902e-01 1.018310101615366836e+00 1.050365097532781622e+00 1.187310687614087090e+00 1.440770601916395499e+00 1.498157848904957179e+00 1.564794830824111305e+00 1.732617895393598895e+00 2.123292261816693838e+00 2.440985305133557937e+00 2.449145766469123853e+00 2.798985558696510889e+00 3.420493764340068577e+00 3.602796964129350688e+00 3.644842269106754351e+00 3.836565109310559940e+00 3.874376903884042544e+00 4.090292461945718827e+00
-8.542473578454126137e-01 -7.140196366465952904e-01 -5.647715692058375980e-01 -5.142305077079449838e-01 -2.293878344040751194e-01 3.347192199408178248e-01 4.349806124586765854e-01 5.644927424481213096e-01 5.838928781947340108e-01 7.496320034126834342e-01 8.743003601577771233e-01 9.132399357068929913e-01 9.850850323200399661e-01 1.030659506237094680e+00 1.065082496062516926e+00 1.219747562662342188e+00 1.442956130221286770e+00 1.496486861373027333e+00 1.551449222047339704e+00 1.766304832869673325e+00 2.048991205376628599e+00 2.455084824926154319e+00 2.511736549391895945e+00 2.837767040439385102e+00 3.339838684710275452e+00 3.590393891860074849e+00 3.602148081202475982e+00 3.834632684758274568e+00 3.912353336119158698e+00 4.137986319774939581e+00
-7.933553883046974287e-01 -6.902599620732561281e-01 -5.408031900843767170e-01 -4.633596194939335056e-01 -2.226602135867797594e-01 1.710488418666159249e-01 5.000880559131282155e-01 5.757652869268651274e-01 5.930678531399826703e-01 6.866876786460481830e-01 8.661027138179738794e-01 8.791802017162413385e-01 9.898728045924483077e-01 1.045532510564993967e+00 1.154542659958329054e+00 1.280944140634786566e+00 1.443584735064010527e+00 1.490514181887473866e+00 1.530418232356516306e+00 1.810478337213599742e+00 2.006899685662014488e+00 2.460306844973531692e+00 2.561783356602877149e+00 2.876783272687841730e+00 3.206329787048193936e+00 3.540772884774193052e+00 3.575265381107545437e+00 3.863597916200391946e+00 3.948229766546655028e+00 4.210179771490753176e+00
-7.304500536915528031e-01 -6.655114028954589589e-01 -5.137887012262590813e-01 -4.383782885626645309e-01 -3.102930707768229435e-01 -1.929299449527168697e-01 5.067508447191625409e-01 5.668421402335275250e-01 5.920128887927247341e-01 6.309848550239641751e-01 7.915933065548431680e-01 8.499717300329280301e-01 9.543413887526904782e-01 1.132618656593293638e+00 1.256709588415253709e+00 1.316117642823929179e+00 1.435890689332052661e+00 1.471057539810956660e+00 1.553671479390991816e+00 1.855950437516688867e+00 2.026308481730793254e+00 2.449907064259641221e+00 2.578533832753639565e+00 2.899985714615246568e+00 3.073799609423072177e+00 3.446961095975981770e+00 3.545181359742120897e+00 3.924466575321339690e+00 3.994385478787242594e+00 4.274174393921946979e+00
-6.854197751667419070e-01 -6.338717974871350691e-01 -4.901032417818505516e-01 -4.071128369759028920e-01 -3.919502949437910777e-01 -3.019657814402554874e-01 4.599180890838766578e-01 5.229718864825927405e-01 5.571538206567894225e-01 5.833395918056890617e-01 6.869702867987086403e-01 8.076587368487968543e-01 8.904618061822148212e-01 1.236194085057601644e+00 1.273110124904580198e+00 1.346965298937255806e+00 1.385049491292588586e+00 1.493033507295397300e+00 1.633226409171391058e+00 1.892060168702624168e+00 2.073631249761417106e+00 2.423696002634764923e+00 2.578740056796728908e+00 2.887725799522546488e+00 2.995119901461706036e+00 3.334016304962093891e+00 3.517721534485628521e+00 3.989914736632930392e+00 4.043876243978659524e+00 4.312636406189140459e+00
-6.754902522909917995e-01 -5.796236896978852471e-01 -4.779264445007417872e-01 -4.512637648767277021e-01 -3.894667228661453096e-01 -3.208911218125755638e-01 3.689401019618144817e-01 4.510344882632167929e-01 4.906748759911029323e-01 5.287812994743017470e-01 5.592439178545991485e-01 7.465070369026952646e-01 8.215597488208203902e-01 1.166499423422836523e+00 1.296693952786074799e+00 1.346346466556087140e+00 1.415397396487279247e+00 1.523759274349671511e+00 1.701692989137608691e+00 1.897895714733045969e+00 2.081658799733571374e+00 2.385381076289125879e+00 2.593479256792809995e+00 2.872347960635308173e+00 2.991668792320538284e+00 3.236745256117479208e+00 3.508861693644857560e+00 4.036242086248897465e+00 4.080009979652674090e+00 4.317312798005748853e+00
-6.866880780448295640e-01 -5.392059014215283552e-01 -5.125652875550174015e-01 -4.632002795078062896e-01 -4.147591680947116943e-01 -2.357422096548212331e-01 2.409089596671813716e-01 3.406532038689386033e-01 3.855329760302295683e-01 4.316333082097684182e-01 4.737219627141786016e-01 6.532779549503678895e-01 7.667369480550266791e-01 1.059099375413397714e+00 1.205959698430708160e+00 1.408824785800208312e+00 1.462301990380138861e+00 1.541312838202324009e+00 1.709174063039734293e+00 1.848262519246184787e+00 2.014075659291675535e+00 2.332137489461107993e+00 2.604701605584106350e+00 2.922755745473263556e+00 3.069053208103777575e+00 3.199118057775852897e+00 3.519899269414543674e+00 4.050755978766609644e+00 4.088840310046087723e+00 4.283967375733006122e+00
-7.101152378239123930e-01 -6.042680521751732092e-01 -5.492075949550120351e-01 -4.499160790776058350e-01 -3.588913691959297325e-01 -2.478997874393784051e-01 1.092817676181913611e-01 2.010007719843271146e-01 2.291513073860736993e-01 3.375414199381777669e-01 4.206464846922288170e-01 5.347080039016531838e-01 7.273244536751265477e-01 9.611214721428062990e-01 1.106896487647210270e+00 1.453473700099543464e+00 1.492255412382365920e+00 1.546766879460101274e+00 1.665291854098993607e+00 1.754734307421478512e+00 1.885315410254576829e+00 2.271858362373055051e+00 2.555049117949191206e+00 3.067398932964379821e+00 3.207301217233401225e+00 3.252522978439993828e+00 3.541007879284485682e+00 4.029639254838643048e+00 4.062779677745299800e+00 4.211305805977887395e+00
-7.343319291687353534e-01 -6.691344363431900311e-01 -6.275473455192592809e-01 -4.082377668843548690e-01 -3.335904175124242976e-01 -2.763480211010535537e-01 -1.754819489615786210e-01 -1.318877383350534338e-01 4.267320014550201462e-02 2.357561607284787142e-01 3.412149603021832345e-01 4.322825896107300725e-01 7.207734994248863325e-01 8.900276951292227512e-01 1.006273350256571053e+00 1.483699956782028151e+00 1.510407928612745199e+00 1.543506948168929416e+00 1.606268686847798444e+00 1.653382934672391169e+00 1.736116254202453968e+00 2.232877424163774105e+00 2.461264887563145098e+00 3.261304881226842145e+00 3.364484703079032357e+00 3.373604695613180660e+00 3.562597701971959019e+00 3.975927862571676297e+00 4.001939728378506089e+00 4.102155267903929037e+00
-7.458338015622607564e-01 -7.149951593059803434e-01 -6.936454307302049038e-01 -3.598268518262331406e-01 -3.087564464630995209e-01 -2.954079749096925611e-01 -2.355046398027602905e-01 -2.130658621568460587e-01 -1.990166481356216432e-01 1.193157262492439696e-01 2.035940148066123223e-01 3.126221876577623959e-01 7.637873181380350207e-01 8.478509908091323988e-01 9.134931399610581870e-01 1.506197657615046648e+00 1.521360659655045300e+00 1.536855376714365118e+00 1.560862638988807838e+00 1.578222460443511999e+00 1.613711590516986094e+00 2.234422382156630249e+00 2.360886095730202250e+00 3.453456469239749360e+00 3.505894098647881485e+00 3.509429196723905076e+00 3.578102697157177214e+00 3.903511626357876185e+00 3.918709274070864446e+00 3.969628939193575512e+00
-7.360960601927004632e-01 -7.327376504640439325e-01 -7.309302282293869135e-01 -3.076477298136851557e-01 -3.055412096681809908e-01 -3.020929533933023325e-01 -2.085115112752312094e-01 -2.038287916657022525e-01 -1.963805627319254454e-01 -5.687491602745622238e-02 -9.745715055436809937e-03 5.548180515215447861e-02 8.316057554150950715e-01 8.338601555102234109e-01 8.349002709613593254e-01 1.527630643691675782e+00 1.529073816275115627e+00 1.529480148567353259e+00 1.548406010871466565e+00 1.549341490494630103e+00 1.551551722690546864e+00 2.277639025668554584e+00 2.281829281030267165e+00 3.558064781471386606e+00 3.578259906300004012e+00 3.580599343081997787e+00 3.581765962167654749e+00 3.866202395110705403e+00 3.870697778031660707e+00 3.873759312718116465e+00
-7.364630596626394743e-01 -7.177338251187569407e-01 -6.833817462640818796e-01 -3.613547051617344019e-01 -3.018056029946562524e-01 -2.702874236624590587e-01 -2.386773134553506759e-01 -2.122434472103058023e-01 -1.856870189721130937e-01 1.572606574523763290e-01 2.598131753460509175e-01 3.134908723062477809e-01 7.533820363962333566e-01 8.701128870555517869e-01 9.093390705142603281e-01 1.507403029770847835e+00 1.523963447794068227e+00 1.535341169071757550e+00 1.570937841859272321e+00 1.599765841373400388e+00 1.621209057081167915e+00 2.227288409995935137e+00 2.380764298070077611e+00 3.431090924195989711e+00 3.472432637952428180e+00 3.481696369467842000e+00 3.566978935039040621e+00 3.926088241496526798e+00 3.950711918420223956e+00 3.979513847630936407e+00
-7.028547867277400440e-01 -6.780330595533229365e-01 -5.980355985218378523e-01 -4.170995535051722491e-01 -3.010438912266973910e-01 -2.386476445060236873e-01 -8.493809233874867470e-02 9.166307313842313176e-02 1.473657851352304371e-01 2.787331194945098511e-01 3.874118632018950237e-01 4.806871655255579578e-01 6.788811810157799886e-01 9.722132432678493030e-01 9.859203598272625602e-01 1.483927206685454081e+00 1.530205050397752453e+00 1.538407276431515980e+00 1.634131967576651245e+00 1.722465727237277866e+00 1.768153572420335218e+00 2.233907424840998246e+00 2.501905405436338992e+00 3.192575943902731694e+00 3.293737914289654789e+00 3.313258100291452291e+00 3.537184144749712100e+00 4.016339299994779566e+00 4.072186485130150579e+00 4.109105587058719422e+00
-6.645925694099945602e-01 -6.205611317528408888e-01 -5.096119326217681822e-01 -4.605292365319679226e-01 -3.451511437779937186e-01 -1.154001217975444138e-01 2.254338188255373132e-01 2.960582277595562029e-01 3.193141676929773243e-01 3.782322218318449614e-01 4.770826967366121329e-01 6.220600311960937656e-01 6.803323131109977329e-01 1.058078338599370838e+00 1.104374246704827867e+00 1.451865452918706056e+00 1.527301547818073146e+00 1.539401874941709547e+00 1.697808462655590045e+00 1.873839264128643656e+00 1.935706822318476350e+00 2.288403224734949504e+00 2.594946883153872452e+00 2.954389062758941975e+00 3.147146276260922360e+00 3.183378967127615145e+00 3.493608720856540284e+00 4.067353674184174039e+00 4.159349864353263371e+00 4.191412635316168256e+00
-6.485956448969534271e-01 -5.544489568772514865e-01 -4.969550272171019412e-01 -4.393309895080995120e-01 -4.106112136507307775e-01 -9.386172071477393020e-02 3.028584610390844811e-01 3.261759228824228085e-01 4.727631917411270757e-01 5.420638004878354232e-01 5.717782047309866167e-01 6.483528970344788478e-01 8.500980300961186176e-01 1.144287121723364775e+00 1.216554924682812233e+00 1.405252571946842721e+00 1.500423701689382217e+00 1.534209700534615362e+00 1.695125511997756407e+00 1.967841823177143956e+00 2.035527514150952566e+00 2.365230769108611408e+00 2.617690265905737501e+00 2.789882480300311496e+00 3.108953427686692361e+00 3.173652019662261736e+00 3.444173865903904286e+00 4.069688313384967060e+00 4.195766267033812724e+00 4.213638051832220732e+00
-6.655875305422971344e-01 -5.299021437393977019e-01 -4.939833692857117931e-01 -4.409734085692433303e-01 -3.787637952870003266e-01 -2.385129501558344856e-01 2.660238302196614724e-01 4.700346543443648661e-01 5.884415106379282667e-01 6.263063865283644560e-01 6.815504845327199357e-01 7.088476734426432113e-01 9.758431395833964128e-01 1.236396358696012499e+00 1.310708552804255911e+00 1.337499884129196959e+00 1.449418212728300404e+00 1.512027240670655637e+00 1.585491630208492708e+00 1.945848030666164741e+00 2.003870971328439943e+00 2.449950254471920275e+00 2.634870587424389843e+00 2.739770958541533741e+00 3.199329039583256762e+00 3.269222161397219217e+00 3.405779164580378104e+00 4.031202144300337409e+00 4.171829369812952493e+00 4.183638164059220621e+00
-7.416088236577211834e-01 -5.375520164617240138e-01 -4.642371289722129757e-01 -3.746425278941308279e-01 -3.502367053068509706e-01 -2.726979306246928303e-01 2.080703480752998102e-01 5.908054447076246385e-01 6.399511896787487553e-01 6.966137284311041400e-01 7.160812284938272709e-01 7.882543755209971970e-01 9.933681054485480333e-01 1.263014310058679701e+00 1.327269110685805664e+00 1.362378131145896010e+00 1.400366029828754577e+00 1.468182131216865915e+00 1.475815374483985254e+00 1.846848572553432266e+00 1.908996183746495046e+00 2.522862204268183195e+00 2.675887475780482028e+00 2.733862194496294862e+00 3.335529443446682230e+00 3.401357139669614060e+00 3.419352140167416731e+00 3.969319448500722824e+00 4.085863743867723663e+00 4.123946476880780310e+00
-8.388162054569094916e-01 -5.250061325401441659e-01 -4.572268476602277532e-01 -3.692489100020414083e-01 -3.300349484230131747e-01 -1.935257689531393877e-01 2.212142589230927936e-01 6.130106299023773131e-01 6.528234548622663391e-01 7.065887883502799394e-01 7.340054649780475282e-01 8.396654736415490872e-01 9.523406330412751419e-01 1.241995129878114223e+00 1.273928905421383151e+00 1.391198606522371373e+00 1.412894903673294733e+00 1.450640193122856081e+00 1.459540495197510834e+00 1.746539161850650723e+00 1.863232709016916733e+00 2.521525889962388245e+00 2.706610246898727201e+00 2.716162865860761944e+00 3.406920463799257615e+00 3.508378700158572894e+00 3.557492013821332844e+00 3.894613236544377965e+00 3.977391073903989493e+00 4.055601707483699414e+00
-9.016212852979731407e-01 -5.014693737063612433e-01 -4.709605250201647220e-01 -4.136872417790881662e-01 -3.304510367927511183e-01 -2.380031852907832091e-01 3.088578007002050207e-01 5.587921623571683316e-01 6.228494944421424373e-01 6.672701899655429925e-01 7.593691049730197928e-01 8.582779432749609860e-01 9.699008944321364512e-01 1.164366899198903793e+00 1.288985260692550483e+00 1.306323036945681526e+00 1.463407013738378781e+00 1.480043320830645159e+00 1.501901173184624572e+00 1.727146865773680151e+00 1.890012076492343596e+00 2.425755936167031557e+00 2.643493426881341701e+00 2.746507650767563202e+00 3.461614479793744259e+00 3.581035750052246502e+00 3.673036650717723006e+00 3.796502442386801235e+00 3.883714717943965056e+00 4.056936033795821572e+00
-8.876978264892294579e-01 -5.325865395850315487e-01 -4.661491212905361503e-01 -4.306762753288370105e-01 -4.006223912118777597e-01 -1.956007224547262890e-01 3.083200573077499174e-01 5.056399077434695633e-01 5.435149502244818187e-01 6.348975045318868693e-01 7.689343024337231824e-01 8.431556848821875061e-01 9.551595872635376683e-01 1.076188467206476540e+00 1.194988112858760498e+00 1.429952578695036003e+00 1.494304976864105017e+00 1.509374594906966349e+00 1.540176364831547184e+00 1.794884171947262796e+00 1.969204437675589947e+00 2.298530648320348035e+00 2.541485435447976116e+00 2.742359052352880688e+00 3.480571983020502635e+00 3.577198786059881730e+00 3.712945624335184824e+00 3.750338884141527274e+00 3.832894980076469782e+00 4.146134912672167161e+00
-7.812646274606529495e-01 -5.878702002112063951e-01 -5.146895068464936163e-01 -4.612479944908058349e-01 -3.538044402769744967e-01 -1.719464843714079150e-01 1.950190858080007306e-01 4.163463484990603258e-01 4.986036917849291927e-01 6.067004888213659575e-01 7.479525173941669047e-01 8.064473687766499088e-01 9.228294842984968716e-01 1.005070323352368789e+00 1.121908581426773965e+00 1.482506730052012056e+00 1.505583858422489874e+00 1.553031802817171680e+00 1.660593095796336183e+00 1.901890734283312900e+00 2.054846739066894301e+00 2.192678320348904197e+00 2.415624688534882214e+00 2.702221980117748057e+00 3.445870429589371842e+00 3.518697622002243897e+00 3.716718201192608539e+00 3.783200094559790116e+00 3.835841888548569223e+00 4.255814295867515362e+00
-6.285489852537766708e-01 -5.814708381191400210e-01 -5.616454705167461814e-01 -5.105643279941376456e-01 -2.797629313576663335e-01 -2.317336323165178347e-01 -1.135982912481796753e-01 2.913957122189086424e-01 4.935996657384830177e-01 6.005310246081038139e-01 6.920879259970377229e-01 7.771986373202699472e-01 8.941482041369472888e-01 9.504681788557036715e-01 1.062072693908105103e+00 1.485042223196244793e+00 1.503916625467976775e+00 1.565858443589760451e+00 1.842464772249573279e+00 2.000103607092303726e+00 2.087325373787384475e+00 2.155191485696446474e+00 2.288847689471674496e+00 2.638600789211811737e+00 3.416699075627779525e+00 3.471500396246430586e+00 3.724731373647398591e+00 3.786337061841278384e+00 3.885158961822793522e+00 4.343838797786066408e+00
-6.373777062115166814e-01 -6.067355529828278859e-01 -5.745860638946564958e-01 -3.205659697971566802e-01 -2.559895337441405738e-01 -1.871509381362653213e-01 8.564082614677445693e-02 1.507789755134599785e-01 4.849952395841873320e-01 6.029082807100462071e-01 6.284906742749444275e-01 7.666530218276160769e-01 8.808733882754142819e-01 9.255429096622371787e-01 9.907063871053065629e-01 1.483792457488008143e+00 1.495250281279196125e+00 1.572580539930311216e+00 1.990373819896151586e+00 2.063459109415044956e+00 2.082003090320290628e+00 2.158956969761741895e+00 2.183465768854663924e+00 2.574672106753465695e+00 3.421026044666744426e+00 3.451224715411733701e+00 3.726297976386948818e+00 3.760607262237644743e+00 3.943008260071760418e+00 4.396580480645209121e+00
-6.228249933760321433e-01 -6.195071189064738082e-01 -6.164977571494441033e-01 -2.671871665299612730e-01 -2.609013150476625631e-01 -1.416998580737927060e-01 -1.266500645661532976e-01 3.311999900582000000e-01 5.247633566626328516e-01 5.285435889648141261e-01 6.334478167559899342e-01 7.703010593525158045e-01 9.032673293576987117e-01 9.207104230004156120e-01 9.230730337385193440e-01 1.485898118043874394e+00 1.487792342282744373e+00 1.574907794781876147e+00 2.082394328526151916e+00 2.084245531110290983e+00 2.092808939437711402e+00 2.096267538915577155e+00 2.159569514305115678e+00 2.546188787945720566e+00 3.437354707587550351e+00 3.440734225467835472e+00 3.731861694323118428e+00 3.738628472255860480e+00 3.967004824480856673e+00 4.413572122011757415e+00
-6.515437271516776319e-01 -6.193802364696798790e-01 -5.787130201236223570e-01 -3.217270893775247553e-01 -2.440210134547608212e-01 -1.726389552646314662e-01 -6.823273429328607920e-02 3.383942621308074772e-01 5.146589208914776892e-01 5.305452669585083436e-01 6.350869814777218014e-01 7.299682875108047808e-01 9.048844908665498732e-01 9.284851194014085429e-01 9.775453626365170345e-01 1.472485520441774387e+00 1.488489293179721118e+00 1.569311969007706864e+00 2.029723444050660852e+00 2.043943397996601519e+00 2.105090324685160663e+00 2.142181195199726940e+00 2.205391426814235167e+00 2.546847754900108729e+00 3.431482949578212427e+00 3.438317100763300438e+00 3.713661747842767813e+00 3.744909117139465948e+00 3.982083554384776125e+00 4.410016120251506244e+00
-6.816188242149874288e-01 -6.123654500250164112e-01 -5.293450294952649626e-01 -3.834480170496207263e-01 -2.889365084231304559e-01 -1.832991912626176778e-01 1.247491273071045514e-01 3.392770769173497625e-01 4.835110558710199458e-01 5.370872418895298317e-01 6.395874952869584629e-01 6.648117975722820372e-01 9.243292713336316302e-01 9.667966274601271781e-01 1.058222716960588672e+00 1.440963799920989219e+00 1.480986983085757602e+00 1.554267167851103526e+00 1.970065142709240380e+00 2.004701796169016781e+00 2.101043343742618585e+00 2.197550388680284517e+00 2.284532864493510118e+00 2.549450002630454293e+00 3.412261068603622771e+00 3.431683721678173260e+00 3.674052194518398817e+00 3.760310856455852946e+00 4.016861629822738422e+00 4.399427741872952602e+00
-7.098110026322793642e-01 -6.077584975752835517e-01 -4.701163807925174964e-01 -4.373697951054795197e-01 -3.338284901722653464e-01 -2.029928073506143960e-01 1.804028424515512485e-01 3.100777999596144863e-01 4.589244560221452662e-01 5.364870676091039181e-01 6.138671466423807344e-01 6.488112280234011875e-01 9.592676029813296257e-01 1.022307283788872478e+00 1.140171884408482272e+00 1.390306834874342590e+00 1.466107405249332585e+00 1.532703638369746546e+00 1.919470440514260634e+00 1.972731465023454200e+00 2.092066477271286029e+00 2.252534194731528938e+00 2.367659739153576304e+00 2.556769520011977992e+00 3.377111004047558040e+00 3.421018900181585831e+00 3.630222916544533884e+00 3.784664484509068672e+00 4.057025641523717141e+00 4.382050016202819087e+00
-7.362536120845394327e-01 -6.115313849468886342e-01 -4.921435642838546398e-01 -4.094526474346656952e-01 -3.632239468819549733e-01 -2.030746150075480316e-01 1.075724068272716216e-01 3.268376292193709287e-01 4.554723034861517528e-01 5.271863176785530625e-01 5.839868341202649749e-01 6.571225927748826079e-01 1.008060082387929102e+00 1.085634294296437652e+00 1.217056308284290012e+00 1.323590769771458842e+00 1.444039315910723431e+00 1.506832213982531865e+00 1.880880922359921659e+00 1.946029656025280774e+00 2.080029640751675846e+00 2.303703474658925998e+00 2.442117528867361997e+00 2.577802811960255180e+00 3.324581839349653123e+00 3.406437449004983797e+00 3.592419763890819073e+00 3.816941233106956322e+00 4.095233706425869258e+00 4.358303314636668091e+00
-7.601172818278865151e-01 -6.245835925336792327e-01 -5.316332696441867789e-01 -4.391912169254172937e-01 -3.636230139398241579e-01 -1.939085846809036617e-01 1.871674376022720299e-01 3.767080286161284541e-01 4.491230815765479001e-01 5.261819049297916662e-01 5.650577593983800995e-01 6.652618272568693314e-01 1.066286248340031051e+00 1.148391099281929062e+00 1.241902077155408568e+00 1.290276853103786037e+00 1.416593201997528251e+00 1.479326815951546470e+00 1.854216457545616148e+00 1.922309963078421058e+00 2.065990814625950467e+00 2.347198734760016503e+00 2.490827786156640133e+00 2.629414402692282771e+00 3.257155447119625347e+00 3.388071844383019116e+00 3.563401517066879798e+00 3.855825866104052313e+00 4.128225226577784568e+00 4.328815785136534977e+00
-7.800504120200386637e-01 -6.424040329784440617e-01 -5.666628656550070087e-01 -4.824916756028015397e-01 -3.921767017927686449e-01 -1.639059532338892067e-01 3.005808148531182722e-01 4.199329185705083511e-01 4.402642057584600366e-01 5.432041354276855305e-01 5.675318526447113987e-01 6.715646816452932599e-01 1.119941170857713608e+00 1.149615171875592479e+00 1.225479376063254078e+00 1.327936538948141454e+00 1.405281207394969645e+00 1.452449249110999263e+00 1.837417504725309625e+00 1.900030096196353435e+00 2.050944159368258468e+00 2.378591919294489987e+00 2.519054348463506177e+00 2.707745252176738671e+00 3.180378491658801821e+00 3.366173683212229317e+00 3.541519216333321118e+00 3.899888600127745963e+00 4.154407568231228254e+00 4.294496040970917861e+00
-7.947426365777048307e-01 -6.591630395817343890e-01 -5.960571752415002589e-01 -5.159157886806854387e-01 -4.193592921432686138e-01 -1.042249544723287263e-01 3.079138597683573897e-01 4.023621616516850352e-01 4.873029210782915954e-01 5.674921903618518337e-01 6.230178998853549421e-01 6.739167256018022689e-01 1.046814242713805854e+00 1.189321916404538770e+00 1.274733437953705861e+00 1.315548713742981102e+00 1.424056012018014794e+00 1.447688184577258674e+00 1.827022464681548053e+00 1.879536827992674963e+00 2.035856734322397887e+00 2.395338215306991092e+00 2.545454017365123889e+00 2.794002906139682274e+00 3.100393058437402871e+00 3.341250879092056092e+00 3.524346753051720516e+00 3.947612719533367009e+00 4.172708817049966434e+00 4.256785954759141788e+00
-8.034003975273148468e-01 -6.699735767547122522e-01 -6.166294550982599487e-01 -5.389605888095896358e-01 -4.405260538254137104e-01 7.617486697462522161e-02 2.395933339813995089e-01 3.845167525602179448e-01 5.122012132815942920e-01 6.013330954459449318e-01 6.677441852802830091e-01 7.131663496105324906e-01 9.529501115619228857e-01 1.213498595741441699e+00 1.290148721484683847e+00 1.341495200965408641e+00 1.401040421259316160e+00 1.497165714095598510e+00 1.817887375525506499e+00 1.864610327714091520e+00 2.021881695343584973e+00 2.400263976020208023e+00 2.574807179058177020e+00 2.875742023401591130e+00 3.025139433046942994e+00 3.314143568500113268e+00 3.510158381165482400e+00 3.997377099395897471e+00 4.180542682517367936e+00 4.219408937608875476e+00
-8.060823029260621997e-01 -6.718074551052561905e-01 -6.267555045260122526e-01 -5.531417527181411442e-01 -4.563363943736967188e-01 5.981679040913909923e-02 1.475080526325046049e-01 3.682640548284660253e-01 5.258953642865095146e-01 6.132959482660248485e-01 6.630896826043350956e-01 8.042008781073324286e-01 8.689383266528131200e-01 1.189773992047930662e+00 1.321992633145164797e+00 1.359206408079711492e+00 1.403634144308241849e+00 1.537298380852181179e+00 1.805867651205092406e+00 1.859990930024232547e+00 2.011141380747522245e+00 2.399466614359407224e+00 2.604337981049426709e+00 2.910806076459970804e+00 2.995952672714435661e+00 3.286090954749695037e+00 3.498152399803525991e+00 4.047261204120310651e+00 4.163062408820936255e+00 4.199227689539875463e+00
-8.224853636700529824e-01 -6.704606243212616334e-01 -6.203703750006117623e-01 -5.458734284927332370e-01 -4.519775854284671102e-01 -2.282294139134636024e-01 3.049169980834161575e-01 3.829367591275180671e-01 5.307536602200859654e-01 5.991291695302821685e-01 6.829700839420014269e-01 8.074513996390769721e-01 8.655110234198269969e-01 1.164061954959740630e+00 1.298838750441884349e+00 1.389024898791210827e+00 1.411437612256063234e+00 1.540499733107115521e+00 1.801973378537493398e+00 1.858634374363623776e+00 2.001455969988986006e+00 2.406074081316919244e+00 2.609970486241078191e+00 2.911485814806733519e+00 2.996312289458949785e+00 3.265257622207696997e+00 3.513969549578534135e+00 4.044882659121174839e+00 4.161815121229864189e+00 4.201342712780950173e+00
-8.402670113961507870e-01 -6.805313524106936240e-01 -6.242933501407170738e-01 -5.426930661550657398e-01 -4.042354608170662389e-01 -2.998151875394796106e-01 3.259325997282195297e-01 4.810975896549044006e-01 5.336111630058720801e-01 6.073693555611552330e-01 6.989661907266121466e-01 8.123349962416899217e-01 8.647059252971858179e-01 1.112792525416648193e+00 1.249109371765537047e+00 1.422349226438545555e+00 1.443254101794723132e+00 1.548938407478793966e+00 1.792325708635424508e+00 1.838880606345985935e+00 1.993041982502184339e+00 2.398404434733840684e+00 2.655967870238090889e+00 2.914107738752125254e+00 2.996157703609764855e+00 3.210438332298568120e+00 3.549006950305809482e+00 4.042745661880736030e+00 4.155458456894890240e+00 4.205383248725698131e+00
-8.534452556203261375e-01 -6.966127833573018124e-01 -6.325879682464710108e-01 -5.432671879670526449e-01 -3.977239400159745530e-01 -2.204625671905551532e-01 3.365098819354973014e-01 4.546808220406672318e-01 5.987817721930559500e-01 6.661471932845925981e-01 7.118643465385906532e-01 8.177009908157547580e-01 8.657063694286420974e-01 1.051266187680747421e+00 1.187700330673850946e+00 1.458803321902031547e+00 1.470315087701456580e+00 1.562257162680225964e+00 1.778979914506120696e+00 1.806055697220261713e+00 1.988544990579950156e+00 2.388682400789285953e+00 2.719507439158951545e+00 2.920452364314229943e+00 2.995910492567628758e+00 3.142284078569089978e+00 3.582582443252161575e+00 4.044059075770154443e+00 4.143448946907515307e+00 4.210620832747952846e+00
-8.594274487474199420e-01 -7.109371528840163768e-01 -6.394050502155183002e-01 -5.424082551747910763e-01 -4.117258062299248289e-01 8.783017736500098316e-02 3.094341200765798883e-01 4.525381253767852274e-01 6.217863168610472391e-01 7.208026382344591143e-01 7.653163855008406902e-01 8.212391266025257375e-01 8.636711920428595812e-01 9.918707020081743986e-01 1.125285655494358661e+00 1.475007659037774754e+00 1.505510027222501490e+00 1.573432505215149879e+00 1.762224113388095148e+00 1.777185327883019417e+00 1.986538863190838722e+00 2.382487087199394615e+00 2.777332610072415608e+00 2.934436682226767790e+00 2.997549210813565956e+00 3.073299713203367034e+00 3.605057344472823111e+00 4.050573139023462943e+00 4.128290511620490655e+00 4.214955323947060961e+00
-8.569887648121262691e-01 -7.181214720343812585e-01 -6.426962866542249575e-01 -5.412088528571616930e-01 -4.167962959231233389e-01 1.888970346800944167e-01 2.340451345251740312e-01 4.726704244690513868e-01 6.417675490852153830e-01 7.379565854455703011e-01 8.072477968789979474e-01 8.319633675312838594e-01 8.553345267878310620e-01 9.594754496191644222e-01 1.082650635245788751e+00 1.479955495229234863e+00 1.533990590869769299e+00 1.569950005002604732e+00 1.748402808771917227e+00 1.767992749534304853e+00 1.986028218524400701e+00 2.380247620348789894e+00 2.803860281691118672e+00 2.948099814312238998e+00 3.010098296877719459e+00 3.025188847935636360e+00 3.612726581678339155e+00 4.057724346107614899e+00 4.117670819428846940e+00 4.216459505366955796e+00
-8.558120517489526957e-01 -7.126379701382251630e-01 -6.371457690259274553e-01 -5.422693781254430689e-01 -4.105140158301004427e-01 2.112716894134334389e-01 2.379146658390170477e-01 4.533895926537958587e-01 6.268802204242542864e-01 7.109343590759433784e-01 7.724430672215371052e-01 8.269748568382566667e-01 9.025256051845523819e-01 9.898910913975924597e-01 1.080767826608684423e+00 1.474480189378840178e+00 1.529811515743305206e+00 1.554351951993155900e+00 1.749727157977135183e+00 1.786762584739410409e+00 1.987782939068040600e+00 2.380250105620913992e+00 2.777115116988476462e+00 2.952661739341324587e+00 2.976167903415954719e+00 3.075314478486411041e+00 3.611629381453403287e+00 4.032405954020766181e+00 4.143592187032023588e+00 4.214899960012298052e+00
-8.499382959733455811e-01 -6.971474161176099971e-01 -6.253725786289524580e-01 -5.367350320415906761e-01 -3.962633048982368011e-01 2.034882941857441563e-01 2.444031821109632907e-01 4.213621244760347717e-01 5.877335886829276879e-01 6.632779858417221508e-01 7.262262577929343710e-01 8.227941698407343907e-01 9.748786185626147072e-01 1.038230368240304458e+00 1.079024877722558395e+00 1.457379471534048898e+00 1.494626889266459369e+00 1.540267594585585487e+00 1.755569983217281971e+00 1.829391377468484681e+00 1.986295331654436058e+00 2.379725889762394964e+00 2.732578922041484670e+00 2.886414317723652978e+00 3.029374426836586309e+00 3.128447016315926810e+00 3.608618780073142407e+00 3.993782599334766648e+00 4.182203188026744733e+00 4.208994395878599803e+00
-8.392986424802791889e-01 -6.727100887284837016e-01 -6.074045461261208256e-01 -5.227062321974281778e-01 -3.760845706788020215e-01 1.408329165687836060e-01 2.490636241226838465e-01 3.875979430575660634e-01 5.227979089190293305e-01 6.107835387597484456e-01 7.046019469663015178e-01 8.110194056692390241e-01 1.030620208089620293e+00 1.064516282905766609e+00 1.118499287345319226e+00 1.421301490341813523e+00 1.443156230271665397e+00 1.538697863275276134e+00 1.766530171085747503e+00 1.877431004500415890e+00 1.982673420749099913e+00 2.377261138774237725e+00 2.687084287000939042e+00 2.815916478850425175e+00 3.092554113948490446e+00 3.178434310019693232e+00 3.604280217733602854e+00 3.954118214049520574e+00 4.198026520899959202e+00 4.221768923903999493e+00
-8.239745082664140519e-01 -6.418623941698612390e-01 -5.825633624921526810e-01 -4.977192387525660733e-01 -3.557213794796326711e-01 -1.378774577308427007e-01 2.488456792414152074e-01 3.646532652476023872e-01 4.303570369840353238e-01 5.776197285089496036e-01 6.889140270707972968e-01 7.935896363408820875e-01 1.019750852942366004e+00 1.129683712122382389e+00 1.179571827779801962e+00 1.360238296551202319e+00 1.401958341787726159e+00 1.538551221902152655e+00 1.781682250901798881e+00 1.924182518495694660e+00 1.978621663917695672e+00 2.370619026913727723e+00 2.645994589151063447e+00 2.742031694309107426e+00 3.159416459817940837e+00 3.225207895984573803e+00 3.599630582739914875e+00 3.915642657560107320e+00 4.182968980331772002e+00 4.258894939282063419e+00
-8.042820129872497725e-01 -6.086399853078251487e-01 -5.504604518580421546e-01 -4.592705389107199498e-01 -3.570150809742470566e-01 -2.228741009665433648e-01 2.173176547170868333e-01 3.286102020604096952e-01 3.581503385572130660e-01 5.565148089077205373e-01 6.743805319198001857e-01 7.716862513664612955e-01 9.955102827038488922e-01 1.199569785033912650e+00 1.232830462642768632e+00 1.301451680063404392e+00 1.356701292306521589e+00 1.538841692819353568e+00 1.800978832129441320e+00 1.966419440683957909e+00 1.976390942472039614e+00 2.357211724223327032e+00 2.611867906469627076e+00 2.665293419118313967e+00 3.226422311693119216e+00 3.268724774455681992e+00 3.596256522592426119e+00 3.879275487535786215e+00 4.163108233673637137e+00 4.293231408320732356e+00
-7.808548539788270348e-01 -5.764165456222045680e-01 -5.145547821680800382e-01 -4.287244159251584752e-01 -3.709472208062490894e-01 -2.323135998050549489e-01 -6.301541633808525888e-02 2.944563957594968917e-01 3.556817762826481877e-01 5.415023736085859962e-01 6.610364174869152176e-01 7.464698726299009435e-01 9.682293196683250391e-01 1.210792925202077708e+00 1.260487158885458259e+00 1.306254584678664843e+00 1.318656307059096200e+00 1.539564958947145401e+00 1.824876854783266555e+00 1.975121867663936381e+00 2.005231416723753934e+00 2.335044354691647062e+00 2.583679414208202463e+00 2.588786113520226806e+00 3.289721694922274509e+00 3.309040909476880010e+00 3.596593537363598880e+00 3.845609296485288375e+00 4.138605033482229523e+00 4.324012546148310321e+00
-7.546849912914913583e-01 -5.510475722511447572e-01 -4.874775821467171588e-01 -4.505648373428649545e-01 -3.289211218522030133e-01 -2.681285499838089170e-01 -1.390808487491156653e-01 2.926235816078113783e-01 3.710282856400289320e-01 5.309435745721898803e-01 6.496347964871502789e-01 7.195739568852438373e-01 9.409068638419393338e-01 1.150216783323491754e+00 1.233214253623395207e+00 1.339287274748363510e+00 1.363924846723633566e+00 1.541104595363527396e+00 1.854201257668262937e+00 1.978832623917788469e+00 2.037206821409790702e+00 2.303834209152670454e+00 2.505623708718091258e+00 2.568997713919665582e+00 3.341243948323152413e+00 3.349291615272366407e+00 3.604217928336813870e+00 3.815133313744941912e+00 4.109723137981207586e+00 4.350739074265505657e+00
-7.270546235725835471e-01 -5.550327763767587408e-01 -4.853108557755544394e-01 -4.402047346559758156e-01 -3.624440088062849674e-01 -1.907382375098858052e-01 -1.087406622508017978e-01 3.008713347745114453e-01 4.137407483912793893e-01 5.246429964268769508e-01 6.406085064427489151e-01 6.942580715608190900e-01 9.163961567841913958e-01 1.090199392314686211e+00 1.168780190016718956e+00 1.392367488497697536e+00 1.408492950245603392e+00 1.544305160814317901e+00 1.889932296534064360e+00 1.987353711452315208e+00 2.063342826781669803e+00 2.265178460477225375e+00 2.424915939383599284e+00 2.558130466311119289e+00 3.374806563688135697e+00 3.389992281520511685e+00 3.623094182613987968e+00 3.788356524738361486e+00 4.077076608653916523e+00 4.373039354192707506e+00
-6.992882259128246902e-01 -5.799597216279652745e-01 -5.132892474531300930e-01 -4.075103419013105799e-01 -3.415175075172168784e-01 -1.627155333633533707e-01 4.181486287847644562e-02 3.157820826016425886e-01 4.746818262203298389e-01 5.227378320055796612e-01 6.350702240096526285e-01 6.781540596401800514e-01 8.979678012226373074e-01 1.034631492868450131e+00 1.098608128849825949e+00 1.434898369106343052e+00 1.445117103186346341e+00 1.550526348368317375e+00 1.932819272103352581e+00 2.001858350896987382e+00 2.083464366919251187e+00 2.221647978627303566e+00 2.345138225515998265e+00 2.551830977351895235e+00 3.401461692096731770e+00 3.416834179776814917e+00 3.653987974039937914e+00 3.765924848636236888e+00 4.041976020220146459e+00 4.390637910881194372e+00
-6.723105203110982808e-01 -6.020190736613963978e-01 -5.537472365866058510e-01 -3.573692695193456670e-01 -2.943097700510427517e-01 -1.788126248415191077e-01 7.035358134611953418e-02 3.304534344036299531e-01 5.093236847314415172e-01 5.314896602274353787e-01 6.346272704393480790e-01 6.897542066522910353e-01 8.891618690542604231e-01 9.853735348869830935e-01 1.026385641533374082e+00 1.463766772188966003e+00 1.470790006248120951e+00 1.560409355580540058e+00 1.982830536420949086e+00 2.023382948936226722e+00 2.097384367252717929e+00 2.176006046335168698e+00 2.268175761048275341e+00 2.548381902141021005e+00 3.421661262372670098e+00 3.431101279220778455e+00 3.691014851457861123e+00 3.748732850776821390e+00 4.007216810452137956e+00 4.403337719691300833e+00
-6.461379269493334743e-01 -6.158961561433584642e-01 -5.890707015581218009e-01 -3.060615814918496991e-01 -2.508465182736514532e-01 -1.853652752505666468e-01 -5.462928041126900724e-02 3.337521203263710823e-01 5.170141219588707537e-01 5.353006115103551288e-01 6.340157700082689196e-01 7.372227926830275946e-01 8.926368655987925171e-01 9.446408760529989568e-01 9.586921654191870035e-01 1.480364930523758282e+00 1.484069788326544348e+00 1.570580200284039218e+00 2.037980916122354547e+00 2.052443877940630657e+00 2.103868003187736146e+00 2.131051598159489746e+00 2.198299143095710395e+00 2.546692811196660244e+00 3.433970464177381832e+00 3.437949106000618649e+00 3.722743547112742579e+00 3.738165630285363861e+00 3.978772016389447774e+00 4.411007439592955492e+00
-6.228249933760321433e-01 -6.195071189064738082e-01 -6.164977571494441033e-01 -2.671871665299612730e-01 -2.609013150476625631e-01 -1.416998580737927060e-01 -1.266500645661532976e-01 3.311999900582000000e-01 5.247633566626328516e-01 5.285435889648141261e-01 6.334478167559899342e-01 7.703010593525158045e-01 9.032673293576987117e-01 9.207104230004156120e-01 9.230730337385193440e-01 1.485898118043874394e+00 1.487792342282744373e+00 1.574907794781876147e+00 2.082394328526151916e+00 2.084245531110290983e+00 2.092808939437711402e+00 2.096267538915577155e+00 2.159569514305115678e+00 2.546188787945720566e+00 3.437354707587550351e+00 3.440734225467835472e+00 3.731861694323118428e+00 3.738628472255860480e+00 3.967004824480856673e+00 4.413572122011757415e+00
-6.474424226849828656e-01 -6.117746301121522734e-01 -5.908679868289846704e-01 -2.928734275739336423e-01 -2.625905942776592394e-01 -1.939110403411295758e-01 -6.118034799893079523e-02 3.308321231049470290e-01 5.101689004572075303e-01 5.450197561516539890e-01 6.340176657602817345e-01 7.325147504932814080e-01 8.995851702190037491e-01 9.300233063622170837e-01 9.709433291061504434e-01 1.473088076804983881e+00 1.490246872247734222e+00 1.570811509171747389e+00 2.038635363212444762e+00 2.047241960288817886e+00 2.103784573655866907e+00 2.135184220259330079e+00 2.199277676440527962e+00 2.546776025867834470e+00 3.435091655209749906e+00 3.436335816606255200e+00 3.720104150040425495e+00 3.740057324837267938e+00 3.979794642434272500e+00 4.410709310091578850e+00
-6.709602524683772051e-01 -5.975473581220215324e-01 -5.561712441275823426e-01 -3.425814531893688897e-01 -2.880712738349270330e-01 -2.278366103355048689e-01 -2.506089975858437000e-02 3.303078759794839114e-01 4.831802466573609234e-01 5.691272327051595248e-01 6.347519924520669266e-01 6.686776536949324834e-01 9.089750159191497536e-01 9.643105245217578059e-01 1.043301658599300463e+00 1.446396932802564983e+00 1.485116910809439306e+00 1.559940906362522473e+00 1.983833128932161127e+00 2.011122368478261091e+00 2.101298226012448644e+00 2.184777938516584417e+00 2.268491196031306334e+00 2.548965076126167073e+00 3.420558227592866984e+00 3.430231551288875025e+00 3.685797218247841567e+00 3.752014084578007669e+00 4.010246012298647855e+00 4.402171058277489557e+00
-6.915316743434044566e-01 -5.807449287831125684e-01 -5.138454975195154706e-01 -3.970527495346362623e-01 -3.231711206815431892e-01 -2.526038807006010800e-01 -1.064768883144272399e-01 3.271916185200089422e-01 4.451227759667369388e-01 5.745938678239764785e-01 6.263387072519412957e-01 6.463939223016991198e-01 9.315784214239548611e-01 1.011880294454319484e+00 1.117529627788103941e+00 1.404859650254288939e+00 1.472724067137745951e+00 1.544895476607142992e+00 1.933910664272036950e+00 1.981657697054640677e+00 2.095027217472603009e+00 2.234849441327735331e+00 2.342378444832066808e+00 2.554464869556706041e+00 3.393056445502166341e+00 3.421390928122796105e+00 3.645104431214409857e+00 3.771869465124110921e+00 4.046749329159174735e+00 4.388109842526107585e+00
-7.089278580469964286e-01 -5.703453711432497908e-01 -4.727053936415966384e-01 -4.373738048186811556e-01 -3.586513013092927360e-01 -2.693024193615548012e-01 -2.037134809219185161e-01 3.243011147881570966e-01 4.126780017357670194e-01 5.545859487416706646e-01 6.324937509183258255e-01 6.550483373705985324e-01 9.671463105657635007e-01 1.066492050766055355e+00 1.188408786348271962e+00 1.349434582420581341e+00 1.453866085647098849e+00 1.527202484916133418e+00 1.892090412243183417e+00 1.957266662982804606e+00 2.086220628268783628e+00 2.282903787459093614e+00 2.412795161408639366e+00 2.568117078441881418e+00 3.351417212921300237e+00 3.409386902652806306e+00 3.607573346714991303e+00 3.798491533538557174e+00 4.082822062480643055e+00 4.368786658177149285e+00
-7.228212118316313939e-01 -5.730083140904012051e-01 -4.985834407416426250e-01 -4.285518587399231860e-01 -3.774862125732640350e-01 -3.226429060051972386e-01 -1.967915989331278648e-01 3.335519520997909937e-01 3.959325123323710893e-01 5.454819601492526537e-01 6.347015999243863504e-01 6.693508093794353631e-01 1.014345518059546203e+00 1.123181232518106309e+00 1.251731674430454522e+00 1.285309329740758955e+00 1.429823953563856609e+00 1.507498394180554646e+00 1.859178484585866320e+00 1.936226543822500590e+00 2.075425450199227306e+00 2.326371147124995709e+00 2.468149818328436496e+00 2.600931992272348392e+00 3.296156617081414275e+00 3.394327342327084995e+00 3.577113676834734246e+00 3.830876202862443680e+00 4.115432093028291050e+00 4.344583408716849782e+00
-7.328316074136649316e-01 -5.889131406684930958e-01 -5.376962903660650328e-01 -4.645093003325758696e-01 -3.944391599844738749e-01 -3.365358628512418182e-01 8.397010877601188139e-02 3.447731893577103968e-01 4.011731362175364191e-01 5.500589352349202210e-01 6.308825903893802156e-01 6.835820870687970841e-01 1.069782630555556668e+00 1.169842669910531985e+00 1.215577659259404308e+00 1.311255504763481960e+00 1.406065582495193311e+00 1.486384373361074873e+00 1.834692982876711564e+00 1.916986679510570335e+00 2.063195662151826149e+00 2.362296361844596682e+00 2.502004070844938255e+00 2.659959024101729685e+00 3.230565074558702232e+00 3.376312944991097797e+00 3.553558761313142522e+00 3.867991088216480744e+00 4.143084907445865994e+00 4.316027371165636062e+00
-7.386764796471744221e-01 -6.135310043614196074e-01 -5.733119763977929662e-01 -5.037606746344157616e-01 -4.261840981865746003e-01 -3.082226647890020654e-01 2.141762843730908028e-01 3.347104224016576590e-01 4.500721378369417769e-01 5.625874190584926327e-01 6.298155249243200249e-01 6.965903636443543379e-01 1.114561631485523119e+00 1.130199632818659650e+00 1.240247398259939127e+00 1.332063157191081482e+00 1.409537890602936550e+00 1.464865903580355511e+00 1.817220389764813371e+00 1.898581595255106613e+00 2.050184811223710213e+00 2.387790170848138160e+00 2.526348409474731938e+00 2.734105435566919873e+00 3.159081950473817013e+00 3.355536247545562123e+00 3.535156555792662303e+00 3.908771779000903557e+00 4.164948328720471160e+00 4.283851169926968794e+00
-7.404803650211619903e-01 -6.400884230256098650e-01 -6.010772743433342447e-01 -5.319006491748928811e-01 -4.468389029690957859e-01 -2.800091808640005064e-01 2.383313289153930203e-01 3.208933974852777871e-01 4.996915040151755916e-01 5.750482372929074382e-01 6.527816719035264281e-01 7.105603742712620630e-01 1.030911524985306027e+00 1.185777667444105177e+00 1.273232088643598159e+00 1.325112790345013281e+00 1.433637013470777655e+00 1.459391281367180992e+00 1.804873697309656633e+00 1.880944274010656558e+00 2.037216661471442869e+00 2.402128995051929561e+00 2.551325339290233085e+00 2.811769104868035996e+00 3.086279384388147307e+00 3.332372581782361731e+00 3.520274369539236670e+00 3.952117909261378514e+00 4.180299970430619183e+00 4.249228177117319483e+00
-7.393395082424667475e-01 -6.599435164614865235e-01 -6.209256641468775539e-01 -5.495426278836339495e-01 -4.591943212717294887e-01 -2.594324744291269802e-01 2.037297101249166409e-01 3.240693062207844477e-01 5.024441472730769576e-01 5.989106034573388193e-01 6.838245848907708035e-01 7.444146406091258772e-01 9.460302383792548175e-01 1.219985424015003428e+00 1.274326750490372362e+00 1.353434471212754842e+00 1.414751343210624457e+00 1.500494779009634350e+00 1.795855805413806072e+00 1.864994714520785246e+00 2.025501578895390953e+00 2.408000659162037316e+00 2.578187866119655336e+00 2.883908892921454470e+00 3.019150087242427283e+00 3.307429621345503001e+00 3.507866127774128984e+00 3.996880937573354053e+00 4.186353190575829331e+00 4.215838715996471642e+00
-7.377740441244406977e-01 -6.670412629167619123e-01 -6.336969084641662642e-01 -5.575700128528808808e-01 -4.645152494341320826e-01 -2.549039684167739295e-01 1.095944933218627737e-01 3.390413083900574165e-01 4.821525861537637181e-01 6.258470877289725731e-01 6.828766960170239431e-01 7.927708945963909404e-01 8.845191819657215460e-01 1.200607149940634333e+00 1.305649816098771510e+00 1.378713047331314945e+00 1.404785198100518606e+00 1.537181893603092764e+00 1.789588078954795547e+00 1.851871481294970145e+00 2.017091352495897105e+00 2.409464803884003192e+00 2.604432530847231142e+00 2.911225991204430485e+00 2.996706638588785943e+00 3.281592688588283124e+00 3.497532162546430623e+00 4.041784871364392018e+00 4.166311663600836823e+00 4.201861504119952961e+00
-8.060823029260621997e-01 -6.718074551052561905e-01 -6.267555045260122526e-01 -5.531417527181411442e-01 -4.563363943736967188e-01 5.981679040913909923e-02 1.475080526325046049e-01 3.682640548284660253e-01 5.258953642865095146e-01 6.132959482660248485e-01 6.630896826043350956e-01 8.042008781073324286e-01 8.689383266528131200e-01 1.189773992047930662e+00 1.321992633145164797e+00 1.359206408079711492e+00 1.403634144308241849e+00 1.537298380852181179e+00 1.805867651205092406e+00 1.859990930024232547e+00 2.011141380747522245e+00 2.399466614359407224e+00 2.604337981049426709e+00 2.910806076459970804e+00 2.995952672714435661e+00 3.286090954749695037e+00 3.498152399803525991e+00 4.047261204120310651e+00 4.163062408820936255e+00 4.199227689539875463e+00
-7.725240598337370646e-01 -6.722954733323055487e-01 -6.350972368632482601e-01 -5.185345208574959619e-01 -4.201073027611439414e-01 -2.021165550216500739e-01 -1.150048769654496428e-01 3.377093967463331570e-01 5.196340371188665763e-01 6.325658154491911045e-01 7.009845722363242659e-01 7.912964591893364430e-01 8.490701816413069869e-01 1.140847748738983203e+00 1.289817279812689899e+00 1.378116710660816979e+00 1.426239343467836207e+00 1.561611880302888444e+00 1.837382356740773881e+00 1.890551609364875096e+00 1.979277853536302034e+00 2.389786574976814126e+00 2.640012971517952778e+00 2.951623458801519551e+00 3.027315337691363517e+00 3.223221899125586098e+00 3.472203153286079313e+00 4.070452595290800168e+00 4.134061454278485037e+00 4.190808523038284328e+00
-7.204390464044488906e-01 -6.845986858170403089e-01 -6.244624940589317275e-01 -4.642808355778718088e-01 -3.856064780036842499e-01 -2.956201192929573396e-01 -2.201813279616813279e-01 2.770513962799197594e-01 5.004297141608923249e-01 6.528893281946761551e-01 7.416523120075333431e-01 7.784678915803540100e-01 8.344135450976006840e-01 1.084319949660163207e+00 1.219203562760470261e+00 1.409782001120102768e+00 1.442313058959840300e+00 1.575230748871520925e+00 1.827271725912616995e+00 1.865811601851717461e+00 1.920166993055894222e+00 2.380801948019481973e+00 2.701157249648613590e+00 3.013315329230613404e+00 3.112457356237674500e+00 3.217814883130670545e+00 3.448277625529293733e+00 4.062171119617496551e+00 4.085715958410760962e+00 4.154726075729588075e+00
-7.066570708661453759e-01 -6.521054547205212826e-01 -5.895259935490084757e-01 -4.160783733517109395e-01 -3.695239438286366807e-01 -3.094061392024237134e-01 -2.985247689828414153e-01 1.975558946753401546e-01 4.953892393131277272e-01 6.619769572550924241e-01 7.464752445874537345e-01 7.787965293603115180e-01 8.181971402308210184e-01 1.021349616098463198e+00 1.135840236745067955e+00 1.428065102410430276e+00 1.451644608661237790e+00 1.581055092355667213e+00 1.790609960688144708e+00 1.794736463941981608e+00 1.865163873712138543e+00 2.361116290564179376e+00 2.759698087322580928e+00 3.103429731313918083e+00 3.227711869393883326e+00 3.278460715566319461e+00 3.432419238346831047e+00 4.017576372968010290e+00 4.026991570376068807e+00 4.090152034076036003e+00
-7.273685480108588175e-01 -5.714434385565927421e-01 -5.340585763240072170e-01 -4.401346452236614137e-01 -3.798401033630489643e-01 -3.226000697183839527e-01 -2.041424693037236782e-01 1.325050439639677557e-01 5.021512542665835799e-01 6.455798996509838350e-01 7.020861785884391360e-01 7.854746033086410506e-01 8.144718114950779686e-01 9.583940267172655902e-01 1.039733091052205349e+00 1.437472684768434927e+00 1.455200846530606773e+00 1.582898741428216960e+00 1.722468539426958545e+00 1.741304618702630869e+00 1.829276082273837423e+00 2.333594385331868803e+00 2.800456126129244883e+00 3.203106813642747408e+00 3.347725691252221303e+00 3.380497474136976432e+00 3.442414271201231113e+00 3.945174906297006512e+00 3.960511330798862861e+00 4.001473047895227175e+00
-7.417843548885948435e-01 -4.937763056246995963e-01 -4.728946054762789841e-01 -4.576649036117995117e-01 -4.321356239023067536e-01 -2.370547748020835344e-01 -1.079493215902779524e-01 1.709367929924599239e-01 5.140408128179240199e-01 5.894654757299651049e-01 6.276065460273325680e-01 8.027065033622209356e-01 8.257674277266968677e-01 9.063334769423253556e-01 9.434662620615127393e-01 1.443765796233872800e+00 1.453906342317938138e+00 1.584134988597694971e+00 1.680414272186300684e+00 1.694029078301003466e+00 1.814037576431114740e+00 2.310839386140957519e+00 2.824090255376247693e+00 3.260360617130163341e+00 3.449905481027120580e+00 3.487301094430442561e+00 3.500692962280706144e+00 3.873091204359161210e+00 3.885340483623858088e+00 3.904557536401746187e+00
-7.469055793135689347e-01 -4.743510487762185868e-01 -4.718507070352696009e-01 -4.346510125358890586e-01 -4.300093017447812471e-01 -1.214598226450269297e-01 -1.073230962805040989e-01 2.024619856808746732e-01 5.429630280961995625e-01 5.489565996197763864e-01 5.578605793907567278e-01 8.303982541837808817e-01 8.349245560149660683e-01 8.835118081223799491e-01 8.847331697790229432e-01 1.448866605024602183e+00 1.450106197887210513e+00 1.585095359357178157e+00 1.670162402453664541e+00 1.672398336037011379e+00 1.810127262236986612e+00 2.302225185578616440e+00 2.831935841906336293e+00 3.272879855688620943e+00 3.495064264348491712e+00 3.543982725878615625e+00 3.546341802695645029e+00 3.835566229833187624e+00 3.841010149435920784e+00 3.855844059287352188e+00
