-1.048002174999432157e+00
-1.020138325073325580e+00
-9.922744751472193370e-01
-9.644106252211130936e-01
-9.365467752950065172e-01
-9.086829253689000518e-01
-8.808190754427936975e-01
-8.529552255166872321e-01
-8.250913755905808777e-01
-7.972275256644744124e-01
-7.693636757383679470e-01
-7.414998258122615926e-01
-7.136359758861551272e-01
-6.857721259600487729e-01
-6.579082760339423075e-01
-6.300444261078358421e-01
-6.021805761817294878e-01
-5.743167262556230224e-01
-5.464528763295166680e-01
-5.185890264034102026e-01
-4.907251764773037928e-01
-4.628613265511973829e-01
-4.349974766250909730e-01
-4.071336266989845076e-01
-3.792697767728780978e-01
-3.514059268467716879e-01
-3.235420769206652780e-01
-2.956782269945588681e-01
-2.678143770684524028e-01
-2.399505271423459929e-01
-2.120866772162395830e-01
-1.842228272901331732e-01
-1.563589773640267355e-01
-1.284951274379203257e-01
-1.006312775118139019e-01
-7.276742758570736713e-02
-4.490357765960106134e-02
-1.703972773349474168e-02
1.082412219261178268e-02
3.868797211871830705e-02
6.655182204482462671e-02
9.441567197093093944e-02
1.222795218970374603e-01
1.501433718231439951e-01
1.780072217492503217e-01
2.058710716753566206e-01
2.337349216014631414e-01
2.615987715275696623e-01
2.894626214536760167e-01
3.173264713797823156e-01
3.451903213058888364e-01
3.730541712319953573e-01
4.009180211581016562e-01
4.287818710842080105e-01
4.566457210103145314e-01
4.845095709364210523e-01
5.123734208625273512e-01
5.402372707886337055e-01
5.681011207147401709e-01
5.959649706408467473e-01
6.238288205669529907e-01
6.516926704930593450e-01
6.795565204191659214e-01
7.074203703452723868e-01
7.352842202713787412e-01
7.631480701974849845e-01
7.910119201235915609e-01
8.188757700496981373e-01
8.467396199758043807e-01
8.746034699019107350e-01
9.024673198280174224e-01
9.303311697541237768e-01
9.581950196802301312e-01
9.860588696063363745e-01
1.013922719532442729e+00
1.041786569458549527e+00
1.069650419384655882e+00
1.097514269310762014e+00
1.125378119236868812e+00
1.153241969162975167e+00
1.181105819089081521e+00
1.208969669015187876e+00
1.236833518941294008e+00
1.264697368867400806e+00
1.292561218793507161e+00
1.320425068719613515e+00
1.348288918645720091e+00
1.376152768571826446e+00
1.404016618497932800e+00
1.431880468424039154e+00
1.459744318350145509e+00
1.487608168276252085e+00
1.515472018202358440e+00
1.543335868128464794e+00
1.571199718054571592e+00
1.599063567980677947e+00
1.626927417906784079e+00
1.654791267832890433e+00
1.682655117758996788e+00
1.710518967685103586e+00
1.738382817611209941e+00
1.766246667537316295e+00
1.794110517463422871e+00
1.821974367389529226e+00
1.849838217315635580e+00
1.877702067241741934e+00
1.905565917167848289e+00
1.933429767093954643e+00
1.961293617020060998e+00
1.989157466946167352e+00
2.017021316872274372e+00
2.044885166798380727e+00
2.072749016724487081e+00
2.100612866650593435e+00
2.128476716576699790e+00
2.156340566502806144e+00
2.184204416428912499e+00
2.212068266355018853e+00
2.239932116281125651e+00
2.267795966207232006e+00
2.295659816133338360e+00
2.323523666059444714e+00
2.351387515985551069e+00
2.379251365911657423e+00
2.407115215837763778e+00
2.434979065763870132e+00
2.462842915689977374e+00
2.490706765616083729e+00
2.518570615542189639e+00
2.546434465468295993e+00
2.574298315394402348e+00
2.602162165320508702e+00
2.630026015246615056e+00
2.657889865172721411e+00
2.685753715098828653e+00
2.713617565024935008e+00
2.741481414951041362e+00
2.769345264877147716e+00
2.797209114803254071e+00
2.825072964729359981e+00
2.852936814655467224e+00
2.880800664581573578e+00
2.908664514507679932e+00
2.936528364433786287e+00
2.964392214359892641e+00
2.992256064285998995e+00
3.020119914212105350e+00
3.047983764138211704e+00
3.075847614064318059e+00
3.103711463990424857e+00
3.131575313916531211e+00
3.159439163842637566e+00
3.187303013768743920e+00
3.215166863694850274e+00
3.243030713620956629e+00
3.270894563547062983e+00
3.298758413473170226e+00
3.326622263399276580e+00
3.354486113325382490e+00
3.382349963251488845e+00
3.410213813177595199e+00
3.438077663103701553e+00
3.465941513029807908e+00
3.493805362955914262e+00
3.521669212882020616e+00
3.549533062808127859e+00
3.577396912734234213e+00
3.605260762660340568e+00
3.633124612586446478e+00
3.660988462512552832e+00
3.688852312438659187e+00
3.716716162364765541e+00
3.744580012290872784e+00
3.772443862216979138e+00
3.800307712143085492e+00
3.828171562069191847e+00
3.856035411995298201e+00
3.883899261921404555e+00
3.911763111847510466e+00
3.939626961773616820e+00
3.967490811699723174e+00
3.995354661625830417e+00
4.023218511551936771e+00
4.051082361478043126e+00
4.078946211404149480e+00
4.106810061330255834e+00
4.134673911256362189e+00
4.162537761182468543e+00
4.190401611108575786e+00
4.218265461034682140e+00
4.246129310960788494e+00
4.273993160886894849e+00
4.301857010813001203e+00
4.329720860739106669e+00
4.357584710665213024e+00
4.385448560591319378e+00
4.413312410517425732e+00
4.441176260443532975e+00
4.469040110369639329e+00
4.496903960295745684e+00
