-2.860715108128395021e-05 -9.133132307807446276e-06 3.028731557124484594e-08 8.978895818138851737e-02 1.000332382446252888e+00 1.239735110897504100e+00 1.239989232330870106e+00 1.338168977753194655e+00 1.338570024096069844e+00 1.339333102884226578e+00 1.339631203081317334e+00 1.344318159208056196e+00 1.405394730665159075e+00 1.556081881510866349e+00 1.556573640890869692e+00 1.828072505331685749e+00 1.829703113475358744e+00 1.985628439784796528e+00 1.985833454169568801e+00 2.032232524920559946e+00 2.033899738701416382e+00 2.172819537288722902e+00 2.224094308219533911e+00 2.361233170377224688e+00 2.361233262290572288e+00 2.942404003217155228e+00 2.977955613771437804e+00 3.426931429946867613e+00 3.427156150223243269e+00 3.803417328474464121e+00
-8.221341987503040516e-02 5.223483122930785288e-02 1.022818240182022248e-01 1.403752601754191531e-01 9.938943603920569192e-01 1.225428491508079309e+00 1.238262164068185234e+00 1.327965848568736673e+00 1.332371763975566115e+00 1.335731652033641526e+00 1.341499541281883534e+00 1.352813239743922535e+00 1.417791962213591939e+00 1.559281456125922505e+00 1.564255175643777473e+00 1.827735208615408835e+00 1.831421857946624820e+00 1.985236128309861181e+00 1.986080461618936921e+00 2.030925201738316144e+00 2.032888049132600461e+00 2.172532591910348643e+00 2.226300235745855449e+00 2.361333406979963634e+00 2.362008964026402591e+00 2.936485747027270055e+00 2.977561222825996445e+00 3.425900306322434030e+00 3.434424593535949644e+00 3.803600133576213072e+00
-5.673652389452963490e-02 1.054608774422787082e-01 1.550602958625739158e-01 2.208419072422740936e-01 9.757304357517124771e-01 1.189235336257290276e+00 1.229602964377110697e+00 1.311013196281833437e+00 1.322040496158211731e+00 1.332203941149720627e+00 1.344853504174766012e+00 1.364489979771204453e+00 1.441733616549582653e+00 1.569848018610394247e+00 1.582358238718767796e+00 1.827552840753050134e+00 1.835119431227635767e+00 1.983927540319147198e+00 1.985909551391455752e+00 2.027272652134039621e+00 2.030943992205020088e+00 2.171693618112442437e+00 2.232797833657567121e+00 2.361791759052869200e+00 2.363932151153173677e+00 2.919633089464681142e+00 2.976414718361725775e+00 3.427382640112534240e+00 3.450794948849056354e+00 3.804133610522050457e+00
9.582156769654830153e-02 1.605814433093803451e-01 2.136922669905171324e-01 3.029963533607041293e-01 9.484557156764249486e-01 1.143092686315622331e+00 1.206256177860577150e+00 1.295988152549232941e+00 1.310207732568416272e+00 1.332166278491296874e+00 1.349957269008185357e+00 1.379229289888250998e+00 1.464316348124889533e+00 1.586203046738066336e+00 1.604421355141375072e+00 1.827569816658564550e+00 1.839100353122152143e+00 1.981264775687989976e+00 1.983001426757778685e+00 2.022297977489683429e+00 2.030785290626043960e+00 2.170239017001880821e+00 2.243269640449912394e+00 2.362572354303591027e+00 2.366433366215500822e+00 2.894297727756649063e+00 2.974619413421033087e+00 3.430069603707025294e+00 3.475271065953734251e+00 3.804975430761214028e+00
1.619088447853811730e-01 2.161981685621119087e-01 2.766336005840377976e-01 3.893193943812051083e-01 9.148237585044046716e-01 1.094063687644718286e+00 1.168696516563576759e+00 1.285040738680414796e+00 1.296450643135742098e+00 1.334406189571953227e+00 1.356759431925427251e+00 1.398323071643341908e+00 1.482164771701617312e+00 1.605421706644895252e+00 1.625403183671033203e+00 1.827298182492095080e+00 1.841944688273260633e+00 1.973121557663706005e+00 1.979533936594423560e+00 2.016778173608136271e+00 2.035044245809475516e+00 2.167967145890601355e+00 2.257148808279979768e+00 2.363667217916807228e+00 2.368857128020777303e+00 2.863901251033849071e+00 2.972331913172714390e+00 3.433354599555792586e+00 3.505308024612758366e+00 3.806061915912131166e+00
2.110140506066652544e-01 2.687655836521901098e-01 3.428055273971413186e-01 4.792859429541992400e-01 8.771667402630741739e-01 1.045969179620128031e+00 1.122454366043376117e+00 1.276002803937055452e+00 1.280762736709972094e+00 1.336922598044419930e+00 1.364872349112250083e+00 1.421438947359622951e+00 1.495574863052398840e+00 1.623976429723013704e+00 1.642273775317158124e+00 1.825038501299028004e+00 1.844417464667522877e+00 1.959879256312149653e+00 1.975929978311047330e+00 2.011458048266412391e+00 2.043360186373186504e+00 2.164738376686149213e+00 2.273489967027319203e+00 2.365036580747836847e+00 2.370786053272355254e+00 2.832196947157179068e+00 2.969745452691614496e+00 3.436793211380603008e+00 3.537935199533987607e+00 3.807314745688273216e+00
2.496495369140786236e-01 3.184484407145163343e-01 4.087456786964734912e-01 5.694323233895695058e-01 8.375172253356610863e-01 1.001383030107849015e+00 1.071168403746569187e+00 1.261313343395390252e+00 1.269890991172087702e+00 1.338945595249014575e+00 1.373854982778860201e+00 1.446900736348926575e+00 1.505154253200954972e+00 1.639306347415213860e+00 1.653347939630133157e+00 1.819035205466534633e+00 1.849324448079345151e+00 1.943429218446964368e+00 1.971507541661362550e+00 2.007110028033989746e+00 2.053839755018679991e+00 2.160647570655101379e+00 2.291004047334216143e+00 2.366597419132048241e+00 2.372133473400953818e+00 2.802641325219686230e+00 2.967071337508229600e+00 3.440036673730622496e+00 3.570259722559760096e+00 3.808646223885496784e+00
2.794602649187292731e-01 3.669258136924314906e-01 4.711971055674025743e-01 6.544557589714321555e-01 7.981965998938136408e-01 9.627498704471306734e-01 1.016693018702496953e+00 1.241349542843337206e+00 1.263814837185378570e+00 1.340422205092425045e+00 1.383311448145737366e+00 1.472757059366173182e+00 1.510765874705816358e+00 1.650369031079083060e+00 1.658058315594597376e+00 1.811220997913467690e+00 1.857542891382876205e+00 1.924489226581003409e+00 1.966054551221130486e+00 2.004205170073371178e+00 2.064607987668833911e+00 2.156047614608293639e+00 2.308228181576058802e+00 2.368214333376305269e+00 2.373038826120131173e+00 2.777812825873768432e+00 2.964521692136063979e+00 3.442837627422371760e+00 3.599756833367883324e+00 3.809962202685312604e+00
3.012616081229822496e-01 4.147560349136056868e-01 5.262084876543475787e-01 7.274675098528725625e-01 7.634833401204603742e-01 9.333365830705669941e-01 9.602790678648254197e-01 1.220462910144465951e+00 1.259245965946953927e+00 1.341449190199353048e+00 1.392859865302814804e+00 1.497114220869586010e+00 1.511930332488843121e+00 1.656582270465742246e+00 1.657745954854055404e+00 1.805876072266024535e+00 1.867830858737481670e+00 1.903798626599360055e+00 1.959617621503310980e+00 2.002766028468528248e+00 2.074127899316407397e+00 2.151481230790349475e+00 2.323693694193387227e+00 2.369688373120663716e+00 2.373687713217424111e+00 2.759046081727537736e+00 2.962295141930002984e+00 3.445050506309837779e+00 3.624435386017421656e+00 3.811162319972381862e+00
3.158531062236206721e-01 4.614887302094422550e-01 5.644024517812470387e-01 7.419930439436674963e-01 7.809065901624459016e-01 9.032694630194004759e-01 9.181494491619504039e-01 1.200693386311996846e+00 1.256065283963769597e+00 1.342109575683462452e+00 1.401912507829892629e+00 1.508704457973306878e+00 1.518252109397592475e+00 1.652108309515456508e+00 1.660908862551223386e+00 1.806471273270030764e+00 1.875552088219701874e+00 1.885299280357783269e+00 1.952748972168963260e+00 2.002407085670503406e+00 2.081366479129417968e+00 2.147575938392191297e+00 2.336047367305569278e+00 2.370780023833872985e+00 2.374191387602256231e+00 2.746467374507031156e+00 2.960564896489003672e+00 3.446617731620012393e+00 3.642889655106924529e+00 3.812139333589640522e+00
3.240918460996083938e-01 5.057333363096616630e-01 5.700821283959655039e-01 7.512720511775159427e-01 8.060339689814630670e-01 8.482403854326636683e-01 9.191599201698951171e-01 1.185463937772324394e+00 1.254209205840765673e+00 1.342468438168449074e+00 1.409089869248130178e+00 1.504036756044424772e+00 1.533032734619022674e+00 1.646588503002684778e+00 1.662176709042002098e+00 1.813294836892350492e+00 1.860516223578725814e+00 1.889192752138441733e+00 1.946821931026999408e+00 2.002541041944331912e+00 2.085811434808645615e+00 2.144930525184649106e+00 2.344114582424405846e+00 2.371343234702006253e+00 2.374549988161771541e+00 2.739438664582027894e+00 2.959467504408632266e+00 3.447541246816189453e+00 3.654252382210139150e+00 3.812784983576229969e+00
3.267330810500418403e-01 5.402803967149297781e-01 5.495470013733589898e-01 7.774724776820773897e-01 8.058496437778573940e-01 8.151598799237428361e-01 9.232217780503485516e-01 1.179509416600433402e+00 1.253602364038055805e+00 1.342580246067841099e+00 1.411979130427065243e+00 1.501687395251119161e+00 1.538569734961390489e+00 1.644092848479310476e+00 1.662425119448828204e+00 1.819371308866959414e+00 1.850278107604904854e+00 1.892538798986712623e+00 1.944291729442093830e+00 2.002653648632524597e+00 2.087300959508524123e+00 2.143992281858665194e+00 2.346945161700715321e+00 2.371484304126612930e+00 2.374685079065399052e+00 2.737203605955785157e+00 2.959091442960427809e+00 3.447844932600996337e+00 3.658083276673936179e+00 3.813011743825470035e+00
3.323608618042489526e-01 5.406818068523639997e-01 5.524974435703300379e-01 7.756068093447457956e-01 7.914617924413180905e-01 8.130555419574134746e-01 9.378377709117367012e-01 1.178307169845732361e+00 1.241614630092057192e+00 1.345221408852405709e+00 1.419530809968604368e+00 1.499140352962665457e+00 1.537256744356241267e+00 1.642120010291822751e+00 1.666053861291738603e+00 1.821193652468684698e+00 1.850827326377983084e+00 1.892936323865122672e+00 1.943491408221434069e+00 2.004583641478205447e+00 2.085129102397720313e+00 2.143181554076749595e+00 2.348640984753547656e+00 2.372575826541673649e+00 2.374608216057302990e+00 2.733560066820805989e+00 2.958908772430356660e+00 3.453644983234818167e+00 3.654533535751309348e+00 3.813145098997003934e+00
3.502567777665989146e-01 5.439400724042775526e-01 5.578995267754807141e-01 7.594561413815970052e-01 7.709158367859328953e-01 8.098631231364962213e-01 9.684553863697024090e-01 1.174756148082336304e+00 1.212645110376917135e+00 1.353113000214810624e+00 1.435623162328672153e+00 1.492013304355681580e+00 1.535438855431029426e+00 1.636399887528889430e+00 1.675215656633395334e+00 1.824862150217719359e+00 1.851021787316654565e+00 1.895218644461043267e+00 1.941723804070311754e+00 2.009953515003040980e+00 2.079340189775288117e+00 2.140482138042946847e+00 2.353378305320315000e+00 2.374377730693195243e+00 2.375238308048752689e+00 2.723982083753273997e+00 2.958426657464616749e+00 3.469798806322139662e+00 3.644407868222792946e+00 3.813452859395551009e+00
3.825086169238806622e-01 5.501673006777978436e-01 5.620946580293451067e-01 7.266954709947834878e-01 7.634526488623323282e-01 8.056851207107027513e-01 1.002198569227277902e+00 1.168456297363424268e+00 1.178391198253143868e+00 1.366089936175234332e+00 1.449908116434724947e+00 1.481463888364552783e+00 1.537991409847500712e+00 1.627204997398220998e+00 1.686496926524380324e+00 1.827089876549817360e+00 1.847258837756635463e+00 1.901283805048422426e+00 1.940461810211607574e+00 2.017799879740414415e+00 2.071568949084189537e+00 2.135591697065016614e+00 2.359999194584383009e+00 2.374242806269716066e+00 2.377950342053177124e+00 2.711976472045666497e+00 2.957817668748484508e+00 3.493069497071116469e+00 3.629062233978252117e+00 3.813753284632996898e+00
4.289285342990988292e-01 5.550893044580256230e-01 5.633478371570496135e-01 7.003578620647747943e-01 7.569463221862013924e-01 7.991299578909426549e-01 1.033657058416226127e+00 1.145436248683067149e+00 1.161998233671867276e+00 1.383244115452760825e+00 1.456371430437112036e+00 1.468732755155557568e+00 1.548759381367330823e+00 1.615041842792466875e+00 1.696914385083267085e+00 1.826097000511418100e+00 1.837805800116630417e+00 1.910800552512496919e+00 1.939969140839738149e+00 2.027207756647455117e+00 2.063330461417794748e+00 2.129091897506952158e+00 2.366713817432695599e+00 2.374249166495561170e+00 2.379546157679851337e+00 2.701792787462153456e+00 2.957293733127830393e+00 3.519415351591705932e+00 3.610197071022212878e+00 3.813931652832946106e+00
4.839213835237845540e-01 5.519386232334686504e-01 5.577958177400501594e-01 6.864654278608253168e-01 7.575246647141939960e-01 7.873437474640181399e-01 1.056407962211929563e+00 1.128651906780129499e+00 1.151105663842273419e+00 1.401678602451937872e+00 1.454035595677613424e+00 1.457892014202924580e+00 1.565990519195047614e+00 1.600625288329492024e+00 1.704428637066338181e+00 1.822003288506029328e+00 1.825849431422011504e+00 1.921438774260708193e+00 1.937864781958364313e+00 2.037410129341651110e+00 2.055285491328024072e+00 2.122931185981565161e+00 2.371895084605268877e+00 2.374418420302546018e+00 2.379095298388753665e+00 2.696786502648059525e+00 2.957029328264850765e+00 3.545170950567069657e+00 3.589381003615242260e+00 3.813983079088951733e+00
5.363230374744470952e-01 5.395542815240702561e-01 5.397013310908224115e-01 6.853032186523886349e-01 7.701255553698220790e-01 7.705743419309775133e-01 1.063648306492092299e+00 1.136726233096853944e+00 1.137084683442659339e+00 1.411478212143366884e+00 1.452471309734516103e+00 1.452646777758968444e+00 1.584356329813495279e+00 1.584578812479155108e+00 1.707126563497449956e+00 1.816866098400760521e+00 1.817381000527042545e+00 1.931105259163655496e+00 1.931368442312116906e+00 2.046931691722651436e+00 2.047681697664985645e+00 2.119833650690263749e+00 2.374530118121081834e+00 2.374554920746631659e+00 2.376116133507877315e+00 2.698338127639475559e+00 2.957122140988656334e+00 3.567594520151113890e+00 3.567862031210574436e+00 3.813944335081843828e+00
5.066627051871082088e-01 5.147820915130019159e-01 5.830841059990629072e-01 6.799011724022016034e-01 7.601062875716958489e-01 7.878398765641981827e-01 1.064799012116365073e+00 1.120138198785939343e+00 1.156306572605494187e+00 1.404572271233908376e+00 1.445085070478368428e+00 1.467712586890903559e+00 1.567854464274488269e+00 1.597937991242697642e+00 1.705368265313699228e+00 1.814697850207811713e+00 1.823189292992066779e+00 1.921688020794217966e+00 1.939440829113078468e+00 2.039484387307139102e+00 2.054207480638146510e+00 2.121248766243721828e+00 2.370952150849799711e+00 2.374473148601330408e+00 2.377665327442662679e+00 2.700442363154927250e+00 2.957292026694083198e+00 3.547953843323886414e+00 3.585029744186950307e+00 3.813892304341265138e+00
4.665023037021547303e-01 4.843923003399370208e-01 6.253436724217760201e-01 6.552666883655646757e-01 7.700868970530792001e-01 8.001640855118122841e-01 1.071941535596852235e+00 1.104370650151235367e+00 1.178210751495040620e+00 1.392348100796064303e+00 1.436610792265157865e+00 1.491691527493826719e+00 1.549337510998190837e+00 1.604779913924034629e+00 1.702260113860409207e+00 1.812540283485760684e+00 1.835576672777630147e+00 1.909920281177733381e+00 1.947359827808649690e+00 2.031557680077437311e+00 2.059215197863548230e+00 2.125318289689379192e+00 2.363907153024966235e+00 2.374029458531150993e+00 2.378560088674703810e+00 2.707204217400952739e+00 2.957870289910744965e+00 3.528405349971965865e+00 3.596603319917843322e+00 3.813666001069045297e+00
4.216494073907705586e-01 4.488945233487294795e-01 6.142991281806302606e-01 6.664851574644887755e-01 7.877650451246246410e-01 8.069905417095653011e-01 1.086845907433837244e+00 1.094913454832554311e+00 1.199504666243379480e+00 1.380491326389128304e+00 1.427720245191487214e+00 1.517745602415951245e+00 1.529416866988344115e+00 1.602853845739250271e+00 1.700649575569987082e+00 1.810864431019876042e+00 1.852554062939351542e+00 1.896580502625002218e+00 1.954853313429773198e+00 2.024335261176112954e+00 2.061602447133757732e+00 2.131254469421085762e+00 2.353541800248334148e+00 2.373263607125324803e+00 2.378455674175841139e+00 2.718921805676022707e+00 2.958926840866999086e+00 3.509654386574990959e+00 3.601372624966490577e+00 3.813186288999870222e+00
3.739513368858609077e-01 4.100420577430947122e-01 5.653864531790647741e-01 7.018265846277333964e-01 7.741302348070951966e-01 8.387144542180531293e-01 1.096188145266924874e+00 1.108327664143254898e+00 1.219326681701139448e+00 1.370398259578627709e+00 1.418750703032787053e+00 1.506301998753045046e+00 1.544532304254591759e+00 1.593127523681015401e+00 1.699919978817777233e+00 1.810253166261962976e+00 1.871557539738732512e+00 1.883363575266582268e+00 1.961752976735014142e+00 2.018252408055031477e+00 2.061258460487780830e+00 2.138217095188407413e+00 2.339900291650602426e+00 2.372196191073144167e+00 2.377572055594655343e+00 2.735601567423866953e+00 2.960483727695305767e+00 3.492277577348840367e+00 3.598744019148873541e+00 3.812400716874958295e+00
3.245645175182247932e-01 3.689897793866840914e-01 5.113495230246143386e-01 7.002247005108479527e-01 7.719840545969648415e-01 8.817762454388724525e-01 1.108169996582885508e+00 1.134475058839368167e+00 1.237511872463839424e+00 1.362183434867899612e+00 1.409936159340404727e+00 1.482486910859368567e+00 1.567022952808982295e+00 1.578259860651342494e+00 1.697235927463291549e+00 1.811047494909432842e+00 1.867421565914155757e+00 1.895195514541450521e+00 1.967859751850539407e+00 2.013712302999691062e+00 2.058333823538089025e+00 2.145490811318278013e+00 2.323494688943060105e+00 2.370869757500794872e+00 2.376093746066081813e+00 2.756972177168292681e+00 2.962504975608122759e+00 3.476700566635991585e+00 3.588754597327567630e+00 3.811316420559885731e+00
2.739600068364314023e-01 3.264764833698395319e-01 4.539673921303706283e-01 6.462915693451015686e-01 8.051072519012137940e-01 9.303131016914647500e-01 1.127462759968303585e+00 1.163668893443645436e+00 1.254129497992759301e+00 1.355469707864899620e+00 1.401413308563243865e+00 1.457393332707190181e+00 1.560011253716692359e+00 1.584157325886964562e+00 1.689959872901102944e+00 1.813222283795831169e+00 1.855503228553530226e+00 1.916800665878409804e+00 1.972980209141466101e+00 2.011121926421004513e+00 2.053262393595352897e+00 2.152500497958166115e+00 2.305268693996255891e+00 2.369346955750617489e+00 2.374173752943986582e+00 2.782447649846063964e+00 2.964895535016013550e+00 3.463187477314590978e+00 3.572063821304349851e+00 3.810007633877565691e+00
2.218178101891820353e-01 2.829022385410499552e-01 3.944392427403073387e-01 5.743826275223578026e-01 8.438293983123226205e-01 9.825065889663365803e-01 1.150674573642828324e+00 1.194490738573283473e+00 1.269333144658280732e+00 1.349769007938520282e+00 1.393199415416937814e+00 1.431766651989043515e+00 1.539820943962679545e+00 1.593854513671494999e+00 1.676549660992372015e+00 1.816293441902018690e+00 1.846337004523693315e+00 1.937560704984265136e+00 1.976985894577518499e+00 2.010851082665635392e+00 2.046787518320578592e+00 2.158783173894302188e+00 2.286486108191848388e+00 2.367707577331220836e+00 2.371951518847486007e+00 2.811059789524351871e+00 2.967509978723127606e+00 3.451847804238338036e+00 3.549930216724348053e+00 3.808591729674949189e+00
1.667327437718983674e-01 2.383674578827363055e-01 3.338053243384107582e-01 4.936501875527899985e-01 8.821750232649806511e-01 1.036748498727577017e+00 1.175249417117558703e+00 1.225701589025568916e+00 1.283307374823845270e+00 1.344732644244917674e+00 1.385189845493097538e+00 1.406631139943961939e+00 1.517881969068542780e+00 1.595797016301597537e+00 1.656930228243871372e+00 1.819377899309757574e+00 1.840519146529742800e+00 1.955979244913977455e+00 1.979920703062570064e+00 2.013012162325181098e+00 2.039992554116591528e+00 2.163982780266643591e+00 2.268554015389544709e+00 2.366045354079308716e+00 2.369565219963253089e+00 2.841399351965518516e+00 2.970168897386030515e+00 3.442661199806170025e+00 3.524163927664728746e+00 3.807194206017988414e+00
1.044622149949271245e-01 1.927622420530607228e-01 2.730590165160934890e-01 4.079317609682140411e-01 9.182722391007712703e-01 1.091257336004003653e+00 1.198928040533267625e+00 1.256120121812824619e+00 1.296257253101258167e+00 1.340299733843650865e+00 1.377166965124970277e+00 1.383503963420311456e+00 1.494232511263715812e+00 1.590768645728278585e+00 1.632578339069223228e+00 1.821759047437678802e+00 1.837353796135890338e+00 1.970632707957685525e+00 1.982038065683335848e+00 2.017191351970171187e+00 2.034320823531195366e+00 2.167883995115339246e+00 2.252786899899934081e+00 2.364464986184866113e+00 2.367165195463092342e+00 2.871596832709599756e+00 2.972679280681866931e+00 3.435518646390424813e+00 3.497048273826476983e+00 3.805923915800617063e+00
-3.396401704932439786e-02 1.459546246394882452e-01 2.131765195869121665e-01 3.198723645452596354e-01 9.504494246510903910e-01 1.143764299274697249e+00 1.219035625359612851e+00 1.284478153761983821e+00 1.308427899281302986e+00 1.336837881337099354e+00 1.364063680569411741e+00 1.369267733342497628e+00 1.468835581295004911e+00 1.580783731947191129e+00 1.606250750964847596e+00 1.823499682332916816e+00 1.835360601875174025e+00 1.980196361487798429e+00 1.983621602008659890e+00 2.022430800888590063e+00 2.031325188804716575e+00 2.170468341069249796e+00 2.240160098715199055e+00 2.363078631912946648e+00 2.364929990447373509e+00 2.899356939942363542e+00 2.974854996875095914e+00 3.430278813473869537e+00 3.471228627258829302e+00 3.804863709201244948e+00
-8.811043367795161341e-02 9.800089873124254169e-02 1.555357952107949693e-01 2.314723280843045128e-01 9.766090092942179002e-01 1.190800083747009630e+00 1.232570493467748607e+00 1.309222581044526823e+00 1.320167909839204956e+00 1.335307921194317959e+00 1.350689641182170941e+00 1.360827960302835704e+00 1.442223249023405929e+00 1.568958665625580506e+00 1.581772333050121659e+00 1.825069281538433730e+00 1.833396971727650371e+00 1.984518642256092535e+00 1.984809349559094382e+00 2.027452699316878881e+00 2.031459795144378244e+00 2.171937320924471670e+00 2.231159585088883013e+00 2.362000797192495671e+00 2.363070331842293204e+00 2.922073915832319901e+00 2.976534431095285704e+00 3.426852580604992760e+00 3.449523219509189165e+00 3.804071044198206852e+00
-8.872852791283269980e-02 4.920638996570932122e-02 1.039237217765218296e-01 1.437684978201518027e-01 9.941084234245879392e-01 1.226129579331711739e+00 1.238545435328099131e+00 1.328143659252765341e+00 1.331910126964516605e+00 1.336400094088686430e+00 1.343091834986705368e+00 1.352003999444518101e+00 1.417484251325916711e+00 1.559326256386379894e+00 1.563794168066547252e+00 1.826739310995290966e+00 1.831251974864568588e+00 1.985506812069947058e+00 1.985629004454397162e+00 2.030988737961831436e+00 2.033055731006698785e+00 2.172625509686128442e+00 2.225844130711268409e+00 2.361344876384918745e+00 2.361796226550997080e+00 2.937117845308387043e+00 2.977593756032737904e+00 3.425408424974142996e+00 3.434456696082849536e+00 3.803582318391942163e+00
-2.860715108128395021e-05 -9.133132307807446276e-06 3.028731557124484594e-08 8.978895818138851737e-02 1.000332382446252888e+00 1.239735110897504100e+00 1.239989232330870106e+00 1.338168977753194655e+00 1.338570024096069844e+00 1.339333102884226578e+00 1.339631203081317334e+00 1.344318159208056196e+00 1.405394730665159075e+00 1.556081881510866349e+00 1.556573640890869692e+00 1.828072505331685749e+00 1.829703113475358744e+00 1.985628439784796528e+00 1.985833454169568801e+00 2.032232524920559946e+00 2.033899738701416382e+00 2.172819537288722902e+00 2.224094308219533911e+00 2.361233170377224688e+00 2.361233262290572288e+00 2.942404003217155228e+00 2.977955613771437804e+00 3.426931429946867613e+00 3.427156150223243269e+00 3.803417328474464121e+00
3.986400303323431316e-02 4.814757826430354770e-02 9.213145747157966414e-02 1.177583113153541361e-01 1.000982258346862830e+00 1.237128091064283897e+00 1.237366971443226049e+00 1.316852708772511260e+00 1.317213451988724637e+00 1.344409607320741218e+00 1.360126699675881845e+00 1.360493266530310885e+00 1.404936356344119952e+00 1.557296730571080312e+00 1.557822140681311307e+00 1.828157554045839239e+00 1.829791732231422552e+00 1.987592185896522201e+00 1.987813113662781239e+00 2.030106817410532116e+00 2.031722501541993520e+00 2.154794047075059726e+00 2.238999642859338834e+00 2.363384517245064487e+00 2.363408421096487189e+00 2.909008489231909689e+00 3.017197205246750169e+00 3.424940813891946600e+00 3.425170588654697479e+00 3.802188487507293768e+00
8.418210631012172651e-02 9.158906836430188991e-02 1.084522047576828435e-01 2.289179666171059502e-01 1.003021542504938246e+00 1.227473273075473381e+00 1.227682869789833653e+00 1.298426258183748905e+00 1.298819931134292505e+00 1.344756900338967220e+00 1.379044708749247672e+00 1.379471386802505029e+00 1.403581531566773899e+00 1.560905291351440960e+00 1.561510724477196632e+00 1.828205607128900567e+00 1.829850445863907327e+00 1.992892089130870126e+00 1.993189814416304273e+00 2.024516973141643916e+00 2.025953817558754810e+00 2.120873377044426356e+00 2.263592503788980359e+00 2.369594568161693449e+00 2.369673590233908556e+00 2.867969957072977749e+00 3.075386249267130445e+00 3.419091344916380670e+00 3.419332178798728084e+00 3.798500527670201521e+00
1.277308003605311937e-01 1.286597699750319235e-01 1.338467890912564962e-01 3.372999229450258096e-01 1.006713703506704638e+00 1.207993907177804971e+00 1.208215916249056887e+00 1.287526438496960246e+00 1.287972270540004960e+00 1.345387042889371942e+00 1.395002791991861280e+00 1.395484347302693884e+00 1.401391780764335460e+00 1.566798263937145608e+00 1.567500832779026743e+00 1.827557281601278616e+00 1.829219574597559683e+00 1.998447081710869488e+00 1.999075226502482039e+00 2.019101770031159315e+00 2.020047105947845978e+00 2.081886408005691802e+00 2.287158811810304559e+00 2.379202499645173496e+00 2.379357608128084944e+00 2.831308173902689074e+00 3.139408969760723700e+00 3.409747001544296552e+00 3.409996928733007415e+00 3.792339740405829218e+00
1.511585323918991919e-01 1.699625546278461241e-01 1.745203328249932961e-01 4.391213807564031679e-01 1.012481258608717072e+00 1.180563090263993864e+00 1.180794161035174206e+00 1.283307710592979545e+00 1.283789169399261798e+00 1.346357874822189604e+00 1.398462874471936512e+00 1.408215089562343536e+00 1.408696624840561462e+00 1.574832906204383320e+00 1.575641469252824445e+00 1.825062284788329103e+00 1.826748227490669896e+00 1.995942208393994832e+00 1.997009920008148809e+00 2.023008810635423593e+00 2.023292975956947792e+00 2.039914131009318510e+00 2.307879637321342159e+00 2.391326419350387589e+00 2.391564203494982443e+00 2.799489061648638089e+00 3.207172878365890600e+00 3.397506248224347214e+00 3.397758460574776151e+00 3.783654330266034371e+00
1.739219300177318739e-01 2.101573862317772934e-01 2.130909890759175307e-01 5.319691996097913878e-01 1.020874464983456908e+00 1.149442451510854335e+00 1.149643753941609114e+00 1.282445697330765633e+00 1.282948373106428175e+00 1.347716041393328901e+00 1.394939428434754047e+00 1.419191518036578392e+00 1.419601156754939364e+00 1.584918680082114006e+00 1.585846281166811034e+00 1.819242908853342833e+00 1.820955167631397087e+00 1.988124059924520459e+00 1.989113255726429719e+00 1.996002201895679340e+00 2.034362930383115664e+00 2.034487893268710046e+00 2.325260630961137664e+00 2.405010610508580005e+00 2.405326705321961800e+00 2.772567669610516816e+00 3.276666114515858652e+00 3.383191933201606272e+00 3.383441005451474304e+00 3.772318636217269816e+00
1.954773322400663593e-01 2.474338512177477467e-01 2.488846833074824516e-01 6.134092822705152770e-01 1.032468163003167350e+00 1.117782498494372945e+00 1.117926967337007582e+00 1.282816106937175737e+00 1.283341979357149887e+00 1.349478956400872898e+00 1.390989822636517603e+00 1.428413017652775396e+00 1.428709334630662298e+00 1.597069969876434348e+00 1.598132828438111774e+00 1.808845166951385197e+00 1.810574037712783690e+00 1.951328612480028202e+00 1.981438203209243465e+00 1.982236807569066617e+00 2.047211148839251038e+00 2.047305122884888640e+00 2.339170765671250596e+00 2.419277836487278677e+00 2.419661384971107942e+00 2.750581255759789734e+00 3.345728014921319549e+00 3.367833678227233118e+00 3.368083545807635470e+00 3.758096418557479002e+00
2.146827281742549887e-01 2.807196001724160395e-01 2.810123715243492137e-01 6.810798418458344772e-01 1.047536170438603254e+00 1.087847822343604332e+00 1.087942854647313995e+00 1.283433745503054890e+00 1.283987372842627428e+00 1.351620060444776117e+00 1.386817146049275307e+00 1.436137732883389084e+00 1.436336164020201034e+00 1.611357578137014857e+00 1.612569641323534197e+00 1.793566668073390824e+00 1.795284387356328670e+00 1.907664046989110407e+00 1.977525045538296888e+00 1.978162695972014218e+00 2.059449487884246199e+00 2.059539479386828909e+00 2.349705951582148789e+00 2.433117825824453906e+00 2.433555047983134045e+00 2.733472144716927676e+00 3.352630302569123089e+00 3.352872299730688788e+00 3.412278392421912887e+00 3.740613796997435792e+00
2.306146358589586665e-01 3.083282213095829838e-01 3.087500096404829919e-01 7.331827379034304704e-01 1.061611845282079303e+00 1.061714905471304204e+00 1.065337221683557933e+00 1.283910601906530724e+00 1.284491198793289213e+00 1.354049747413050397e+00 1.382661369059057899e+00 1.442383683456607946e+00 1.442541647328291932e+00 1.627740845007873194e+00 1.629111944053391658e+00 1.774326111209224566e+00 1.775993221816715373e+00 1.867558647609632416e+00 1.976119927531538645e+00 1.976641792229569150e+00 2.069938018539353219e+00 2.070033665477963858e+00 2.357163413964205478e+00 2.445476226946218024e+00 2.445952880507161975e+00 2.720983628899577234e+00 3.338888029540912683e+00 3.339135526480139227e+00 3.474466749189167203e+00 3.719355195146813564e+00
2.425383536430978926e-01 3.294770859452395562e-01 3.301211836202467276e-01 7.691769830449908252e-01 1.041010760744046637e+00 1.041135135424514857e+00 1.083277475750743069e+00 1.284167075395562962e+00 1.284769218057911777e+00 1.356566910191151498e+00 1.378839183612510899e+00 1.447037320138124361e+00 1.447178190627940841e+00 1.645728878024894204e+00 1.647271365188260006e+00 1.753011999291405276e+00 1.754582264722521989e+00 1.834442042962772135e+00 1.976193163408869191e+00 1.976641831728250143e+00 2.077914999432214582e+00 2.078018671019684405e+00 2.361984314555201969e+00 2.455296886175626359e+00 2.455799804808040943e+00 2.712656727588541816e+00 3.327899571704115544e+00 3.328151395617527264e+00 3.530905935161267273e+00 3.693708260843332702e+00
2.499137220011878879e-01 3.430470892770698388e-01 3.434934182232640132e-01 7.898878883580587873e-01 1.027804290863546521e+00 1.027917470503683983e+00 1.097007104120138798e+00 1.284263228781047150e+00 1.284879112183237471e+00 1.358723769759191402e+00 1.375874286124317170e+00 1.449937126367123019e+00 1.450042449352949125e+00 1.663343802285551565e+00 1.665088409323527863e+00 1.732865120841839079e+00 1.734275716548757673e+00 1.812254296797714659e+00 1.976702446088359988e+00 1.977110991321516353e+00 2.082885308439007321e+00 2.082994512888644678e+00 2.364637276794818721e+00 2.461637129776112598e+00 2.462154842364526530e+00 2.707952391164134998e+00 3.320787753128492170e+00 3.321041201915649665e+00 3.580532063247019892e+00 3.663199198067722762e+00
2.524094101877252250e-01 3.478745745741579354e-01 3.479150660966064956e-01 7.965965865577646632e-01 1.023251311252108442e+00 1.023346496260876259e+00 1.102194719675923196e+00 1.284283194333904365e+00 1.284903797617640064e+00 1.359653703704429395e+00 1.374671512591276512e+00 1.450929296239877431e+00 1.451005967208951253e+00 1.672694288154731534e+00 1.674602706296169918e+00 1.722581243671953866e+00 1.723841073838848992e+00 1.804396611916451620e+00 1.976951722983132820e+00 1.977347366998512879e+00 2.084571722421481699e+00 2.084682697483991820e+00 2.365477598576688933e+00 2.463831142438045685e+00 2.464353604663298558e+00 2.706439052489512775e+00 3.318325025732476785e+00 3.318578612067591749e+00 3.615633817990474785e+00 3.634578620550187544e+00
2.570833075914174537e-01 3.401723233307111793e-01 3.665867923589354316e-01 7.871248548864049344e-01 1.021935202638169171e+00 1.025588064976963310e+00 1.106734959096178583e+00 1.265014109367256889e+00 1.279970400744479431e+00 1.355469342907885011e+00 1.390354027919888047e+00 1.449324583430525060e+00 1.451634523165372226e+00 1.673978267867777481e+00 1.679838484325183456e+00 1.723332153525418020e+00 1.724776606795908718e+00 1.808282492981916567e+00 1.976894136936504287e+00 1.978902784941729776e+00 2.083470943311803047e+00 2.084210407403540799e+00 2.365051277874414826e+00 2.463583373422792544e+00 2.465050501635193569e+00 2.704542218530766817e+00 3.316799556485071410e+00 3.322762057584292883e+00 3.614770654686258577e+00 3.634426460080645960e+00
2.704025194012498190e-01 3.460837194627582880e-01 3.937880679369374914e-01 7.613227136342798351e-01 1.017840384675046117e+00 1.030603930759282916e+00 1.119714569063282150e+00 1.225352817521156767e+00 1.266707633991231541e+00 1.345132233987935244e+00 1.414343782068771205e+00 1.448593367883917349e+00 1.452544012632543957e+00 1.678724348432695912e+00 1.692519532666860060e+00 1.725297480057213617e+00 1.728600971765033911e+00 1.819557334485433664e+00 1.975871490052430124e+00 1.983985729729283110e+00 2.079834574188333729e+00 2.083103574339643327e+00 2.363814642634053609e+00 2.462818966555524902e+00 2.467085528166197861e+00 2.698918414527779142e+00 3.317378152574300909e+00 3.330012225084947541e+00 3.612362069223700622e+00 3.633946343136068347e+00
2.901336146517839998e-01 3.666699604149664116e-01 4.284540546378680648e-01 7.244888223375286485e-01 1.011096086863365606e+00 1.035565726825228294e+00 1.138657307053246859e+00 1.181526069709320614e+00 1.244665406634149596e+00 1.332871686129369904e+00 1.417499953990456696e+00 1.452737788726827350e+00 1.463987313302693938e+00 1.685350774701223520e+00 1.708182644251445614e+00 1.729735485709704923e+00 1.736703556007447968e+00 1.837068348059230249e+00 1.974206190501605951e+00 1.991200247042198335e+00 2.073742837385136539e+00 2.081237462536407623e+00 2.361885636644882602e+00 2.461540469830324263e+00 2.470242513587059374e+00 2.689826788589564810e+00 3.319573207586844710e+00 3.340382745500773964e+00 3.608846564483591646e+00 3.633107307755016446e+00
3.125357370851293837e-01 4.003298010141276841e-01 4.708753083168709663e-01 6.815763524122788741e-01 1.001527702018216726e+00 1.039488573179353947e+00 1.138087634096452305e+00 1.159414502008528469e+00 1.216330034645161540e+00 1.321621842042544070e+00 1.404742180884809732e+00 1.452026306683908308e+00 1.487842826515001660e+00 1.691678460805230433e+00 1.721208649230329124e+00 1.738106622573166060e+00 1.751512916398020092e+00 1.858905969010089754e+00 1.971983313172829488e+00 1.999277477609870735e+00 2.065182115299168952e+00 2.078625430730309365e+00 2.359435892246243949e+00 2.459764269355851241e+00 2.474197695017668508e+00 2.677846209316302684e+00 3.322693326349795306e+00 3.353870948830131038e+00 3.604694498855653517e+00 3.631925313166531666e+00
3.338654478028886818e-01 4.423705366618001511e-01 5.216012972727357422e-01 6.370834941025628195e-01 9.884448763566556773e-01 1.042365343090078555e+00 1.099064351102448045e+00 1.162535635984147220e+00 1.198736048016100897e+00 1.312822338289678203e+00 1.386702642244986183e+00 1.450177656349704636e+00 1.510172913359687064e+00 1.696279068442821281e+00 1.731481541265736279e+00 1.749628943172901963e+00 1.771880194472713610e+00 1.882529676609782321e+00 1.969305915801337736e+00 2.007367321878004596e+00 2.054201383084941046e+00 2.075331673567205826e+00 2.356667185998145175e+00 2.457538285941152090e+00 2.478556497396586344e+00 2.663955206383624041e+00 3.326126437838781147e+00 3.370227295663525524e+00 3.600179041924785217e+00 3.630475598612581400e+00
3.516204932239515579e-01 4.846776405600593529e-01 5.795561671350587529e-01 5.978696321395983171e-01 9.707679532133971501e-01 1.044117243644851811e+00 1.066084423002924497e+00 1.128327177499951262e+00 1.211380607785455199e+00 1.307706271981618595e+00 1.365986393774266450e+00 1.447243090696171297e+00 1.529675172175498865e+00 1.699285944145378036e+00 1.741548303874356440e+00 1.762981130684473374e+00 1.793664637958380270e+00 1.905086810593171309e+00 1.966298371008286638e+00 2.015343744691800332e+00 2.041005988526329418e+00 2.071458290498136456e+00 2.353794074685823912e+00 2.454958715506422084e+00 2.482892548592745996e+00 2.649462936069965746e+00 3.329437233935540696e+00 3.388999776752375848e+00 3.595209432906707026e+00 3.628887326554046666e+00
3.637465799280981127e-01 5.062756961959957724e-01 5.847865148955956327e-01 6.421795018271875266e-01 9.483320934129658708e-01 1.038967173899093321e+00 1.045134703446520374e+00 1.085822825202462871e+00 1.224873651586224188e+00 1.307732227582953932e+00 1.344058672000212340e+00 1.443310329812770076e+00 1.546303934833685334e+00 1.701595930936283363e+00 1.751898487071583466e+00 1.776970885304925529e+00 1.814451173678341744e+00 1.923981681677180200e+00 1.963108784822105823e+00 2.022678443177318819e+00 2.027039863167075850e+00 2.067136060249268770e+00 2.351030426394153050e+00 2.452178619371994550e+00 2.486799136139475230e+00 2.635773820872588047e+00 3.332370170864508818e+00 3.409647318162865037e+00 3.589295786337157068e+00 3.627333740933308182e+00
3.675750634526618321e-01 4.919340302057786385e-01 6.174563046890937379e-01 7.038476816899738031e-01 9.234352715178211213e-01 1.019410775568372340e+00 1.027402814170436329e+00 1.056155288554180283e+00 1.232837657141301557e+00 1.313315842267454236e+00 1.322379109570731126e+00 1.438547152359714421e+00 1.559979006266407842e+00 1.704007273315661930e+00 1.762170237468966283e+00 1.790490995701006449e+00 1.832936200810068916e+00 1.937737557255331033e+00 1.959920316034996279e+00 2.009309808537553810e+00 2.033435571027784938e+00 2.062564768630653855e+00 2.348571596224440672e+00 2.449404248466125367e+00 2.489962149272459069e+00 2.624069636822541352e+00 3.334802995129557690e+00 3.431605958729939232e+00 3.581698167197937988e+00 3.625994402756874901e+00
3.611602803172528353e-01 4.758955420989027241e-01 6.650626327000802585e-01 7.600941528923375046e-01 9.000562062411789910e-01 9.804591410528596951e-01 1.003254825155395658e+00 1.052917208149799277e+00 1.236013364486858279e+00 1.302178653909777273e+00 1.322782449836371610e+00 1.433287917161687242e+00 1.570499551573774299e+00 1.706891034637654903e+00 1.771683350442536886e+00 1.802614468255130165e+00 1.848223443739307914e+00 1.946565061355816306e+00 1.956978553223202910e+00 1.993258084949622644e+00 2.042677699277032577e+00 2.058095180361050325e+00 2.346570530798682608e+00 2.446877221296082094e+00 2.492235706671215301e+00 2.615054724999787528e+00 3.336692461619151562e+00 3.454258114691278525e+00 3.571722823788424872e+00 3.624986901044788379e+00
3.480475448344058087e-01 4.685504879070542250e-01 7.159749714276082422e-01 8.055686707095341959e-01 8.827093003294201878e-01 9.291829770095972885e-01 9.882401091618989719e-01 1.052892676544024075e+00 1.236721839182748139e+00 1.285674177085311509e+00 1.332443525826550124e+00 1.428161956741857974e+00 1.577762788887075551e+00 1.710000068646503113e+00 1.779552413219351426e+00 1.812479714976629852e+00 1.859641513835058158e+00 1.951577941713330544e+00 1.954728985448515033e+00 1.979044189222837868e+00 2.050374161185513966e+00 2.054433170910018092e+00 2.345119190043018609e+00 2.444844996728216202e+00 2.493664208143032468e+00 2.608897078498677580e+00 3.338032894811556517e+00 3.476808494645113434e+00 3.559052491217638448e+00 3.624329013637993757e+00
3.361943166691717111e-01 4.664676962012627159e-01 7.678843168933600083e-01 8.316935708276524952e-01 8.746541028683557650e-01 8.800911446642790681e-01 9.754594175091269026e-01 1.053132924161314321e+00 1.236634802438291825e+00 1.274610611173603747e+00 1.339671733608041926e+00 1.424206682120947143e+00 1.581921122439775784e+00 1.712509879334819463e+00 1.784814651092288207e+00 1.819113640063603210e+00 1.866709092039347428e+00 1.952316540368183473e+00 1.955032180239138606e+00 1.969054103065106753e+00 2.051085647875647400e+00 2.056268363693394274e+00 2.344250413718163006e+00 2.443524784083232149e+00 2.494411671700857980e+00 2.605396442204183316e+00 3.338831652535129813e+00 3.497835260288167269e+00 3.544288503538010726e+00 3.623971809491974394e+00
3.315838164681556011e-01 4.661402078893359113e-01 8.153013262721857668e-01 8.221961961212442827e-01 8.446633483273082721e-01 8.807592360949387800e-01 9.696446811871867189e-01 1.053243828118131997e+00 1.236534060354237408e+00 1.270690963359834891e+00 1.342367649754044212e+00 1.422677275880689818e+00 1.583260164235530842e+00 1.713483461528341634e+00 1.786674255767378705e+00 1.821489949866544222e+00 1.869106890844665081e+00 1.951863421802535914e+00 1.955657370522061900e+00 1.965487044280900042e+00 2.050195458666776993e+00 2.058007778299459911e+00 2.343962552612569805e+00 2.443066754587930323e+00 2.494639408037161665e+00 2.604270801029583637e+00 3.339096823714881257e+00 3.510402756331072460e+00 3.533865016356992683e+00 3.623860139264226454e+00
3.341079746072339041e-01 4.638854630454846140e-01 8.039647168538482935e-01 8.117572637216136089e-01 8.450557602581806327e-01 8.964124884941737648e-01 9.745289334159843442e-01 1.053596667403936094e+00 1.234188711785616954e+00 1.270489669977974856e+00 1.337291731850123178e+00 1.419280213910466326e+00 1.589798365677352665e+00 1.715503792574009312e+00 1.785431490506972141e+00 1.822033786262260646e+00 1.868551363226615303e+00 1.951684604630192554e+00 1.955539413942177784e+00 1.968525281311596764e+00 2.049623386845335293e+00 2.058405761679198420e+00 2.343953858562132453e+00 2.444104458917011780e+00 2.494296246508186155e+00 2.603013163491547211e+00 3.342611578445355391e+00 3.509205203221481106e+00 3.531391327158200255e+00 3.623961071854579163e+00
3.418180221600198854e-01 4.571338634442293491e-01 7.749043916254884090e-01 8.008899935859413732e-01 8.421587646455515053e-01 9.259928570053462815e-01 9.875018416037084634e-01 1.054522359140509957e+00 1.225824881343969386e+00 1.269877880649660007e+00 1.325990334547181737e+00 1.409540002466292075e+00 1.606784149050970223e+00 1.720814577031805293e+00 1.781712087393380495e+00 1.823591650705671530e+00 1.866953899526130778e+00 1.951913006626816882e+00 1.955952184606406297e+00 1.975396092338561171e+00 2.047904919965536585e+00 2.059307688438457795e+00 2.343998149903751216e+00 2.447050005537625417e+00 2.493239657807873044e+00 2.599502215562686125e+00 3.352732243811700652e+00 3.505816411432480351e+00 3.524428193144702348e+00 3.624155719718445301e+00
3.546186632505991532e-01 4.468635988434242479e-01 7.460610318532255869e-01 7.901363276742841002e-01 8.371826197530491953e-01 9.580207388417087966e-01 1.005469316745045694e+00 1.055673955164178723e+00 1.208534514756566480e+00 1.268914020249459984e+00 1.316281577240230760e+00 1.394806501008239108e+00 1.629013602215629630e+00 1.727621781783896360e+00 1.775524500319368704e+00 1.826062039954904570e+00 1.864440016034965231e+00 1.952854246298306728e+00 1.957094171358770618e+00 1.983787423344361311e+00 2.045023762387431443e+00 2.059959847822118828e+00 2.344261245919104564e+00 2.451453554028681481e+00 2.491372840984134474e+00 2.594501874973200284e+00 3.368289851321651707e+00 3.500716030886564578e+00 3.514184579015019239e+00 3.624252044549450158e+00
3.712032565593379463e-01 4.359437655322330740e-01 7.216688272132633086e-01 7.836234132524905194e-01 8.315616310013016488e-01 9.900397105875100578e-01 1.025708881953350193e+00 1.056721473103317432e+00 1.181677088901859962e+00 1.267593459723160398e+00 1.312750882394769114e+00 1.377153500558830235e+00 1.652143224704091917e+00 1.733999528737596441e+00 1.766960826270949081e+00 1.829469360028316283e+00 1.861089874757770213e+00 1.953774703192424411e+00 1.958384220970341927e+00 1.992808523068472004e+00 2.040931497838848863e+00 2.059503234669912253e+00 2.344891089953382135e+00 2.456719224109565225e+00 2.488506386784107516e+00 2.589163438032592079e+00 3.387657407348676486e+00 3.493738840008977942e+00 3.502886208475275431e+00 3.624178748207623979e+00
3.888325229295842012e-01 4.274254842025458911e-01 7.039402299380578265e-01 7.843866407761744819e-01 8.255707863859471640e-01 1.021150847744043189e+00 1.044559285268199522e+00 1.058560704009339437e+00 1.148405949092654366e+00 1.265470871983873202e+00 1.315183446171930948e+00 1.359214298511451258e+00 1.673288906527250486e+00 1.738564681501818976e+00 1.756527364275895842e+00 1.833931325378082677e+00 1.856941672804453436e+00 1.954203214989487236e+00 1.958657893166131592e+00 2.002147809200443884e+00 2.035522883721492260e+00 2.057470996349787473e+00 2.345900412619572606e+00 2.462264688617260777e+00 2.484399814937263251e+00 2.584751846171073453e+00 3.409104979344721009e+00 3.482168654428861476e+00 3.495069302842736647e+00 3.624031008617680794e+00
4.046919147004672812e-01 4.218645673970602972e-01 6.940045719910099553e-01 7.938403442406883892e-01 8.185185235623863020e-01 1.048812217237569788e+00 1.053822458724658517e+00 1.068446177352752047e+00 1.112783555023582949e+00 1.262266578716116694e+00 1.322086895261118666e+00 1.343773554277157167e+00 1.689839524762405620e+00 1.740722761433316501e+00 1.745961101770903801e+00 1.839513344833915598e+00 1.851962084576025847e+00 1.954148756102499274e+00 1.957094910157882062e+00 2.011447221847293410e+00 2.028646553305999856e+00 2.054119186693758259e+00 2.347121010653141937e+00 2.467632239543254169e+00 2.478942391964353398e+00 2.582263914901564039e+00 3.430893379895137318e+00 3.466935284202111944e+00 3.491188287281789204e+00 3.623975132996437587e+00
4.171314466122963416e-01 4.182360535273376145e-01 6.916882155694625833e-01 8.094028376932109747e-01 8.100478973760022461e-01 1.050290097286237456e+00 1.077451003081424385e+00 1.079845656276671839e+00 1.080574257588751586e+00 1.259580433705328240e+00 1.332037348572065349e+00 1.332608015033124538e+00 1.696805553184771886e+00 1.740228159443061751e+00 1.740670192038435982e+00 1.845885664252072456e+00 1.846113550491138122e+00 1.953780596911699918e+00 1.953949779477185844e+00 2.020188960730366912e+00 2.020293102720486900e+00 2.050248637732537293e+00 2.348258832522520212e+00 2.472288683013037947e+00 2.472637016585521597e+00 2.582147370837243550e+00 3.450193115003393096e+00 3.450522730595164234e+00 3.490806259575294224e+00 3.624130655278268165e+00
4.127492306856923032e-01 4.217070225221145052e-01 6.927505549216224079e-01 7.969491462280986482e-01 8.211245693365250009e-01 1.048383526060739257e+00 1.052149207004406506e+00 1.085428191808927689e+00 1.101161445442698783e+00 1.262321913921572669e+00 1.323773536737472778e+00 1.342732475220887789e+00 1.691207486453349729e+00 1.739275922928544382e+00 1.743753297078026288e+00 1.839131335550595381e+00 1.852812731605965491e+00 1.952277166667993891e+00 1.955508350010212615e+00 2.011900040116865185e+00 2.028137697550987273e+00 2.049893507214598731e+00 2.348170055453771887e+00 2.467473160450250891e+00 2.477341984632238425e+00 2.583084627342573381e+00 3.434426238358606831e+00 3.460829540308592023e+00 3.495290257664297240e+00 3.624092296571325367e+00
4.121977445213965696e-01 4.213339235695309215e-01 6.909811662613307703e-01 7.897846719916512548e-01 8.251524478317570077e-01 1.026799207883125842e+00 1.049267601188213161e+00 1.088009734670696504e+00 1.122858331348007610e+00 1.271229218992722343e+00 1.316372449497414721e+00 1.354355363825648251e+00 1.678622181489734189e+00 1.736982142360357528e+00 1.748357452782070887e+00 1.830847398727166508e+00 1.860124201883065487e+00 1.950808481103700753e+00 1.957046036129526323e+00 2.003852421368424785e+00 2.035528437940916202e+00 2.048493418661221366e+00 2.348044613000156655e+00 2.462882763633263750e+00 2.481545084512546406e+00 2.586076622151894711e+00 3.418548270154800672e+00 3.459841468952928434e+00 3.508955101464033000e+00 3.624141045548400886e+00
4.098518369288845498e-01 4.254510637367026060e-01 6.775928852666258662e-01 7.919174222693816656e-01 8.218580966336859195e-01 1.010441035711588276e+00 1.048134418483771313e+00 1.091290475246834424e+00 1.143594306413733053e+00 1.285132847411728729e+00 1.309329044992318725e+00 1.366442997405666437e+00 1.663033752182922154e+00 1.733597772219855893e+00 1.750949747719797056e+00 1.821423176835428537e+00 1.865773445372286288e+00 1.949104914490380258e+00 1.958410640283461568e+00 1.997771767645609486e+00 2.041634707151142702e+00 2.046262992639766409e+00 2.348002990628442088e+00 2.459150260016410350e+00 2.484634654579307877e+00 2.591190840334326229e+00 3.403024632087611856e+00 3.453048035598152321e+00 3.525638239740813695e+00 3.624309956899230301e+00
4.008041549410699678e-01 4.408473193377203114e-01 6.511096834853832283e-01 7.843292287007396224e-01 8.295365357448333254e-01 1.001263014008983543e+00 1.047400780364032835e+00 1.098078972592989588e+00 1.163882720369008750e+00 1.294976395400964098e+00 1.308720860428544297e+00 1.378468606934479812e+00 1.645819086650664120e+00 1.729441157419307373e+00 1.750986182071681663e+00 1.811131682935630094e+00 1.866793331012902346e+00 1.946478048284545848e+00 1.959761841657395198e+00 1.995694684379384798e+00 2.039585540030516952e+00 2.049813931005978862e+00 2.348181212624722569e+00 2.456469890888608454e+00 2.486442004639134229e+00 2.598403597430082534e+00 3.388244461517833539e+00 3.443536475438350397e+00 3.541825616215896755e+00 3.624628486960986162e+00
3.888270016049684141e-01 4.645812079942866490e-01 6.158458557146809786e-01 7.553703585224728068e-01 8.565552500570938754e-01 9.985794374694542119e-01 1.047007229316210486e+00 1.109124369727993331e+00 1.184185249076441737e+00 1.286593249809941053e+00 1.326219317595956459e+00 1.389986154059616563e+00 1.627411746584498609e+00 1.724802433621249076e+00 1.748912411138593859e+00 1.800256156120328965e+00 1.860916968848799646e+00 1.941908431118643863e+00 1.961404448368028630e+00 1.998926678223161391e+00 2.033184774131112427e+00 2.055490776247595797e+00 2.348709996710506065e+00 2.454916374082718455e+00 2.486910471494645503e+00 2.607595615965571323e+00 3.374518744644048773e+00 3.432148925613107693e+00 3.556501414435377484e+00 3.625120247505527971e+00
3.754593825077232050e-01 4.949700840595285811e-01 5.755254125085976780e-01 7.158330903139175083e-01 8.909101954227346409e-01 1.001626498628475748e+00 1.046604377471817227e+00 1.123713668727340576e+00 1.204812963321266750e+00 1.273770461265261833e+00 1.346423179104578871e+00 1.400643202533422782e+00 1.607902178144169136e+00 1.719890315517143220e+00 1.745338792291039054e+00 1.789058516087556727e+00 1.848128154267502987e+00 1.934350316822077698e+00 1.963286329312053269e+00 2.006903582019090138e+00 2.025662048237979462e+00 2.060770619468025533e+00 2.349688427885315178e+00 2.454435991037871023e+00 2.486098945934921201e+00 2.618535738534086832e+00 3.362070624985922240e+00 3.419251773452338661e+00 3.569386078568915543e+00 3.625800344968150402e+00
3.614937930618171147e-01 5.265032799074008674e-01 5.365408813182205305e-01 6.703650073426821177e-01 9.272206257368470483e-01 1.010625234545763140e+00 1.045959032373786846e+00 1.140449723117543446e+00 1.225774343444872905e+00 1.258830740398401371e+00 1.366419818660336460e+00 1.410177816138133089e+00 1.587222619442806071e+00 1.714799516692681935e+00 1.740805518297345644e+00 1.777788241739360675e+00 1.830049522504933135e+00 1.923028781573402402e+00 1.965192073280018992e+00 2.014540607134724493e+00 2.021328014481937885e+00 2.065535809005127010e+00 2.351156439948309806e+00 2.454863195854114277e+00 2.484174480667187712e+00 2.630863577835145239e+00 3.351036025311885602e+00 3.405208046964283586e+00 3.580454125278435651e+00 3.626672121033071239e+00
3.473316930708957861e-01 4.876864260435576637e-01 5.704875201821931752e-01 6.219797048080523139e-01 9.598341949178302857e-01 1.028276789535252256e+00 1.045046385110872000e+00 1.157287162040162354e+00 1.240120993911956182e+00 1.250057952827825281e+00 1.385320670923122721e+00 1.418398163914545318e+00 1.565229580808823462e+00 1.709504793362917052e+00 1.735722557598993188e+00 1.766714573498237684e+00 1.808564748401233491e+00 1.907732896137231959e+00 1.967081179119625878e+00 2.008767986986633503e+00 2.032137349452937780e+00 2.069780366705665564e+00 2.353077437497464341e+00 2.455959703589865928e+00 2.481393977949652108e+00 2.644082379728470489e+00 3.341476350182861932e+00 3.390506668853861871e+00 3.589772846111895177e+00 3.627723824610490588e+00
3.330413533270855098e-01 4.449148148062057606e-01 5.707230288942425345e-01 6.134193652153080434e-01 9.827799819581034546e-01 1.043250738607799821e+00 1.058970225565312173e+00 1.169708338692084126e+00 1.228927834056569690e+00 1.270264501043100402e+00 1.402522400852272977e+00 1.425139787719500228e+00 1.541778596236674570e+00 1.703880254913629599e+00 1.730305786172769977e+00 1.756165546681290435e+00 1.785411278864740270e+00 1.889133247215383449e+00 1.968987366964033869e+00 2.002001482740379590e+00 2.044582429745674723e+00 2.073513372599091742e+00 2.355339194915223811e+00 2.457461581042199139e+00 2.478076104577064953e+00 2.657571591189419546e+00 3.333403242120511312e+00 3.375769446129135432e+00 3.597436987432591327e+00 3.628925141846578217e+00
3.183277322208920013e-01 4.055305205586326456e-01 5.220561655552458102e-01 6.551749773648011255e-01 9.970539388425445626e-01 1.041471193968931841e+00 1.098904137744601162e+00 1.168276717811236765e+00 1.228859920907072079e+00 1.291727511076870449e+00 1.417508813342080787e+00 1.430170983102140969e+00 1.516865104248961149e+00 1.697760201807857250e+00 1.724335618404047032e+00 1.746544340723807931e+00 1.762533307269064986e+00 1.868730393796708800e+00 1.970906284414447374e+00 1.995778367162060807e+00 2.056138575752856301e+00 2.076741660377211307e+00 2.357770734718871442e+00 2.459119079460579727e+00 2.474566587319346311e+00 2.670624233237747447e+00 3.326812702809520683e+00 3.361686669225386837e+00 3.603550788228808699e+00 3.630222197043091459e+00
3.024917940495762680e-01 3.728100897229754129e-01 4.753937036160479357e-01 6.962746529229157932e-01 1.006805906608690737e+00 1.038837832449478249e+00 1.142261782923281954e+00 1.153942342175221292e+00 1.241385308406208976e+00 1.312286108339660862e+00 1.429523357003800399e+00 1.433096668330737344e+00 1.491070418100990835e+00 1.691091490170519629e+00 1.716321570796361273e+00 1.738241821507839235e+00 1.743135974471002658e+00 1.848489920433228129e+00 1.972767689155663584e+00 1.990091904652807164e+00 2.066116304977548612e+00 2.079459721112360437e+00 2.360166833385805685e+00 2.460721383664135953e+00 2.471202199276520517e+00 2.682506786666250420e+00 3.321722056688961366e+00 3.348914314775885970e+00 3.608234989035843387e+00 3.631531436545110125e+00
2.851928606014970113e-01 3.501587712116820406e-01 4.328420446729053794e-01 7.342651272805279516e-01 1.013970769276886674e+00 1.035146516014592732e+00 1.133872092362277151e+00 1.188214625521537782e+00 1.257194837266342624e+00 1.330824630407324793e+00 1.429393266456245870e+00 1.439754569319845467e+00 1.467535865495639191e+00 1.684193010779545085e+00 1.703733937096552520e+00 1.730757073138690982e+00 1.732314823798485115e+00 1.830442472533941212e+00 1.974447163776672953e+00 1.985048015050878245e+00 2.074130447563351964e+00 2.081643565547394381e+00 2.362313561724840749e+00 2.462105962564171246e+00 2.468280118017748048e+00 2.692530364983984903e+00 3.318198722219665164e+00 3.337972499176644625e+00 3.611635387923504137e+00 3.632739592287817842e+00
2.685663114044056221e-01 3.389009324781683263e-01 3.962609647539618307e-01 7.662965897067520737e-01 1.019095212239365056e+00 1.030332512060650796e+00 1.117215906300407458e+00 1.230853704557674622e+00 1.271340246913737149e+00 1.345949876471624007e+00 1.413309694392308469e+00 1.446080587306034948e+00 1.454879342751828286e+00 1.677959631186514589e+00 1.689534778182112840e+00 1.725619926555677752e+00 1.727507224786297479e+00 1.816342855100142595e+00 1.975794521301840856e+00 1.980965373139312868e+00 2.079961830542900181e+00 2.083252978828791235e+00 2.364012385190108922e+00 2.463154434482041300e+00 2.466040181617292326e+00 2.700115801676481908e+00 3.316367955999278028e+00 3.329185399963799252e+00 3.613912595950807383e+00 3.633719331448450607e+00
2.566722073884318278e-01 3.383106597938121407e-01 3.674599749110701308e-01 7.885004461707386669e-01 1.022233554952839407e+00 1.025487422588710951e+00 1.106053558876257670e+00 1.267309756649015240e+00 1.281081220613058402e+00 1.356042722226361352e+00 1.388584605208610823e+00 1.449640743906924767e+00 1.451725264622662603e+00 1.673762161090250444e+00 1.678906076137830716e+00 1.723269036720765479e+00 1.724756097740938632e+00 1.807434514186061270e+00 1.976666552690130585e+00 1.978273993292247068e+00 2.083494543012682776e+00 2.084243008021981147e+00 2.365102144761962233e+00 2.463759832075036460e+00 2.464682106866588285e+00 2.704837144507797664e+00 3.316393902502926316e+00 3.322684250210850454e+00 3.615212245291663073e+00 3.634357357947068490e+00
2.524094101877252250e-01 3.478745745741579354e-01 3.479150660966064956e-01 7.965965865577646632e-01 1.023251311252108442e+00 1.023346496260876259e+00 1.102194719675923196e+00 1.284283194333904365e+00 1.284903797617640064e+00 1.359653703704429395e+00 1.374671512591276512e+00 1.450929296239877431e+00 1.451005967208951253e+00 1.672694288154731534e+00 1.674602706296169918e+00 1.722581243671953866e+00 1.723841073838848992e+00 1.804396611916451620e+00 1.976951722983132820e+00 1.977347366998512879e+00 2.084571722421481699e+00 2.084682697483991820e+00 2.365477598576688933e+00 2.463831142438045685e+00 2.464353604663298558e+00 2.706439052489512775e+00 3.318325025732476785e+00 3.318578612067591749e+00 3.615633817990474785e+00 3.634578620550187544e+00
3.315838164681556011e-01 4.661402078893359113e-01 8.153013262721857668e-01 8.221961961212442827e-01 8.446633483273082721e-01 8.807592360949387800e-01 9.696446811871867189e-01 1.053243828118131997e+00 1.236534060354237408e+00 1.270690963359834891e+00 1.342367649754044212e+00 1.422677275880689818e+00 1.583260164235530842e+00 1.713483461528341634e+00 1.786674255767378705e+00 1.821489949866544222e+00 1.869106890844665081e+00 1.951863421802535914e+00 1.955657370522061900e+00 1.965487044280900042e+00 2.050195458666776993e+00 2.058007778299459911e+00 2.343962552612569805e+00 2.443066754587930323e+00 2.494639408037161665e+00 2.604270801029583637e+00 3.339096823714881257e+00 3.510402756331072460e+00 3.533865016356992683e+00 3.623860139264226454e+00
3.362412009786051592e-01 4.645737279002322140e-01 8.125498934875607926e-01 8.212398481668606864e-01 8.439413416976462301e-01 8.817022442424230499e-01 9.738365594938110936e-01 1.041831233809865420e+00 1.237114611817432763e+00 1.277565533538627118e+00 1.342683245127427316e+00 1.422866490888435198e+00 1.583004824728991622e+00 1.713168265999965412e+00 1.780913188628504118e+00 1.826606683018513477e+00 1.868893525096648967e+00 1.947251453616451355e+00 1.955159623563190063e+00 1.970191182813318287e+00 2.048813866502533720e+00 2.060415676152265618e+00 2.343795138851440640e+00 2.441252279015397875e+00 2.492243516718693819e+00 2.605116507713031826e+00 3.341518339994008269e+00 3.489971978478465964e+00 3.536469054301330850e+00 3.638764459771859805e+00
3.496516391600762441e-01 4.599205602884684496e-01 8.041096755847471078e-01 8.190008923523818263e-01 8.427383321044930042e-01 8.844214700732830892e-01 9.775214274362982181e-01 1.019743557610589990e+00 1.238735030981103380e+00 1.293545587636685035e+00 1.343713718324804463e+00 1.423795930160406620e+00 1.582240387278985194e+00 1.711959974895962855e+00 1.768826531490803822e+00 1.836293160292957083e+00 1.868170099228186887e+00 1.939033853197849711e+00 1.953906677884594156e+00 1.979135646601744236e+00 2.044439443837312353e+00 2.067665871660009369e+00 2.343275412013722470e+00 2.436083658295851606e+00 2.485250925191780258e+00 2.607831736284141222e+00 3.348436583685545642e+00 3.444306758530395918e+00 3.544444655321056903e+00 3.667761126159402973e+00
3.703081662731881329e-01 4.523132857815165830e-01 7.908804458540186211e-01 8.162006177703521326e-01 8.416500328782049456e-01 8.884589798129711724e-01 9.483553790759219337e-01 1.024929412751931501e+00 1.241196106780606323e+00 1.310956264357748813e+00 1.345715168985127663e+00 1.426426240184729188e+00 1.580952804998460248e+00 1.709233266474508017e+00 1.754790035940268167e+00 1.844832197151473174e+00 1.866787277289206459e+00 1.930122061903933872e+00 1.953113733888691472e+00 1.990051919296475624e+00 2.037127171614883103e+00 2.079065557080365778e+00 2.342401758146803292e+00 2.428305387206743493e+00 2.474238153227772852e+00 2.612870276616150456e+00 3.358101516404274012e+00 3.388680805139911545e+00 3.556908843883802795e+00 3.697493355497692313e+00
3.961087330967415499e-01 4.419915623555134565e-01 7.733479300681624924e-01 8.132097391199079039e-01 8.398287469926374316e-01 8.903470969146320968e-01 9.046091942014040654e-01 1.047121768708999090e+00 1.244205978590321227e+00 1.325160367371141401e+00 1.349105439412133789e+00 1.431864689382638778e+00 1.579064868462267901e+00 1.704368194578089746e+00 1.739884088673177898e+00 1.849403550497333404e+00 1.864715416062991293e+00 1.921342236907549905e+00 1.954248180436848559e+00 2.002886033150411027e+00 2.027266472885731918e+00 2.093171956927815103e+00 2.341305692663052884e+00 2.418929391324337264e+00 2.460104744020625844e+00 2.620790231228742329e+00 3.322698890033233710e+00 3.374768727317831729e+00 3.572569274357529689e+00 3.724482480114517990e+00
4.224812991233212744e-01 4.314874796507019994e-01 7.483742302025050419e-01 8.103196437139879027e-01 8.342417310645541262e-01 8.566215362136457845e-01 9.014209058284566867e-01 1.072873051988723292e+00 1.247324513719269445e+00 1.334750411735489140e+00 1.354389133333433692e+00 1.440618051303956815e+00 1.576374717723154628e+00 1.697077183437450509e+00 1.724366915654299337e+00 1.849080165618115279e+00 1.861903523810037431e+00 1.913345004909426494e+00 1.957973035216174607e+00 2.015345362221276027e+00 2.017780567080981413e+00 2.108001663037238682e+00 2.340338567549575366e+00 2.408999726759164073e+00 2.443950336343915453e+00 2.632094066158474632e+00 3.256947139264096514e+00 3.389281400995962201e+00 3.589961886996095863e+00 3.747947943095323531e+00
4.121349592341657653e-01 4.560027995086559094e-01 7.102345365748775619e-01 8.077538332251583686e-01 8.145503079684918157e-01 8.398876136513586665e-01 9.069331240621496537e-01 1.099086583768918990e+00 1.250049832337373434e+00 1.340290957340344091e+00 1.362058302160962242e+00 1.452169593121876101e+00 1.572502035101057460e+00 1.687546667067994166e+00 1.708602176995673405e+00 1.844962338381297862e+00 1.858338425681768991e+00 1.906594113322347406e+00 1.963030047590920146e+00 2.003780318889660350e+00 2.033332182096349250e+00 2.121429789629662999e+00 2.340006255445537864e+00 2.399413219123098795e+00 2.426951245816813429e+00 2.647094506598112407e+00 3.189761102032089291e+00 3.404433354297809355e+00 3.607596212692606663e+00 3.767775025589688909e+00
3.938655053099370251e-01 4.846369137481040257e-01 6.616125305804123613e-01 7.971206796409117112e-01 8.059493122543435195e-01 8.336603138499180110e-01 9.122929440370237675e-01 1.124038475343781984e+00 1.252006672755803685e+00 1.342938297082409971e+00 1.372339213050512985e+00 1.465314890485192922e+00 1.566921051457529357e+00 1.676439675850370570e+00 1.693460159125907749e+00 1.838618344236717883e+00 1.854836504525670060e+00 1.901259630569676951e+00 1.965461698805651025e+00 1.995446746104421853e+00 2.049278905309443566e+00 2.131820930674908965e+00 2.340701345370084674e+00 2.390839555030904062e+00 2.410305352541747936e+00 2.665752761276741989e+00 3.124152871220414962e+00 3.418626576007236295e+00 3.624081180753570219e+00 3.783997548153455792e+00
3.730247258106812458e-01 5.102073695851494506e-01 6.132594360497756192e-01 7.871664995928232544e-01 8.048034385285957049e-01 8.277668196331805506e-01 9.168733207150733255e-01 1.146182341010639094e+00 1.253105179098006339e+00 1.343726674643771490e+00 1.384697874849521115e+00 1.478594686856811613e+00 1.559275855223436924e+00 1.664873946133851756e+00 1.680281292331273546e+00 1.831533599295219972e+00 1.852297792287040501e+00 1.897301202279513044e+00 1.960860016975731090e+00 1.994755595541739090e+00 2.064100651666419317e+00 2.138566968821209446e+00 2.342383433202964937e+00 2.383724003291652238e+00 2.395256517396668894e+00 2.687387196612029960e+00 3.063215079758982551e+00 3.430779979662885282e+00 3.638210219130447065e+00 3.796647283689432939e+00
3.514001128144573771e-01 5.305038920721344420e-01 5.742789220945461182e-01 7.814579388329342402e-01 8.046075464404802702e-01 8.219864961718384988e-01 9.203410072492085314e-01 1.163885652349821553e+00 1.253534532402776680e+00 1.343463563310946851e+00 1.397513216574069572e+00 1.490345669555792174e+00 1.550160860210024749e+00 1.654395393315490903e+00 1.670362919515042899e+00 1.825214578332419180e+00 1.850916662169955096e+00 1.894603040616587686e+00 1.952882587494780608e+00 1.998267776769565796e+00 2.076316141395624815e+00 2.142144940791648633e+00 2.344503787578708920e+00 2.378279881669691065e+00 2.383189116619491177e+00 2.710036812593555222e+00 3.010932417126328087e+00 3.440060083451085493e+00 3.649012183866662262e+00 3.805719960489478915e+00
3.337413908758458114e-01 5.427420846409460875e-01 5.507295061956768434e-01 7.784317837284828734e-01 8.052557990603530502e-01 8.172276906707141020e-01 9.224931926721260389e-01 1.175461914204294578e+00 1.253610981502667698e+00 1.342869923871072624e+00 1.407861903177002105e+00 1.498651112017215903e+00 1.541991680003373499e+00 1.646869856850583513e+00 1.664390651047662706e+00 1.820899032273829876e+00 1.850387295911088303e+00 1.893045957755534747e+00 1.946605482027236267e+00 2.001456850089267991e+00 2.084440452125387200e+00 2.143626638134362938e+00 2.346260203623229845e+00 2.373883573206691633e+00 2.376238561549263828e+00 2.729193938731046654e+00 2.973351704084416625e+00 3.445868599455915948e+00 3.655779572850665016e+00 3.811185465481815360e+00
3.267330810500418403e-01 5.402803967149297781e-01 5.495470013733589898e-01 7.774724776820773897e-01 8.058496437778573940e-01 8.151598799237428361e-01 9.232217780503485516e-01 1.179509416600433402e+00 1.253602364038055805e+00 1.342580246067841099e+00 1.411979130427065243e+00 1.501687395251119161e+00 1.538569734961390489e+00 1.644092848479310476e+00 1.662425119448828204e+00 1.819371308866959414e+00 1.850278107604904854e+00 1.892538798986712623e+00 1.944291729442093830e+00 2.002653648632524597e+00 2.087300959508524123e+00 2.143992281858665194e+00 2.346945161700715321e+00 2.371484304126612930e+00 2.374685079065399052e+00 2.737203605955785157e+00 2.959091442960427809e+00 3.447844932600996337e+00 3.658083276673936179e+00 3.813011743825470035e+00
5.363230374744470952e-01 5.395542815240702561e-01 5.397013310908224115e-01 6.853032186523886349e-01 7.701255553698220790e-01 7.705743419309775133e-01 1.063648306492092299e+00 1.136726233096853944e+00 1.137084683442659339e+00 1.411478212143366884e+00 1.452471309734516103e+00 1.452646777758968444e+00 1.584356329813495279e+00 1.584578812479155108e+00 1.707126563497449956e+00 1.816866098400760521e+00 1.817381000527042545e+00 1.931105259163655496e+00 1.931368442312116906e+00 2.046931691722651436e+00 2.047681697664985645e+00 2.119833650690263749e+00 2.374530118121081834e+00 2.374554920746631659e+00 2.376116133507877315e+00 2.698338127639475559e+00 2.957122140988656334e+00 3.567594520151113890e+00 3.567862031210574436e+00 3.813944335081843828e+00
5.511625546135378029e-01 5.573706692282527353e-01 5.579982010274679993e-01 6.916319234897203572e-01 7.517792539406387142e-01 7.523440978910093113e-01 1.058884625253663003e+00 1.140877218348436362e+00 1.141245990270478128e+00 1.413443927167973957e+00 1.424299132947353330e+00 1.424512587926016760e+00 1.613830457789804385e+00 1.614022035870226190e+00 1.708021559733405859e+00 1.810947664755149011e+00 1.811483763391124713e+00 1.936552568027753995e+00 1.936817794978456631e+00 2.052048145273857038e+00 2.052801089072218144e+00 2.102684887165398919e+00 2.371096853937163740e+00 2.371103619310535482e+00 2.385845406917018519e+00 2.690720370065827538e+00 2.973211434622921701e+00 3.563295815821642787e+00 3.563563988028719542e+00 3.810285951189673614e+00
5.700019447611420764e-01 5.711928537111888859e-01 5.871950577323417075e-01 6.979788816334797641e-01 7.356280316319822044e-01 7.363105911288891914e-01 1.054937010941747300e+00 1.142382916751774502e+00 1.142781412942690311e+00 1.398186509493519081e+00 1.398561829101300669e+00 1.411174298237602764e+00 1.642370330226616382e+00 1.642558229149701399e+00 1.708456154021225526e+00 1.807336762386596796e+00 1.807901857150903568e+00 1.943384059243927542e+00 1.943649917382851422e+00 2.054153603626622360e+00 2.054889511168089822e+00 2.086916565465348761e+00 2.371610367422988030e+00 2.371642208515936545e+00 2.392209596026466212e+00 2.674382246392436269e+00 3.010268109293693151e+00 3.554931238457988751e+00 3.555202474106690769e+00 3.802912172773663446e+00
5.754555184054729322e-01 5.769576678181086438e-01 6.389832238063035685e-01 7.038140788501733303e-01 7.240345536309892305e-01 7.246713585931996437e-01 1.052154308386309856e+00 1.141402398085489267e+00 1.141829082841895548e+00 1.374911010288279112e+00 1.375455674263911687e+00 1.404809879086293067e+00 1.669554636754093213e+00 1.669733842339821805e+00 1.708358589010460005e+00 1.805592714980466695e+00 1.806190965439671947e+00 1.950660250423517539e+00 1.950924535258339088e+00 2.053505667528973788e+00 2.054199879488819658e+00 2.072253454849262599e+00 2.376390779099793349e+00 2.376472948072301250e+00 2.395556324355250677e+00 2.655060030959020878e+00 3.061553213387970374e+00 3.543034868715446706e+00 3.543312552168083496e+00 3.791914222631521447e+00
5.718479210018880821e-01 5.732857457407349866e-01 6.975687647207037267e-01 7.113917280212529448e-01 7.193153720363821835e-01 7.197196713379091504e-01 1.050820919387655650e+00 1.138166139653360887e+00 1.138600092311924605e+00 1.355115602337066516e+00 1.355760348034566354e+00 1.394732851403218676e+00 1.695206195488843770e+00 1.695354788134320723e+00 1.707711485972081222e+00 1.804807341446274416e+00 1.805418848839144719e+00 1.957430103859956416e+00 1.957685885975504414e+00 2.050759182427583482e+00 2.051383966232200873e+00 2.058390711928827166e+00 2.385317489924136058e+00 2.385458791081620067e+00 2.396280090314852451e+00 2.636474224844744363e+00 3.121738106170456106e+00 3.528398193191629950e+00 3.528683530475592356e+00 3.777374229047194998e+00
5.591279671688416109e-01 5.602487912285050164e-01 7.094592647154343013e-01 7.216312762962860949e-01 7.220652363053500222e-01 7.687308926334540660e-01 1.051113302972551899e+00 1.132920956031657322e+00 1.133354911345714866e+00 1.339313072281699268e+00 1.339939114288851263e+00 1.381256663902224791e+00 1.706542815014079562e+00 1.719355295028485386e+00 1.719459783853375168e+00 1.803757200541974859e+00 1.804331464972803722e+00 1.962853064443849105e+00 1.963087589480100537e+00 2.045344824154782248e+00 2.046862831966988150e+00 2.047372199020275563e+00 2.394741580379716961e+00 2.397773236120359641e+00 2.397973402630830364e+00 2.620378318593706624e+00 3.186936264230824545e+00 3.512050807392284479e+00 3.512340577306938716e+00 3.759344979931133146e+00
5.394039472717359063e-01 5.401705417209469173e-01 7.105707604069100292e-01 7.297716220429238954e-01 7.302401041412732718e-01 8.352484644942660408e-01 1.053057806064891633e+00 1.125946246660559869e+00 1.126390597876126831e+00 1.327823294566246703e+00 1.328320848122793718e+00 1.364400952749682983e+00 1.704968379392016287e+00 1.742107873047965549e+00 1.742183954289756809e+00 1.801183413297372748e+00 1.801658594923927659e+00 1.966358588024844645e+00 1.966560973532263334e+00 2.034002777479951174e+00 2.042591194061047055e+00 2.042986224858029942e+00 2.391206917176671443e+00 2.412680129198740531e+00 2.412934724400681574e+00 2.607378247543399308e+00 3.254018127515571734e+00 3.495223490006721168e+00 3.495512576827564999e+00 3.737855097711011432e+00
5.153379262473013478e-01 5.158938945769113715e-01 7.094675830556390617e-01 7.419236245493279203e-01 7.423620343240747710e-01 8.991848002990112665e-01 1.056507991851636685e+00 1.117593547194553505e+00 1.118052607758759587e+00 1.320705161597233612e+00 1.321085095005057664e+00 1.343940537973113303e+00 1.703125639257982993e+00 1.763360241383757909e+00 1.763429694284468496e+00 1.796357612837903739e+00 1.796671281350732619e+00 1.967730484002976787e+00 1.967905549724372705e+00 2.025668083043491663e+00 2.038512958995002844e+00 2.038772259415045252e+00 2.385822429033597203e+00 2.428618017193874934e+00 2.428915631522612806e+00 2.597476829605860793e+00 3.320205676313231713e+00 3.479286113730169827e+00 3.479573792461887471e+00 3.712981291358257163e+00
4.891590493311847032e-01 4.898020395664490212e-01 7.065670838729743997e-01 7.567595373257760549e-01 7.572079231632820040e-01 9.575038397807765778e-01 1.061156978908950110e+00 1.108290571124393109e+00 1.108760737837962473e+00 1.317773467624765660e+00 1.318221600003416594e+00 1.319954001415444500e+00 1.701203963359199767e+00 1.778565097095591963e+00 1.779077851732957294e+00 1.793175154857116205e+00 1.793438201030007173e+00 1.967012361548295507e+00 1.967174829798215008e+00 2.022066230543897891e+00 2.034620597883635806e+00 2.034756321993818062e+00 2.378679336282482737e+00 2.443980330642455900e+00 2.444308179644310908e+00 2.590381444563665259e+00 3.382764019513761600e+00 3.465651133763584912e+00 3.465944843465000424e+00 3.685096277659313468e+00
4.628450153690071289e-01 4.637262195755260663e-01 7.023135812393483945e-01 7.734255484011841597e-01 7.739596908522761165e-01 1.006651649495166945e+00 1.066587311610263988e+00 1.098524379286871078e+00 1.099005940454494290e+00 1.293888916206901163e+00 1.318886522113545734e+00 1.319451098214835305e+00 1.699402522328672616e+00 1.771729119769499095e+00 1.772269336188935895e+00 1.808232393907327040e+00 1.808501510203689655e+00 1.964318670955104595e+00 1.964469265452431390e+00 2.024618592071167456e+00 2.030579320633005391e+00 2.030641744326972642e+00 2.369895935758037364e+00 2.457186454519778795e+00 2.457531963977327205e+00 2.585691694292337584e+00 3.438246101413329647e+00 3.455635752785706671e+00 3.455947594294894287e+00 3.655680639584717007e+00
4.382470762731958125e-01 4.393135934774377027e-01 6.971962828529084666e-01 7.912481211308478590e-01 7.918627956423217595e-01 1.040625899590330583e+00 1.072320006449127172e+00 1.088835876974497907e+00 1.089338675575094229e+00 1.270722570231296533e+00 1.323743396192802235e+00 1.324355675117610209e+00 1.697895280759441627e+00 1.757339491824180033e+00 1.757820202725184799e+00 1.827342629284100406e+00 1.827572526551702214e+00 1.959783622274015480e+00 1.959928156982414515e+00 2.025911221293193787e+00 2.025976855366729001e+00 2.034062684380217867e+00 2.359668612923642605e+00 2.466911122392036582e+00 2.467263000147709828e+00 2.583031283425691882e+00 3.450284465798170608e+00 3.450606790336554486e+00 3.479685132289205729e+00 3.630241261398778008e+00
4.171314466122963416e-01 4.182360535273376145e-01 6.916882155694625833e-01 8.094028376932109747e-01 8.100478973760022461e-01 1.050290097286237456e+00 1.077451003081424385e+00 1.079845656276671839e+00 1.080574257588751586e+00 1.259580433705328240e+00 1.332037348572065349e+00 1.332608015033124538e+00 1.696805553184771886e+00 1.740228159443061751e+00 1.740670192038435982e+00 1.845885664252072456e+00 1.846113550491138122e+00 1.953780596911699918e+00 1.953949779477185844e+00 2.020188960730366912e+00 2.020293102720486900e+00 2.050248637732537293e+00 2.348258832522520212e+00 2.472288683013037947e+00 2.472637016585521597e+00 2.582147370837243550e+00 3.450193115003393096e+00 3.450522730595164234e+00 3.490806259575294224e+00 3.624130655278268165e+00
