-1.935365664383245643e-01
-1.730318102631173416e-01
-1.525270540879101744e-01
-1.320222979127029794e-01
-1.115175417374957845e-01
-9.101278556228858951e-02
-7.050802938708139456e-02
-5.000327321187421348e-02
-2.949851703666700811e-02
-8.993760861459801012e-03
1.151099531374738007e-02
3.201575148895455941e-02
5.252050766416176825e-02
7.302526383936897014e-02
9.353002001457612347e-02
1.140347761897833323e-01
1.345395323649905550e-01
1.550442885401977500e-01
1.755490447154049449e-01
1.960538008906121121e-01
2.165585570658193071e-01
2.370633132410265298e-01
2.575680694162336692e-01
2.780728255914408642e-01
2.985775817666481147e-01
3.190823379418553096e-01
3.395870941170625046e-01
3.600918502922696995e-01
3.805966064674768390e-01
4.011013626426840339e-01
4.216061188178912289e-01
4.421108749930984239e-01
4.626156311683056743e-01
4.831203873435129248e-01
5.036251435187200087e-01
5.241298996939273147e-01
5.446346558691343986e-01
5.651394120443414826e-01
5.856441682195487886e-01
6.061489243947559835e-01
6.266536805699632895e-01
6.471584367451703734e-01
6.676631929203776794e-01
6.881679490955847633e-01
7.086727052707918473e-01
7.291774614459991533e-01
7.496822176212062372e-01
7.701869737964136542e-01
7.906917299716207381e-01
8.111964861468278221e-01
8.317012423220351280e-01
8.522059984972422120e-01
8.727107546724495180e-01
8.932155108476566019e-01
9.137202670228639079e-01
9.342250231980711028e-01
9.547297793732781868e-01
9.752345355484854927e-01
9.957392917236925767e-01
1.016244047898899883e+00
1.036748804074107078e+00
1.057253560249314273e+00
1.077758316424521468e+00
1.098263072599728662e+00
1.118767828774935857e+00
1.139272584950142830e+00
1.159777341125350247e+00
1.180282097300557220e+00
1.200786853475764637e+00
1.221291609650971832e+00
1.241796365826179027e+00
1.262301122001386222e+00
1.282805878176593417e+00
1.303310634351800612e+00
1.323815390527007585e+00
1.344320146702215002e+00
1.364824902877421975e+00
1.385329659052629392e+00
1.405834415227836587e+00
1.426339171403043782e+00
1.446843927578250977e+00
1.467348683753457950e+00
1.487853439928665367e+00
1.508358196103872340e+00
1.528862952279079757e+00
1.549367708454286952e+00
1.569872464629494146e+00
1.590377220804701341e+00
1.610881976979908314e+00
1.631386733155115731e+00
1.651891489330322704e+00
1.672396245505530121e+00
1.692901001680737094e+00
1.713405757855944289e+00
1.733910514031151706e+00
1.754415270206358901e+00
1.774920026381566096e+00
1.795424782556773069e+00
1.815929538731980264e+00
1.836434294907187681e+00
1.856939051082394876e+00
1.877443807257601849e+00
1.897948563432809044e+00
1.918453319608016683e+00
1.938958075783223656e+00
1.959462831958430851e+00
1.979967588133637824e+00
2.000472344308844797e+00
2.020977100484052436e+00
2.041481856659259631e+00
2.061986612834466825e+00
2.082491369009674020e+00
2.102996125184880771e+00
2.123500881360088410e+00
2.144005637535295605e+00
2.164510393710502800e+00
2.185015149885709551e+00
2.205519906060917190e+00
2.226024662236124385e+00
2.246529418411331580e+00
2.267034174586538775e+00
2.287538930761745526e+00
2.308043686936953165e+00
2.328548443112160360e+00
2.349053199287367555e+00
2.369557955462574306e+00
2.390062711637781945e+00
2.410567467812989140e+00
2.431072223988196335e+00
2.451576980163403530e+00
2.472081736338610281e+00
2.492586492513817920e+00
2.513091248689025115e+00
2.533596004864232309e+00
2.554100761039439060e+00
2.574605517214646699e+00
2.595110273389853894e+00
2.615615029565061089e+00
2.636119785740268284e+00
2.656624541915475035e+00
2.677129298090682674e+00
2.697634054265889869e+00
2.718138810441097064e+00
2.738643566616303815e+00
2.759148322791511454e+00
2.779653078966718649e+00
2.800157835141925844e+00
2.820662591317133039e+00
2.841167347492339790e+00
2.861672103667547429e+00
2.882176859842754624e+00
2.902681616017961819e+00
2.923186372193168570e+00
2.943691128368375765e+00
2.964195884543583404e+00
2.984700640718790599e+00
3.005205396893997793e+00
3.025710153069204544e+00
3.046214909244412183e+00
3.066719665419619378e+00
3.087224421594826573e+00
3.107729177770033324e+00
3.128233933945240519e+00
3.148738690120448158e+00
3.169243446295655353e+00
3.189748202470862548e+00
3.210252958646069299e+00
3.230757714821276938e+00
3.251262470996484133e+00
3.271767227171691328e+00
3.292271983346898079e+00
3.312776739522105274e+00
3.333281495697312913e+00
3.353786251872520108e+00
3.374291008047727303e+00
3.394795764222934054e+00
3.415300520398141249e+00
3.435805276573348888e+00
3.456310032748556083e+00
3.476814788923763277e+00
3.497319545098970028e+00
3.517824301274177667e+00
3.538329057449384862e+00
3.558833813624592057e+00
3.579338569799798808e+00
3.599843325975006447e+00
3.620348082150213198e+00
3.640852838325420837e+00
3.661357594500628032e+00
3.681862350675834783e+00
3.702367106851042422e+00
3.722871863026249173e+00
3.743376619201456812e+00
3.763881375376664007e+00
3.784386131551870758e+00
3.804890887727078397e+00
3.825395643902285148e+00
3.845900400077492787e+00
3.866405156252699982e+00
3.886909912427906733e+00
