0.000000000000000000e+00
3.546475643747889345e-02
7.092951287495778689e-02
1.063942693124366734e-01
1.418590257499155738e-01
1.773237821873944742e-01
2.127885386248733468e-01
2.482532950623522472e-01
2.837180514998311476e-01
3.191828079373100202e-01
3.546475643747889483e-01
3.901123208122678210e-01
4.276508963847932554e-01
4.651894719573186343e-01
5.027280475298441242e-01
5.402666231023695032e-01
5.778051986748948821e-01
6.153437742474203720e-01
6.499947670835977132e-01
6.846457599197749433e-01
7.192967527559522845e-01
7.539477455921295146e-01
7.885987384283068558e-01
8.232497312644841969e-01
8.579007241006615381e-01
8.925517169368387682e-01
9.272027097730159984e-01
9.618537026091933395e-01
9.965046954453706807e-01
1.031155688281548022e+00
1.065806681117725141e+00
1.098155766885484663e+00
1.130504852653243963e+00
1.162853938421003486e+00
1.195203024188763008e+00
1.227552109956522530e+00
1.259901195724281830e+00
1.292250281492041353e+00
1.324599367259800875e+00
1.356948453027560397e+00
1.389297538795319698e+00
1.421646624563079220e+00
1.454155984630768117e+00
1.486665344698457236e+00
1.519174704766146133e+00
1.551684064833835253e+00
1.584193424901524150e+00
1.616702784969213269e+00
1.649212145036902166e+00
1.681721505104591063e+00
1.714230865172280183e+00
1.746740225239969080e+00
1.779249585307657977e+00
1.811758945375347096e+00
1.843934867294654500e+00
1.876110789213962127e+00
1.908286711133269531e+00
1.940462633052577157e+00
1.972638554971884561e+00
2.004814476891191966e+00
2.036990398810499592e+00
2.067021259268519984e+00
2.097052119726540376e+00
2.127082980184560768e+00
2.157113840642580715e+00
2.187144701100601107e+00
2.217175561558621499e+00
2.247206422016641891e+00
2.277237282474662283e+00
2.307268142932682675e+00
2.337299003390702623e+00
2.367329863848723015e+00
2.397360724306743407e+00
2.427391584764763799e+00
2.457422445222784191e+00
2.487453305680804583e+00
2.487453305680804583e+00
2.519802391448564105e+00
2.552151477216323627e+00
2.584500562984083150e+00
2.616849648751842228e+00
2.649198734519601750e+00
2.681547820287361272e+00
2.713896906055120795e+00
2.746245991822880317e+00
2.778595077590639839e+00
2.810944163358399361e+00
2.843293249126158884e+00
2.843293249126158884e+00
2.875642334893918406e+00
2.907991420661677928e+00
2.940340506429437450e+00
2.972689592197196529e+00
3.005038677964956051e+00
3.037387763732715573e+00
3.069736849500475095e+00
3.102085935268234618e+00
3.134435021035994140e+00
3.166784106803753662e+00
3.199133192571513185e+00
