-7.291803111140908733e-01
-7.007307518906681354e-01
-6.722811926672452865e-01
-6.438316334438225486e-01
-6.153820742203998106e-01
-5.869325149969769617e-01
-5.584829557735542238e-01
-5.300333965501313749e-01
-5.015838373267086370e-01
-4.731342781032857880e-01
-4.446847188798631056e-01
-4.162351596564403122e-01
-3.877856004330174633e-01
-3.593360412095947254e-01
-3.308864819861719320e-01
-3.024369227627491941e-01
-2.739873635393264006e-01
-2.455378043159035795e-01
-2.170882450924807860e-01
-1.886386858690581037e-01
-1.601891266456352825e-01
-1.317395674222124891e-01
-1.032900081987896818e-01
-7.484044897536688834e-02
-4.639088975194408104e-02
-1.794133052852138824e-02
1.050822869490141385e-02
3.895778791832421595e-02
6.740734714174702324e-02
9.585690636516981666e-02
1.243064655885925129e-01
1.527560248120153064e-01
1.812055840354381275e-01
2.096551432588609210e-01
2.381047024822837144e-01
2.665542617057065078e-01
2.950038209291293012e-01
3.234533801525521501e-01
3.519029393759747215e-01
3.803524985993975149e-01
4.088020578228203084e-01
4.372516170462431018e-01
4.657011762696658952e-01
4.941507354930887441e-01
5.226002947165114820e-01
5.510498539399343310e-01
5.794994131633571799e-01
6.079489723867799178e-01
6.363985316102027667e-01
6.648480908336252826e-01
6.932976500570481315e-01
7.217472092804708694e-01
7.501967685038937184e-01
7.786463277273165673e-01
8.070958869507393052e-01
8.355454461741621541e-01
8.639950053975848920e-01
8.924445646210077410e-01
9.208941238444304789e-01
9.493436830678529947e-01
9.777932422912760657e-01
1.006242801514698693e+00
1.034692360738121542e+00
1.063141919961544168e+00
1.091591479184967239e+00
1.120041038408389866e+00
1.148490597631812937e+00
1.176940156855235342e+00
1.205389716078658413e+00
1.233839275302081040e+00
1.262288834525504111e+00
1.290738393748926738e+00
1.319187952972349587e+00
1.347637512195772214e+00
1.376087071419195285e+00
1.404536630642617911e+00
1.432986189866040538e+00
1.461435749089463387e+00
1.489885308312886014e+00
1.518334867536309085e+00
1.546784426759731712e+00
1.575233985983154561e+00
1.603683545206577188e+00
1.632133104430000259e+00
1.660582663653422886e+00
1.689032222876845957e+00
1.717481782100268362e+00
1.745931341323690988e+00
1.774380900547114059e+00
1.802830459770536686e+00
1.831280018993959757e+00
1.859729578217382162e+00
1.888179137440805233e+00
1.916628696664227860e+00
1.945078255887650931e+00
1.973527815111073558e+00
2.001977374334496407e+00
2.030426933557919256e+00
2.058876492781341661e+00
2.087326052004764509e+00
2.115775611228187358e+00
2.144225170451610207e+00
2.172674729675033056e+00
2.201124288898455905e+00
2.229573848121878310e+00
2.258023407345301603e+00
2.286472966568724008e+00
2.314922525792146857e+00
2.343372085015569706e+00
2.371821644238992111e+00
2.400271203462415404e+00
2.428720762685837808e+00
2.457170321909260657e+00
2.485619881132683506e+00
2.514069440356106355e+00
2.542518999579529204e+00
2.570968558802952053e+00
2.599418118026374458e+00
2.627867677249797307e+00
2.656317236473220156e+00
2.684766795696643005e+00
2.713216354920065854e+00
2.741665914143488259e+00
2.770115473366911552e+00
2.798565032590333956e+00
2.827014591813757249e+00
2.855464151037179654e+00
2.883913710260602503e+00
2.912363269484025352e+00
2.940812828707447757e+00
2.969262387930871050e+00
2.997711947154293455e+00
3.026161506377716304e+00
3.054611065601139153e+00
3.083060624824561557e+00
3.111510184047985295e+00
3.139959743271407699e+00
3.168409302494830104e+00
3.196858861718252953e+00
3.225308420941675358e+00
3.253757980165099095e+00
3.282207539388521500e+00
3.310657098611943905e+00
3.339106657835366754e+00
3.367556217058790047e+00
3.396005776282212896e+00
3.424455335505635301e+00
3.452904894729057705e+00
3.481354453952481443e+00
3.509804013175903847e+00
3.538253572399326252e+00
3.566703131622749101e+00
3.595152690846171506e+00
3.623602250069595243e+00
3.652051809293017648e+00
3.680501368516440053e+00
3.708950927739862902e+00
3.737400486963286195e+00
3.765850046186709044e+00
3.794299605410131448e+00
3.822749164633553853e+00
3.851198723856976702e+00
3.879648283080399995e+00
3.908097842303822844e+00
3.936547401527245249e+00
3.964996960750667654e+00
3.993446519974091391e+00
4.021896079197514240e+00
4.050345638420936645e+00
4.078795197644359050e+00
4.107244756867782343e+00
4.135694316091204747e+00
4.164143875314628040e+00
4.192593434538050445e+00
4.221042993761472850e+00
4.249492552984896143e+00
4.277942112208318548e+00
4.306391671431741841e+00
4.334841230655164246e+00
4.363290789878587539e+00
4.391740349102009944e+00
4.420189908325432349e+00
4.448639467548855642e+00
4.477089026772278046e+00
4.505538585995701339e+00
4.533988145219123744e+00
4.562437704442546149e+00
4.590887263665969442e+00
4.619336822889392735e+00
4.647786382112815140e+00
4.676235941336237545e+00
4.704685500559659950e+00
4.733135059783084131e+00
4.761584619006506536e+00
4.790034178229928941e+00
4.818483737453351345e+00
4.846933296676773750e+00
4.875382855900197931e+00
4.903832415123620336e+00
4.932281974347042741e+00
