-2.853687768407458405e-05 -8.812181800773846903e-06 -1.827842945695406973e-08 8.001872586284219935e-02 1.000064990106021456e+00 1.240070286527550136e+00 1.240300178121710450e+00 1.338634680486150641e+00 1.338994811941673468e+00 1.340513925098137271e+00 1.340774976696323950e+00 1.343888488493348188e+00 1.405347848179977044e+00 1.556493601220469314e+00 1.556928973669205352e+00 1.827636174008360648e+00 1.829062289419698395e+00 1.987269895085643334e+00 1.987451999618731646e+00 2.032485687980272182e+00 2.033953777413858077e+00 2.172759012169019233e+00 2.225557099519722914e+00 2.361237165243886604e+00 2.361237253224196309e+00 2.942927221661262305e+00 2.977856529580290790e+00 3.429479420479659701e+00 3.429702263033958420e+00 3.804290663046823617e+00
-8.265302977238722648e-02 5.228405196675842831e-02 9.685535003808884436e-02 1.387460337767890128e-01 9.936548591888084703e-01 1.225503341539726732e+00 1.238772298369340330e+00 1.328064003859839470e+00 1.332676988035173427e+00 1.336381160336636009e+00 1.342815991753196991e+00 1.353196173051718576e+00 1.417793883920619891e+00 1.559964663073738711e+00 1.564362156835478634e+00 1.827097408609277718e+00 1.830976419890268048e+00 1.987006246616223715e+00 1.987562728275008794e+00 2.031190961357556279e+00 2.032915400156984020e+00 2.172484096603934933e+00 2.227745633700317196e+00 2.361338519037257111e+00 2.362017537771918807e+00 2.937020028506429181e+00 2.977464717259730165e+00 3.428409886154601072e+00 3.437001855934874506e+00 3.804475300291357165e+00
-5.720485282028301560e-02 1.055813983590238869e-01 1.510545673456142046e-01 2.204282098664158140e-01 9.755616816802984426e-01 1.189187231985867621e+00 1.230088198676432487e+00 1.310760478411979069e+00 1.322392055876157713e+00 1.332930686860240854e+00 1.346206538753387472e+00 1.365006590970245570e+00 1.441845006318664524e+00 1.570508963339535047e+00 1.582525387842474096e+00 1.826875002753727717e+00 1.834700435479448277e+00 1.985659166336156023e+00 1.987343703456692978e+00 2.027968491465850676e+00 2.030565188310996749e+00 2.171673043701297878e+00 2.234197820111911259e+00 2.361796295638535881e+00 2.363956746362206651e+00 2.920196437236356690e+00 2.976325609608437617e+00 3.429880333861386354e+00 3.453366636200254192e+00 3.805013938645296800e+00
9.611357106476982326e-02 1.608877200642425953e-01 2.106333091266494040e-01 3.029524497336856803e-01 9.483749954271699645e-01 1.142934646141842592e+00 1.206558185629917457e+00 1.295719433320472902e+00 1.310602227800616637e+00 1.332945816461687416e+00 1.351303039514733406e+00 1.379744779288486267e+00 1.464544310813398420e+00 1.586788134002286244e+00 1.604693454965421706e+00 1.827044715673712405e+00 1.838517020583814832e+00 1.982836692967003822e+00 1.984300647547914576e+00 2.023416404315118378e+00 2.030183363848367506e+00 2.170248716744529016e+00 2.244607064747104364e+00 2.362576293624309542e+00 2.366479792592831366e+00 2.894898758905405600e+00 2.974541804289584590e+00 3.432568159697952925e+00 3.477823539858445834e+00 3.805863257281423717e+00
1.625392391359547495e-01 2.168516690101855993e-01 2.740194120452335014e-01 3.894919347192013492e-01 9.148274162998369929e-01 1.093815719523994145e+00 1.168714826477913027e+00 1.284900274514642504e+00 1.296912090762631697e+00 1.335235461401243162e+00 1.358095410606200648e+00 1.398772439869456985e+00 1.482473734656865272e+00 1.605958113550588484e+00 1.625761195961081151e+00 1.827099039333908381e+00 1.841033546976769575e+00 1.974171782666153563e+00 1.980962955958193383e+00 2.017892443880953568e+00 2.034726329489448204e+00 2.168000287450846830e+00 2.258414139414418820e+00 2.363671227056571844e+00 2.368926366342394729e+00 2.864539035663007382e+00 2.972268995594173457e+00 3.435857983837410146e+00 3.507844621676757590e+00 3.806957974111977894e+00
2.119165218252251626e-01 2.696827015055720533e-01 3.405420144910447089e-01 4.795687563153845923e-01 8.772378824005947484e-01 1.045653066010612475e+00 1.122203617144541976e+00 1.276026058008784325e+00 1.281262537729699114e+00 1.337791608412110866e+00 1.366198860108273738e+00 1.421809289440472801e+00 1.495920675712630432e+00 1.624520576346551559e+00 1.642672671863988576e+00 1.825147944443377135e+00 1.843214230427000944e+00 1.960739971201591603e+00 1.977255454960987979e+00 2.012463640232659223e+00 2.043332902766195502e+00 2.164781540464917331e+00 2.274680563242043263e+00 2.365041644082340078e+00 2.370876109293248213e+00 2.832863002157001375e+00 2.969699291714167355e+00 3.439301814002355684e+00 3.540467261489558037e+00 3.808217674874405212e+00
2.509076731251575487e-01 3.194584313970966760e-01 4.068306700711674107e-01 5.697314107823938656e-01 8.376280404611615715e-01 1.001032042593925864e+00 1.070680107121977143e+00 1.261952467958388224e+00 1.269948491675452873e+00 1.339840580276364657e+00 1.375152032504415756e+00 1.447208123290792070e+00 1.505520087751968550e+00 1.639892702860196172e+00 1.653732253056353851e+00 1.819144111366884919e+00 1.848174984681300037e+00 1.944227729926381931e+00 1.972687675139362939e+00 2.008028335880750692e+00 2.054008743261086511e+00 2.160682697493802706e+00 2.292123810814862939e+00 2.366604675507279598e+00 2.372241406289655963e+00 2.803321766676703852e+00 2.967042720913819931e+00 3.442549338576848417e+00 3.572801181792367942e+00 3.809552387191952771e+00
2.811283073556823942e-01 3.679329940760840412e-01 4.696369047698010224e-01 6.546766383177085036e-01 7.982988804979902486e-01 9.624290738995854300e-01 1.015987938912032096e+00 1.242138637224593722e+00 1.263861031525885137e+00 1.341332516266526831e+00 1.384548235052732945e+00 1.473023493024702590e+00 1.511178234067173110e+00 1.650963557313466223e+00 1.658381767214391234e+00 1.811248265875565755e+00 1.856596589867611335e+00 1.925255523720141859e+00 1.967093731514124144e+00 2.005078326431302127e+00 2.064913892700603881e+00 2.156055678480472082e+00 2.309285712476828678e+00 2.368225577870313181e+00 2.373161336349825401e+00 2.778491435739186777e+00 2.964510073803773516e+00 3.445352734932536798e+00 3.602320561327744475e+00 3.810866160611012798e+00
3.033202455722289748e-01 4.157272258895878814e-01 5.250820760379326657e-01 7.274572808666207591e-01 7.634775220067104851e-01 9.331878199173380128e-01 9.593633192897633721e-01 1.221363882769985088e+00 1.259277900031868347e+00 1.342366229198665772e+00 1.394006765209027554e+00 1.497369311125059665e+00 1.512442463813228111e+00 1.657123345784404123e+00 1.657929450738039989e+00 1.805959792532918051e+00 1.867060724311831788e+00 1.904502079436160011e+00 1.960560457689789926e+00 2.003621462676819398e+00 2.074537644905328548e+00 2.151447644083274380e+00 2.324700270621162357e+00 2.369707773258999950e+00 2.373819202330376577e+00 2.759709015231288642e+00 2.962298649605716427e+00 3.447566633284357973e+00 3.627030078359373633e+00 3.812058346378042639e+00
3.182281092623425733e-01 4.624121686404721321e-01 5.639342160874131205e-01 7.416164606624712219e-01 7.804612605950992377e-01 9.021355955190170084e-01 9.184225258699817429e-01 1.201677229575062622e+00 1.256069129925768246e+00 1.343027048514828348e+00 1.402946982409649657e+00 1.509471295842668814e+00 1.518417577942678287e+00 1.652388819468535885e+00 1.661035754440450596e+00 1.806797323369671915e+00 1.875296015622196721e+00 1.885457039972204152e+00 1.953668122775973792e+00 2.003256272431790386e+00 2.081854007028640208e+00 2.147496554944895664e+00 2.337016346079106022e+00 2.370815515074668589e+00 2.374321002650585655e+00 2.747108109945918919e+00 2.960580390225385550e+00 3.449133979709080755e+00 3.645516857106180009e+00 3.813023932198971622e+00
3.266724046410240390e-01 5.065966259049655696e-01 5.703413619643569188e-01 7.505702721509317499e-01 8.050508213618418063e-01 8.467938928568630175e-01 9.199511793044307106e-01 1.186495607546795394e+00 1.254185691473459929e+00 1.343383674262259353e+00 1.410012271816548202e+00 1.504967494121305371e+00 1.533210207777524703e+00 1.646844378273797815e+00 1.662030055642118809e+00 1.814008263849743008e+00 1.860860607212744711e+00 1.888510665263075428e+00 1.947788608677464062e+00 2.003388405275830397e+00 2.086348155897284951e+00 2.144815318945432203e+00 2.345061879877538669e+00 2.371399135154854676e+00 2.374667353664256630e+00 2.740060499442180664e+00 2.959490727724162440e+00 3.450057288856890114e+00 3.656904576445237698e+00 3.813659302295636433e+00
3.293849625771170797e-01 5.412596876219349928e-01 5.499171307880088566e-01 7.774471160115928869e-01 8.038327589603938561e-01 8.136660767950985029e-01 9.241962219185158034e-01 1.180555803215065813e+00 1.253567538420695682e+00 1.343494220689052776e+00 1.412848987997179950e+00 1.502700581018846959e+00 1.538744417001006726e+00 1.644344772653413500e+00 1.662162998765931876e+00 1.820441594891111459e+00 1.850360102492976999e+00 1.891799506853305113e+00 1.945302266352961329e+00 2.003500758709597207e+00 2.087854546872681460e+00 2.143863518315955119e+00 2.347886218094548560e+00 2.371549603045961518e+00 2.374794882283369102e+00 2.737818078757131346e+00 2.959117340879822589e+00 3.450360856287739697e+00 3.660744894787832049e+00 3.813881910028775746e+00
3.380095819018354431e-01 5.405304489347682040e-01 5.514851821819051203e-01 7.738668042187661911e-01 7.910864783009914358e-01 8.170515320130362635e-01 9.387303733374132708e-01 1.179967983295177492e+00 1.243066084759824053e+00 1.346752971354043149e+00 1.420641563498707294e+00 1.500572047179574264e+00 1.537573412301415532e+00 1.641912217654540873e+00 1.664909479111984281e+00 1.821116659124762949e+00 1.849404662574190006e+00 1.890613918612033206e+00 1.944711409407279934e+00 2.005581786774741193e+00 2.086604600571014156e+00 2.142997586640800645e+00 2.348194948071252952e+00 2.371998246264982679e+00 2.374669662088205513e+00 2.736298576667706595e+00 2.959078315851745522e+00 3.456087714399751931e+00 3.656652343889929213e+00 3.813969838370613541e+00
3.627119914446030879e-01 5.392481600685522514e-01 5.573850573948471165e-01 7.595897831610126660e-01 7.696150928807573566e-01 8.227801218455768062e-01 9.701683518240667992e-01 1.177855743773418729e+00 1.217106482812708057e+00 1.356096565428395406e+00 1.437844889054520570e+00 1.494208272901068613e+00 1.536044209137823691e+00 1.635329860696784987e+00 1.672435311634162369e+00 1.820845289374708464e+00 1.845889562164000575e+00 1.890511477399702489e+00 1.943345618277688924e+00 2.011301150068339538e+00 2.082566572868836285e+00 2.140026884077371516e+00 2.350071818089508824e+00 2.372991828876708009e+00 2.374458418747809940e+00 2.731860463873193368e+00 2.958932917866581302e+00 3.472011027177763332e+00 3.645231439843941157e+00 3.814187382748375654e+00
3.999346017006185638e-01 5.414416008509785883e-01 5.659955760571797612e-01 7.306122863970744286e-01 7.592971759702376033e-01 8.225015302860193556e-01 1.005340485254908600e+00 1.173357604722397030e+00 1.184495079994070776e+00 1.370182065651267989e+00 1.453694036243978083e+00 1.483930709743035203e+00 1.538961498758311341e+00 1.626045589800386937e+00 1.682954638393144631e+00 1.817718228212051645e+00 1.837705604226953726e+00 1.896948183534201027e+00 1.942138285562628797e+00 2.019550110582876368e+00 2.075744494951360597e+00 2.134474833342451916e+00 2.354803967498541706e+00 2.373759197847380875e+00 2.374803765017922785e+00 2.724817747025524373e+00 2.958626534794738028e+00 3.494912506509006533e+00 3.628715405972935848e+00 3.814434702803920718e+00
4.443514454287271209e-01 5.472290262108324699e-01 5.720369942898844151e-01 7.044261286510559161e-01 7.532361915815598552e-01 8.117214553102811703e-01 1.037878147397196527e+00 1.152306279702519864e+00 1.165913203232508577e+00 1.386721197078807588e+00 1.461024665872956652e+00 1.470852600222239293e+00 1.549932416901449450e+00 1.614638649247524649e+00 1.694470351048192436e+00 1.814399335869600671e+00 1.826265404271409709e+00 1.908665446802251919e+00 1.941113120995268337e+00 2.029271098304389120e+00 2.067074580232592496e+00 2.127337361817609462e+00 2.362041878891061319e+00 2.374084365544867570e+00 2.375805103963656073e+00 2.715804396553815003e+00 2.958148133545787761e+00 3.520912292218261186e+00 3.609764632531075268e+00 3.814633701882305328e+00
4.911034563662666774e-01 5.488260109747271631e-01 5.657838631737559520e-01 6.885123244547828314e-01 7.562553595465502099e-01 7.919127326736055128e-01 1.060159046066586841e+00 1.132218637134922989e+00 1.153917995797984153e+00 1.403088099932635613e+00 1.457381097441067475e+00 1.459935430190536065e+00 1.566785501538949354e+00 1.600848165004682855e+00 1.703998310321303222e+00 1.813678808538973231e+00 1.817706461221184844e+00 1.921281449911688144e+00 1.938385103087766570e+00 2.039399089374072993e+00 2.057629918840307326e+00 2.121506525726557513e+00 2.369819825385019119e+00 2.374441588241094969e+00 2.376400411777797483e+00 2.706329240456606833e+00 2.957590503046605424e+00 3.546722556429014350e+00 3.590219832027387703e+00 3.814771909275675554e+00
5.362389091005069774e-01 5.391189853093720785e-01 5.393752631466245395e-01 6.850217120230891465e-01 7.698560783363770366e-01 7.703064035028324152e-01 1.063414492886769924e+00 1.137242860446792125e+00 1.137587270622693714e+00 1.412206646417869971e+00 1.452823266116775036e+00 1.453013462966031621e+00 1.584546854476624800e+00 1.584758014863856701e+00 1.707573439487407585e+00 1.816899043241217315e+00 1.817393826109821031e+00 1.931753597589171978e+00 1.931985638553480822e+00 2.047953397133824183e+00 2.048670698328608264e+00 2.119847896754391225e+00 2.374611285418986473e+00 2.374639409717241190e+00 2.377020387056301587e+00 2.699233550955640659e+00 2.957158407265950917e+00 3.570124022185703350e+00 3.570383919373566695e+00 3.814867468865191125e+00
5.062697024980619132e-01 5.145931111853714324e-01 5.828072797398659022e-01 6.796159101601735308e-01 7.599508843085250875e-01 7.874339290221199494e-01 1.064503676277928301e+00 1.120653193802767511e+00 1.156846545372338220e+00 1.405295178049283944e+00 1.445456158990240825e+00 1.468102650031284817e+00 1.567998959357343569e+00 1.598165019906298889e+00 1.705757107590721633e+00 1.814710517886237051e+00 1.823278318700875200e+00 1.922243506638730892e+00 1.940130066815615617e+00 2.040468877089773425e+00 2.055224912190485309e+00 2.121274431500668634e+00 2.371464175725275680e+00 2.374554264710130536e+00 2.378147776293784599e+00 2.701340598698924733e+00 2.957327216891143529e+00 3.550476555170511084e+00 3.587556246702695795e+00 3.814816874090284582e+00
4.660446350654154357e-01 4.842337996084052354e-01 6.250806487537293732e-01 6.549044509969919048e-01 7.699988440795885181e-01 7.997045353787214372e-01 1.071610039816125237e+00 1.104884359771645563e+00 1.178772489992196526e+00 1.393103086826255499e+00 1.437008547103909128e+00 1.492106989653908755e+00 1.549446318130808908e+00 1.605054870174281278e+00 1.702548790742862472e+00 1.812541166009453475e+00 1.835781470162921813e+00 1.910371990580410628e+00 1.948097177194247021e+00 2.032523675454807943e+00 2.060230520654119157e+00 2.125353846111921907e+00 2.364623359213382958e+00 2.374094231209926686e+00 2.378864913317631835e+00 2.708095874733222885e+00 2.957901792341411262e+00 3.530922779586579630e+00 3.599131802931288870e+00 3.814591645472618975e+00
4.211598316464126301e-01 4.487585482435808570e-01 6.138123513154397637e-01 6.662084861424878435e-01 7.874199787968216846e-01 8.068321040684824919e-01 1.086496179978970522e+00 1.095402495517945773e+00 1.200089498226239337e+00 1.381296484253514034e+00 1.428155085705277383e+00 1.518239581440663066e+00 1.529443887927810941e+00 1.603172582145264036e+00 1.700855613040515912e+00 1.810851395739330627e+00 1.852890559884290855e+00 1.896890151992565388e+00 1.955634898176167535e+00 2.025269246435650761e+00 2.062617173362327083e+00 2.131294874864841926e+00 2.354388344382709164e+00 2.373312431667573996e+00 2.378663509305151358e+00 2.719798036517311335e+00 2.958951594336195701e+00 3.512168636778955300e+00 3.603900031135464310e+00 3.814111708336626716e+00
3.734562296302695317e-01 4.099266115973721480e-01 5.647272669295394509e-01 7.014287575745706826e-01 7.737597393875732532e-01 8.387588336677590517e-01 1.096618131161701593e+00 1.107972890976117952e+00 1.219934870243011726e+00 1.371251819066394262e+00 1.419228201826221669e+00 1.506441608203613836e+00 1.544934693115689983e+00 1.593460719007611548e+00 1.700107257664867255e+00 1.810211947797494059e+00 1.872152435145440164e+00 1.883364450711506821e+00 1.962586982094881360e+00 2.019136721575570004e+00 2.062272234001811366e+00 2.138256900167692542e+00 2.340843578159799154e+00 2.372230662260941703e+00 2.377724245438268991e+00 2.736454567605387744e+00 2.960498521010161532e+00 3.494790879845625753e+00 3.601267831423767607e+00 3.813323694791648233e+00
3.240862997610835516e-01 3.688951959977908590e-01 5.104562663064051709e-01 6.995798066379501634e-01 7.719133885254418903e-01 8.818496043117061145e-01 1.108525639104851912e+00 1.134126490664417064e+00 1.238141606900902136e+00 1.363075393543852654e+00 1.410457787476621982e+00 1.482626882114670419e+00 1.567466658690028769e+00 1.578586952406689781e+00 1.697469950545506201e+00 1.810956089564912830e+00 1.867596799287360110e+00 1.895528249802286958e+00 1.968768372172547965e+00 2.014521185010794468e+00 2.059342782050952447e+00 2.145525558960235113e+00 2.324518696151857355e+00 2.370892477318453651e+00 2.376214061797790045e+00 2.757795305851368006e+00 2.962506805082692818e+00 3.479214990157436294e+00 3.591273184752112879e+00 3.812234445356061041e+00
2.735143998040011071e-01 3.264049431275886093e-01 4.527696742046729561e-01 6.457299995569176776e-01 8.050231735941425493e-01 9.304036448760425460e-01 1.127754254853885030e+00 1.163338434738916405e+00 1.254777267648358174e+00 1.356387527714162600e+00 1.401976473110994048e+00 1.457567425803429462e+00 1.560287610423142679e+00 1.584660009571903672e+00 1.690278096931882024e+00 1.813059041793390724e+00 1.855441108682763796e+00 1.917269547804387075e+00 1.973997956370282747e+00 2.011822238330847057e+00 2.054256426542211855e+00 2.152526528983429444e+00 2.306367561511828423e+00 2.369361252219712721e+00 2.374274375488115929e+00 2.783235352473743873e+00 2.964881972622262829e+00 3.465704681604893089e+00 3.574576623416491294e+00 3.810918718152492168e+00
2.214074532410552631e-01 2.828567077281296527e-01 3.928532997538013438e-01 5.739145432842202021e-01 8.437217837297668055e-01 9.826119897608415199e-01 1.150924333753416517e+00 1.194189548538986623e+00 1.269994100997170028e+00 1.350698927572818286e+00 1.393797326225115540e+00 1.432000115197676449e+00 1.540057096890979693e+00 1.594385224298429771e+00 1.676949701288809935e+00 1.816046010378486342e+00 1.846098719873424887e+00 1.938134834740019352e+00 1.978145615201387875e+00 2.011415729667728858e+00 2.047744472935355109e+00 2.158797177305344928e+00 2.287658821820549360e+00 2.367716961466080683e+00 2.372036853737282236e+00 2.811807471650603407e+00 2.967479498175308983e+00 3.454368890641522860e+00 3.552438176399063341e+00 3.809494869684004748e+00
1.663319505576817681e-01 2.383472133303710661e-01 3.317286959378494271e-01 4.932677424569695823e-01 8.820472343513812152e-01 1.036870154568187319e+00 1.175480966766012436e+00 1.225441718410952063e+00 1.283975356045912619e+00 1.345657246046414679e+00 1.385811074241025453e+00 1.406951769598480340e+00 1.518071212983702623e+00 1.596337088169753837e+00 1.657378237365528806e+00 1.819047435559674852e+00 1.840153612177362730e+00 1.956687802063940440e+00 1.981228733087571747e+00 2.013444004103197571e+00 2.040867578226404078e+00 2.163981841647224957e+00 2.269800065084953467e+00 2.366052856632576695e+00 2.369634965001031102e+00 2.842103303146202187e+00 2.970121111518377877e+00 3.445186684668296806e+00 3.526670073407892403e+00 3.808089364279376277e+00
1.039538999202819919e-01 1.927532453011589209e-01 2.703623521972370880e-01 4.076266196103631723e-01 9.181203364753488527e-01 1.091400046949934532e+00 1.199162547686938973e+00 1.255916127082214562e+00 1.296923899268293212e+00 1.341192667325222576e+00 1.377789525892639366e+00 1.383952756947776530e+00 1.494372087572692021e+00 1.591294117318701629e+00 1.633034640070802457e+00 1.821358166623655350e+00 1.836905141517849449e+00 1.971543857974575209e+00 1.983469520436464517e+00 2.017526232037132772e+00 2.035035000157919161e+00 2.167866313099101827e+00 2.254102731763255818e+00 2.364472635826863733e+00 2.367217176016024549e+00 2.872254413961476072e+00 2.972615058966294299e+00 3.438048555739996459e+00 3.499557836851769022e+00 3.806811780089808028e+00
-3.541010811743701414e-02 1.459195420361473206e-01 2.096740930146358539e-01 3.196142925659442580e-01 9.502661801846344902e-01 1.143937493923367521e+00 1.219289905386803152e+00 1.284352262886855778e+00 1.309079261171917086e+00 1.337662433596731981e+00 1.364654726540446950e+00 1.369895952289583274e+00 1.468924539519831818e+00 1.581274078475983558e+00 1.606689010849225552e+00 1.823047796031722179e+00 1.834857223604940746e+00 1.981385998974884100e+00 1.985142051775445449e+00 2.022713403457834236e+00 2.031790218252991220e+00 2.170434224157911096e+00 2.241536854150607549e+00 2.363087208062376376e+00 2.364962880603852291e+00 2.899967531243196728e+00 2.974776451567388236e+00 3.432812891213756767e+00 3.473747888722726440e+00 3.805745459819084520e+00
-8.869754032570231761e-02 9.788861992452140004e-02 1.508851872599378530e-01 2.311406854828717827e-01 9.763888348041314114e-01 1.191019751127327497e+00 1.232854388278236568e+00 1.309228097299067084e+00 1.320769433048788244e+00 1.336043293749818339e+00 1.351461424099954511e+00 1.361399844050793506e+00 1.442261328609765636e+00 1.569403198316653203e+00 1.582183366414729342e+00 1.824586310838656633e+00 1.832855441136515218e+00 1.985974563419751870e+00 1.986382926518772685e+00 2.027718947432142649e+00 2.031678555078008763e+00 2.171889463694375522e+00 2.232583109082068251e+00 2.362009726979767077e+00 2.363086053646954898e+00 2.922641216714284340e+00 2.976444778963140969e+00 3.429390651380483046e+00 3.452056430777894036e+00 3.804948197090717965e+00
-8.919094743567511363e-02 4.903227650758140710e-02 9.779136567523254164e-02 1.426011094990151939e-01 9.938550168761794978e-01 1.226412266283026575e+00 1.238858214232932964e+00 1.328494403179998340e+00 1.332326768617548396e+00 1.337069507901587961e+00 1.343991377106702245e+00 1.352426153250990915e+00 1.417470652545554266e+00 1.559731093268076352e+00 1.564181696510170694e+00 1.826248292079722280e+00 1.830678826082310806e+00 1.987128513829825360e+00 1.987215228146156365e+00 2.031251521380025071e+00 2.033138369677195634e+00 2.172568359125180315e+00 2.227296921944422081e+00 2.361352182106389197e+00 2.361801387136277075e+00 2.937653112649548870e+00 2.977497076126087716e+00 3.427950958307439677e+00 3.437001612362936775e+00 3.804456619398382866e+00
-2.853687768407458405e-05 -8.812181800773846903e-06 -1.827842945695406973e-08 8.001872586284219935e-02 1.000064990106021456e+00 1.240070286527550136e+00 1.240300178121710450e+00 1.338634680486150641e+00 1.338994811941673468e+00 1.340513925098137271e+00 1.340774976696323950e+00 1.343888488493348188e+00 1.405347848179977044e+00 1.556493601220469314e+00 1.556928973669205352e+00 1.827636174008360648e+00 1.829062289419698395e+00 1.987269895085643334e+00 1.987451999618731646e+00 2.032485687980272182e+00 2.033953777413858077e+00 2.172759012169019233e+00 2.225557099519722914e+00 2.361237165243886604e+00 2.361237253224196309e+00 2.942927221661262305e+00 2.977856529580290790e+00 3.429479420479659701e+00 3.429702263033958420e+00 3.804290663046823617e+00
4.330412553446469359e-02 4.331803849806632051e-02 8.646754948675874908e-02 1.066588526230355105e-01 1.000668362472505013e+00 1.237520249313729614e+00 1.237736518388482976e+00 1.317473803536076904e+00 1.317790431537303242e+00 1.344014638660441463e+00 1.361060920101425431e+00 1.361369614759537994e+00 1.404884755772495275e+00 1.557722238378534074e+00 1.558173585946387885e+00 1.827751359925043451e+00 1.829176331732954353e+00 1.989256488801468103e+00 1.989452736192769855e+00 2.030325442126387436e+00 2.031748740181863244e+00 2.154563427202897063e+00 2.239772546667884612e+00 2.363406518583837546e+00 2.363424529380389494e+00 2.910602663483026653e+00 3.016767587107965998e+00 3.427500025838394748e+00 3.427723354999615779e+00 3.803254282040013035e+00
8.634373711816258068e-02 8.635997474344390967e-02 1.032999302544548026e-01 2.127458089775750016e-01 1.002550367275404364e+00 1.228028019114549840e+00 1.228203788532347573e+00 1.298768060793729084e+00 1.299113492271532833e+00 1.344453907646228075e+00 1.380007504864751100e+00 1.380321390033220963e+00 1.403516415036914378e+00 1.561354583677074581e+00 1.561853331386360511e+00 1.827879168973773893e+00 1.829303788772910222e+00 1.994626086164632550e+00 1.994891429335374333e+00 2.024645540686208278e+00 2.025912223547118529e+00 2.119718995538286244e+00 2.263072456062478643e+00 2.369650989923992146e+00 2.369717829150380428e+00 2.871316405309614961e+00 3.075117632413122415e+00 3.421681108891388323e+00 3.421905884860963365e+00 3.800062380759899217e+00
1.253403848213952287e-01 1.287844565456952306e-01 1.288036935189568466e-01 3.176175247863388118e-01 1.005941730938108680e+00 1.208715399722189332e+00 1.208845042586881746e+00 1.287632269612739133e+00 1.288014027358463709e+00 1.345193170093205826e+00 1.395940128014066195e+00 1.396249398128140973e+00 1.401305589294211895e+00 1.567250484543892597e+00 1.567825854966749421e+00 1.827330802236114549e+00 1.828763046716360252e+00 2.000137505384525838e+00 2.000715957978228765e+00 2.019279052084712589e+00 2.020092592000241716e+00 2.079561072905591779e+00 2.285173560380182600e+00 2.379278734818687013e+00 2.379413183782273400e+00 2.836347829120809738e+00 3.139737905543039886e+00 3.412379796328730563e+00 3.412606942773086516e+00 3.794487120122643997e+00
1.490446547829128443e-01 1.701830699238926492e-01 1.702052407178784310e-01 4.196970224885745449e-01 1.011276432759709909e+00 1.181345175042650242e+00 1.181447599949855487e+00 1.283315697427378943e+00 1.283725461824887892e+00 1.346242868999696585e+00 1.398348751823393465e+00 1.409070577130029811e+00 1.409362133589087573e+00 1.575248786000988721e+00 1.575925345012977763e+00 1.824920534731634181e+00 1.826373770467960567e+00 1.996989971524417040e+00 1.997947332383025021e+00 2.023887720211357433e+00 2.024121549282837940e+00 2.036798837158746434e+00 2.304772612708808399e+00 2.391377337028818939e+00 2.391585195127012842e+00 2.805577444360972006e+00 3.208143864442644766e+00 3.400188241050381421e+00 3.400418640160472794e+00 3.786208114760393872e+00
1.722663392808947425e-01 2.099258499723488103e-01 2.099507948619403763e-01 5.165305926572648643e-01 1.019252541380143873e+00 1.150226963144655778e+00 1.150316817693782356e+00 1.282452982390025253e+00 1.282887836518940006e+00 1.347613121192212660e+00 1.394787743305646144e+00 1.419919536657862302e+00 1.420180001853763807e+00 1.585257213982968816e+00 1.586052991135878720e+00 1.819153567603093213e+00 1.820636705795779298e+00 1.988891845605828879e+00 1.989767189486782550e+00 1.992923730303580721e+00 2.035619460699629180e+00 2.035727772096230126e+00 2.321880133311288397e+00 2.404977581873327885e+00 2.405254791599798825e+00 2.778579048103321458e+00 3.277971868490435980e+00 3.385925877177752064e+00 3.386160501388053579e+00 3.774874924619822991e+00
1.936546041131414764e-01 2.471766513970930224e-01 2.472041042806200628e-01 6.046790899344132164e-01 1.030836836364441345e+00 1.118562681846569928e+00 1.118647343419604478e+00 1.282894639816218652e+00 1.283355342157383561e+00 1.349308041299446037e+00 1.390787947971000582e+00 1.428990267341149423e+00 1.429209827945663314e+00 1.597299929757796111e+00 1.598226176739583781e+00 1.808792465123603588e+00 1.810297029954593739e+00 1.949244977413995938e+00 1.982136822436610046e+00 1.982837413745794031e+00 2.048639840146994295e+00 2.048724520959553264e+00 2.336664091813049904e+00 2.419109194136060292e+00 2.419445863809347674e+00 2.755141364795293146e+00 3.346869206279969866e+00 3.370621386095323135e+00 3.370864621094797453e+00 3.760154153674271083e+00
2.122747008135490165e-01 2.808370404315047031e-01 2.808667466964363535e-01 6.799909046702262705e-01 1.046967017855605864e+00 1.088636935888013690e+00 1.088720533109527322e+00 1.283644140110447918e+00 1.284130671797474310e+00 1.351313989795435822e+00 1.386549409430781532e+00 1.436568048320945312e+00 1.436742546346860827e+00 1.611461975744934882e+00 1.612524633898453796e+00 1.793567561632510632e+00 1.795065093731713413e+00 1.907348939717527836e+00 1.978167273661219694e+00 1.978725925485553816e+00 2.060980223556833746e+00 2.061064389603311398e+00 2.349195729755755302e+00 2.432783952335287214e+00 2.433167675595244717e+00 2.735301161270127235e+00 3.355473166508604166e+00 3.355712269652745050e+00 3.412749854935504867e+00 3.741744150638760757e+00
2.274376892003168449e-01 3.095402872657280202e-01 3.095719948085148276e-01 7.386292709170709792e-01 1.062434466502991226e+00 1.062519565520242848e+00 1.067502187769714617e+00 1.284291334513953275e+00 1.284801348745521210e+00 1.353574240075869239e+00 1.382314203454901191e+00 1.442691170047563309e+00 1.442823030352555769e+00 1.627712435900585008e+00 1.628915650499178414e+00 1.774417348181210219e+00 1.775869549919631085e+00 1.869321593624804878e+00 1.976675957323246191e+00 1.977131975140449027e+00 2.071530452951583889e+00 2.071621496351094383e+00 2.359387846498481434e+00 2.444975971285161087e+00 2.445394111658341085e+00 2.719286893606818634e+00 3.341783041829369694e+00 3.342027425114864947e+00 3.473911950895555822e+00 3.719359776572221943e+00
2.386306210447648457e-01 3.317239594480071441e-01 3.317573368120219635e-01 7.787940219769200478e-01 1.041858520362881180e+00 1.041945689609021342e+00 1.089543361725826331e+00 1.284719171927125148e+00 1.285247885594007933e+00 1.355928221507462172e+00 1.378411131954473179e+00 1.447238386859746706e+00 1.447335948404091521e+00 1.645552094264144616e+00 1.646905782945344399e+00 1.753239198275936106e+00 1.754604022010144870e+00 1.838046306711662359e+00 1.976648205996843766e+00 1.977038613307620984e+00 2.079539492263389189e+00 2.079638760079419058e+00 2.367009921066105083e+00 2.454656319840891943e+00 2.455097330406350586e+00 2.707443005967089977e+00 3.330837690464950374e+00 3.331085628842692437e+00 3.529184978818133978e+00 3.692730340297870395e+00
2.454914117637561899e-01 3.458371773260172644e-01 3.458717075937889351e-01 8.014417821493081684e-01 1.028647361426954010e+00 1.028736465134802769e+00 1.107100797613176368e+00 1.284943027596599174e+00 1.285483742029567944e+00 1.357964227067218976e+00 1.375386918291948479e+00 1.450047335116961822e+00 1.450122999798884926e+00 1.662959741344399056e+00 1.664492632335297762e+00 1.733300757225342270e+00 1.734525378288729769e+00 1.817058317820858804e+00 1.977076704442619848e+00 1.977431238268286151e+00 2.084522145689278183e+00 2.084627631989022678e+00 2.371759591723933358e+00 2.460903575452966674e+00 2.461357453077991586e+00 2.700140280663143599e+00 3.323754003854245465e+00 3.324004201324629815e+00 3.577588964613549471e+00 3.661869857699117770e+00
2.478025795029480394e-01 3.506920473233559044e-01 3.507269953894058823e-01 8.086617046111413964e-01 1.024083582822897798e+00 1.024173444363557728e+00 1.113853945734811557e+00 1.285010301013274514e+00 1.285555145656572584e+00 1.358847088099931044e+00 1.374164487656671430e+00 1.450997841585770498e+00 1.451066028168392030e+00 1.672111343828576402e+00 1.673788957337084993e+00 1.723214567136326814e+00 1.724313720144321938e+00 1.809605149639558208e+00 1.977295245131606816e+00 1.977638405828387791e+00 2.086211195738826518e+00 2.086318970904307957e+00 2.373377124915585945e+00 2.463065110672196134e+00 2.463523116804955837e+00 2.697669100570039724e+00 3.321300983944767360e+00 3.321551964081323138e+00 3.609966810995100417e+00 3.635396979474327495e+00
2.528203284910448545e-01 3.429635030257071060e-01 3.692172912995637102e-01 7.982410791103772274e-01 1.022725405796082176e+00 1.028895066159515093e+00 1.116827916739236537e+00 1.265031611890268248e+00 1.281132717383974606e+00 1.354640836590483843e+00 1.390017466228977483e+00 1.449504743784074901e+00 1.451651578228927875e+00 1.674249868151064469e+00 1.678229827033174582e+00 1.723570041728574420e+00 1.725624722651560417e+00 1.813348504197497046e+00 1.976917261251070590e+00 1.979514948948099207e+00 2.085051447104075084e+00 2.085905739152117633e+00 2.372902449836738370e+00 2.463195572003805456e+00 2.463858871902619541e+00 2.695868837237596072e+00 3.319738883832354936e+00 3.325679005922766773e+00 3.609353655621614365e+00 3.635081010334594076e+00
2.670512961355759884e-01 3.485788550875165148e-01 3.961347795236926372e-01 7.704357416273150960e-01 1.018669713611734862e+00 1.039368821856949898e+00 1.126103181518308682e+00 1.225181543034627341e+00 1.267719026051042253e+00 1.344319107409150948e+00 1.414211867584058480e+00 1.448926129482121627e+00 1.452584181755475878e+00 1.679192962042192594e+00 1.690924445987476155e+00 1.725254912833012577e+00 1.729611359140037719e+00 1.824228464109494574e+00 1.975895264084834402e+00 1.984600544798637900e+00 2.081431398772938035e+00 2.084784576485233298e+00 2.371525700667583614e+00 2.462449486133904575e+00 2.465921527600330343e+00 2.690517655614562020e+00 3.320259492310004834e+00 3.332717849767602658e+00 3.607576200692538482e+00 3.634222062658055474e+00
2.879838560464544339e-01 3.686357373653919578e-01 4.305151767694991860e-01 7.316627339270717068e-01 1.011963104598490482e+00 1.049511296931875615e+00 1.141517349479406862e+00 1.181186049195771082e+00 1.245335418569027741e+00 1.332192396522923428e+00 1.417725051797103397e+00 1.452778861004220712e+00 1.464373517473261499e+00 1.685686672364892891e+00 1.707285732640816622e+00 1.729611512277521745e+00 1.737328093886816971e+00 1.841176049055765374e+00 1.974253323212292077e+00 1.991802090792866631e+00 2.075361178234733650e+00 2.082904808773198280e+00 2.369379235923399829e+00 2.461164316695194199e+00 2.469145891459877618e+00 2.681827360027587481e+00 3.322420647455016862e+00 3.342705010784134068e+00 3.604812041932800692e+00 3.633031169727730880e+00
3.116098169261796724e-01 4.016534494181378534e-01 4.727263576960261671e-01 6.872406447421784970e-01 1.002396647933170071e+00 1.056667092601705882e+00 1.137989243997817201e+00 1.160062258584120265e+00 1.216376325369597167e+00 1.321144200274388281e+00 1.405274038187809049e+00 1.452117323117991798e+00 1.488284105938324720e+00 1.691810160480965886e+00 1.721409200061980282e+00 1.738069137248286378e+00 1.751233929560499059e+00 1.862381693986191689e+00 1.972066952420139518e+00 1.999870334977572828e+00 2.066825953733063770e+00 2.080284539251803011e+00 2.366657319555931505e+00 2.459366317811606972e+00 2.473179943062268293e+00 2.670310737575274818e+00 3.325538455536887206e+00 3.355672602136462679e+00 3.601296607673830863e+00 3.631728760103999587e+00
3.339849325606385477e-01 4.431820397758923780e-01 5.233210707564981412e-01 6.416046735675434709e-01 9.892400760021680117e-01 1.061034733209203162e+00 1.098862984080491323e+00 1.163443687209382515e+00 1.197494332947683260e+00 1.312511850024322468e+00 1.387504815464703833e+00 1.450318249772277968e+00 1.510669852252841450e+00 1.696271239805216657e+00 1.732269956097038266e+00 1.749726647724096029e+00 1.771065663950742497e+00 1.885382807428465979e+00 1.969437110977650951e+00 2.007973353366899083e+00 2.055872428666276175e+00 2.076991175188881655e+00 2.363590326271217901e+00 2.457096128947400704e+00 2.477618865295214690e+00 2.656878167127525892e+00 3.328984214549784770e+00 3.371434154580661424e+00 3.597188385648790732e+00 3.630467231419034047e+00
3.525194577846433308e-01 4.855914743764153663e-01 5.809362047944508500e-01 6.014302038181429388e-01 9.713815844009396905e-01 1.062703693646392722e+00 1.066452572826520839e+00 1.128943454446902805e+00 1.210279245131876236e+00 1.307467821076572889e+00 1.367059626082488766e+00 1.447422002527842366e+00 1.530176559898261512e+00 1.699245515529415940e+00 1.742503551080968549e+00 1.763105283729030415e+00 1.792714960521715195e+00 1.907364108910957201e+00 1.966485444632761759e+00 2.016007698719525454e+00 2.042701616638103346e+00 2.073127165768533953e+00 2.360423685907375280e+00 2.454442641710287365e+00 2.482031195851931660e+00 2.642784598731298562e+00 3.332305162277478860e+00 3.389592569683077095e+00 3.592419641800338681e+00 3.629317110054380180e+00
3.651768519201497032e-01 5.090233414674135703e-01 5.854875930527095873e-01 6.438828514655928759e-01 9.486970853657477054e-01 1.040145877304478939e+00 1.061350402658086001e+00 1.087915850740948542e+00 1.224254175894849972e+00 1.307481391262939496e+00 1.345408281698200259e+00 1.443503512360093888e+00 1.546746937849430514e+00 1.701602803990077240e+00 1.752834599173975327e+00 1.777082247291237316e+00 1.813499532104497325e+00 1.925742604185908036e+00 1.963356445938548855e+00 2.023724275267547945e+00 2.028484266082812404e+00 2.068822654951347761e+00 2.357399423697328356e+00 2.451555810507318078e+00 2.486008716314314970e+00 2.629403688335422373e+00 3.335237189437330052e+00 3.409632000812243380e+00 3.586637192870580471e+00 3.628292805605794147e+00
3.693512955003052656e-01 4.956917022677672646e-01 6.169746620478689936e-01 7.053785108031642714e-01 9.235992031525855905e-01 1.020383495207549229e+00 1.030458020588656654e+00 1.071405902308607105e+00 1.232750548884441244e+00 1.313114152619220265e+00 1.323976447271911550e+00 1.438718389735273107e+00 1.560305920096063170e+00 1.704109351415617368e+00 1.763004823964655410e+00 1.790577823186404682e+00 1.832024180114635747e+00 1.939062372414755542e+00 1.960228417460085248e+00 2.011104484277727256e+00 2.034286022192624444e+00 2.064277243479116564e+00 2.354733132794975425e+00 2.448646636569399515e+00 2.489236681592358114e+00 2.617910962675140674e+00 3.337657485730841422e+00 3.430976614464582575e+00 3.579284375819518527e+00 3.627393474704521559e+00
3.631829695596554552e-01 4.797375936170018562e-01 6.644977758391581446e-01 7.614573456694078146e-01 9.001420870342802250e-01 9.810816758816104377e-01 1.004222241845287744e+00 1.070335309517666866e+00 1.236323591629487906e+00 1.304045204661908430e+00 1.322734744026534681e+00 1.433390881694410091e+00 1.570674548742396315e+00 1.707108286946503295e+00 1.772386190716518373e+00 1.802669102178270588e+00 1.847362644706308066e+00 1.947566811458694813e+00 1.957335916560279943e+00 1.995108916370232910e+00 2.043613479419337242e+00 2.059840274718358177e+00 2.352586213754943145e+00 2.445971503267365232e+00 2.491567138799135606e+00 2.609023514542438971e+00 3.339527082753181553e+00 3.452951455103853373e+00 3.569811849876256993e+00 3.626635607372966863e+00
3.502575159200056465e-01 4.723952052519918565e-01 7.155088112846690329e-01 8.066461848707754401e-01 8.829196707686153278e-01 9.292382198766983015e-01 9.895162051841717155e-01 1.070309523210853264e+00 1.237268882193053976e+00 1.287727264760694323e+00 1.332689643301494087e+00 1.428150967663829318e+00 1.577787540891843587e+00 1.710323024753319876e+00 1.780126006129834515e+00 1.812498163112671978e+00 1.858828564776691783e+00 1.952424012589419222e+00 1.955072009319580584e+00 1.980953206261728106e+00 2.051397236195964258e+00 2.056175611425753225e+00 2.351046512699672242e+00 2.443801879457134341e+00 2.493040736108175448e+00 2.602932044987144256e+00 3.340846692490313519e+00 3.474616207496962428e+00 3.558014154254861339e+00 3.626056088765682528e+00
3.385184037419918246e-01 4.703200396754474988e-01 7.676033134658220014e-01 8.321634142473969264e-01 8.753634505113674358e-01 8.797873909039618523e-01 9.770057925349516781e-01 1.070398814095896212e+00 1.237300622024212648e+00 1.276779349644390660e+00 1.340195329691853843e+00 1.424069557621443938e+00 1.581837485658809994e+00 1.712904326958251344e+00 1.785290989381115301e+00 1.819100230394577133e+00 1.865929867020542199e+00 1.952981863257779338e+00 1.955485656455174803e+00 1.970995345270291743e+00 2.052822213547045749e+00 2.057348161978898915e+00 2.350134010536784501e+00 2.442383260022968461e+00 2.493817375761953059e+00 2.599459689623186076e+00 3.341629955276240960e+00 3.494114761605641384e+00 3.544828634715354809e+00 3.625692794160936927e+00
3.339454090547072096e-01 4.699981400689154931e-01 8.164105700607969807e-01 8.209158246479880683e-01 8.445406209238454087e-01 8.815288729272012791e-01 9.713273582546565477e-01 1.070443467695661122e+00 1.237234850532013652e+00 1.272899310889866076e+00 1.343008167355019156e+00 1.422480627351718985e+00 1.583137380709111364e+00 1.713902697101408634e+00 1.787113809684376831e+00 1.821462998298386537e+00 1.868339806201783526e+00 1.952487471734924984e+00 1.956159538959660660e+00 1.967415064602551444e+00 2.051980438376790783e+00 2.059056536790712766e+00 2.349833491881679670e+00 2.441889348435992702e+00 2.494055233100556546e+00 2.598341415197140236e+00 3.341889427032810556e+00 3.504413409273465785e+00 3.536701429827048937e+00 3.625569261336943683e+00
3.372449324142756111e-01 4.694768071355572836e-01 8.033976208594515445e-01 8.111631957564497952e-01 8.503788177837643403e-01 8.969712478043245785e-01 9.766172048285447493e-01 1.070061359867369388e+00 1.235778816905071631e+00 1.272330990018246233e+00 1.338137039842707710e+00 1.419214276728482105e+00 1.588866234207039652e+00 1.716903913865574394e+00 1.785389621165490492e+00 1.822676627921667514e+00 1.866748641693072308e+00 1.951403513237878418e+00 1.956159451475756983e+00 1.969334166270696462e+00 2.051192788996533789e+00 2.057830129184594625e+00 2.350198248531021772e+00 2.442269288304080188e+00 2.493523833832306469e+00 2.597347541113462555e+00 3.345437284952358592e+00 3.504274082642146571e+00 3.534176746805666625e+00 3.625707148247944822e+00
3.468003968474055454e-01 4.676705349478570972e-01 7.756211753479372861e-01 7.991634861181724503e-01 8.569812767658547825e-01 9.271676211421571168e-01 9.906207491745289140e-01 1.069146465934040169e+00 1.229671989796976339e+00 1.270657961647071454e+00 1.327117556196778736e+00 1.410031851538086078e+00 1.604144884558396766e+00 1.724318768388747314e+00 1.780789615556596761e+00 1.825547046546226682e+00 1.862758734059338783e+00 1.948846494731858225e+00 1.956123529761298219e+00 1.974726983359082810e+00 2.048771747846842572e+00 2.054725453600858565e+00 2.351183895431153914e+00 2.443597786397184723e+00 2.491898629547470101e+00 2.594624044294086218e+00 3.355607763202955063e+00 3.503660429244164209e+00 3.526945324440702301e+00 3.626025993055839169e+00
3.614032475646766218e-01 4.637159665761799165e-01 7.484960689239787968e-01 7.887046884278882120e-01 8.598749727916615848e-01 9.602639417590488335e-01 1.009628215206064716e+00 1.068253622234246691e+00 1.214488185257593944e+00 1.268215656700309779e+00 1.317854899970098081e+00 1.396321608879073972e+00 1.625124108490266561e+00 1.732370922792560330e+00 1.774006594386689173e+00 1.828897287510521830e+00 1.858482178902892024e+00 1.946308927169544400e+00 1.955960790029508178e+00 1.982719314310181558e+00 2.044854142778625317e+00 2.051073714170700946e+00 2.352479049424937685e+00 2.446321968782529499e+00 2.489161446033375746e+00 2.590799342940871330e+00 3.371140999720366516e+00 3.501966462685489390e+00 3.516034266708828682e+00 3.626315459446807221e+00
3.788463007262450333e-01 4.562026892227583064e-01 7.251233179203436796e-01 7.847500390691181105e-01 8.564621870784319135e-01 9.931592825287229864e-01 1.030341984912729769e+00 1.067957228553495286e+00 1.187947667552637476e+00 1.265758297221683870e+00 1.315208838268405067e+00 1.379637995517522198e+00 1.648390909272666516e+00 1.737681868076128788e+00 1.765149083378123152e+00 1.832317378746124215e+00 1.855847470569604418e+00 1.945218507530774632e+00 1.955573886410279849e+00 1.992255179453024994e+00 2.040229401120283725e+00 2.048035274427311148e+00 2.353643864386007145e+00 2.450834149578653864e+00 2.485440039818983760e+00 2.586570080319908538e+00 3.390373723077198864e+00 3.497290224399425718e+00 3.504016368110255186e+00 3.626397157614827282e+00
3.961354540376240685e-01 4.443893656249344737e-01 7.072443801542704911e-01 7.891871551082291214e-01 8.456488744806570645e-01 1.024398838775911980e+00 1.049942825485942199e+00 1.068724111071504002e+00 1.153383664603866432e+00 1.263530642173753993e+00 1.318094531049808227e+00 1.361837127150220983e+00 1.671129075020285182e+00 1.739733891921600994e+00 1.754718991161240638e+00 1.836037524301342261e+00 1.854308137112803845e+00 1.946506170386744117e+00 1.954962080070463237e+00 2.002345866580352851e+00 2.035229810887598578e+00 2.046756632171625956e+00 2.354271418922264214e+00 2.457100538447495097e+00 2.481036831583284918e+00 2.582523023698191977e+00 3.411627539300631895e+00 3.484839576171403497e+00 3.496604265136985745e+00 3.626230400251897912e+00
4.098300052411306127e-01 4.298694467511403605e-01 6.962248690961500008e-01 7.996120740424844664e-01 8.290878879920250411e-01 1.052972429269256383e+00 1.064211353173629915e+00 1.072217384622592196e+00 1.115728721468229434e+00 1.261542725644849261e+00 1.324231443307201106e+00 1.345351503469642163e+00 1.689711466799855621e+00 1.740311895539311537e+00 1.744980770427477790e+00 1.840483451135715098e+00 1.851544395385681163e+00 1.950003977934353205e+00 1.954364213077584456e+00 2.012273343796612934e+00 2.029157854921903148e+00 2.048115573794250022e+00 2.354164314364273203e+00 2.464461241780273593e+00 2.476317961749052277e+00 2.579211087442023764e+00 3.433335850517851284e+00 3.469394641233723764e+00 3.490262099593110179e+00 3.625926722890250087e+00
4.164086797211838942e-01 4.171552284440234737e-01 6.924210009777109764e-01 8.105902482268337872e-01 8.110202225165000778e-01 1.068362017799785235e+00 1.077283977472679677e+00 1.080122309714515838e+00 1.080722393265960868e+00 1.261075387053276042e+00 1.332185024941661800e+00 1.332610762380482594e+00 1.697525763264824405e+00 1.740885234795709779e+00 1.741291933050450602e+00 1.846084179345022669e+00 1.846248492161411070e+00 1.954139707001638193e+00 1.954238213846796635e+00 2.021568392414440751e+00 2.021658280908363636e+00 2.051484966903775575e+00 2.353413836771947043e+00 2.471520594890090905e+00 2.471851293437378860e+00 2.577316529602796891e+00 3.453057458572740490e+00 3.453344168275723547e+00 3.485091133910569017e+00 3.625675021940073961e+00
4.118167486756581508e-01 4.210127582942035374e-01 6.934937169908337307e-01 7.981195924787372054e-01 8.220278457922616244e-01 1.050591439452933651e+00 1.067706491906770250e+00 1.085952696592717315e+00 1.101280871479114687e+00 1.263793870296775035e+00 1.323898495789184615e+00 1.342761894545589030e+00 1.691881545018737221e+00 1.739954805832124363e+00 1.744438458937929592e+00 1.839322159086609343e+00 1.852897631444466287e+00 1.952598465900889702e+00 1.955864790215415372e+00 2.013281908188499170e+00 2.029508490523596720e+00 2.051104235549253474e+00 2.353288472631661410e+00 2.466627397502511698e+00 2.476550932349858236e+00 2.578258699106227070e+00 3.437277246086793969e+00 3.462485945507862262e+00 3.490799512877159838e+00 3.625653867070975700e+00
4.113798043943964200e-01 4.209193700130707816e-01 6.917490486084870716e-01 7.907775158829728479e-01 8.259830299541517373e-01 1.027207468555649150e+00 1.066393416431286045e+00 1.089045816915127363e+00 1.122936943542243826e+00 1.272690857922735841e+00 1.316440640883431712e+00 1.354369934445564416e+00 1.679237063196026281e+00 1.737692928844248419e+00 1.749055466971001671e+00 1.831064151610979573e+00 1.860111258437427528e+00 1.951141558783142882e+00 1.957449923672504699e+00 2.005261962511900364e+00 2.036914346622292982e+00 2.049691050988760477e+00 2.353192922250859631e+00 2.461982274146576888e+00 2.480732941335582087e+00 2.581197657752016816e+00 3.421395866484728376e+00 3.459712542028292148e+00 3.506280277973060411e+00 3.625709508590239771e+00
4.092938760790208463e-01 4.253594956180181130e-01 6.783481185080652009e-01 7.926689560925993527e-01 8.226377165366683952e-01 1.010923634257540282e+00 1.065200332794195459e+00 1.092743831539933375e+00 1.143604155656666510e+00 1.286481455529869589e+00 1.309322275130558655e+00 1.366464147158065634e+00 1.663589113730810309e+00 1.734339909133429725e+00 1.751607885149509602e+00 1.821659790761921194e+00 1.865653945658327650e+00 1.949475756283255201e+00 1.958882384682854028e+00 1.999226279367219306e+00 2.043001608104734412e+00 2.047502000586170379e+00 2.353249288189239063e+00 2.458210539809989381e+00 2.483811122064808252e+00 2.586194335153624735e+00 3.405869307361113929e+00 3.452355860374690888e+00 3.523538171715276945e+00 3.625870498800779718e+00
4.005133936081551327e-01 4.412150317285486456e-01 6.517612079328546359e-01 7.849219645796912115e-01 8.302983161887073082e-01 1.001826908752057044e+00 1.064804234386518944e+00 1.099578021961078456e+00 1.163808572291026300e+00 1.294905998881917597e+00 1.309834331935795904e+00 1.378507356517299831e+00 1.646311712822416506e+00 1.730207017512600753e+00 1.751578341750045897e+00 1.811386945804796200e+00 1.866569597836033712e+00 1.946930612200572286e+00 1.960309509214524626e+00 1.997194696604365216e+00 2.040799324087881672e+00 2.051234921403322975e+00 2.353589066110933992e+00 2.455514528766750360e+00 2.485620839967633611e+00 2.593223060109179023e+00 3.391086884436389060e+00 3.442836585197366794e+00 3.539727746477333348e+00 3.626164064424478362e+00
3.887439363089151834e-01 4.655582609256854743e-01 6.163444812794063310e-01 7.559864894508768751e-01 8.572655722940971668e-01 9.991663378251838257e-01 1.064963773030938254e+00 1.110443114092256156e+00 1.184022089223939478e+00 1.285818970966962960e+00 1.327661500106654291e+00 1.390040461634068247e+00 1.627838432534091107e+00 1.725576046705384670e+00 1.749439067471621145e+00 1.800533349267666061e+00 1.860622849873365015e+00 1.942520574521472865e+00 1.961986364033442509e+00 2.000464300696740860e+00 2.034367279612409263e+00 2.056955106880929751e+00 2.354334060198119527e+00 2.453971886389562318e+00 2.486105312123760402e+00 2.602166490678128330e+00 3.377358893951051932e+00 3.431678283162225007e+00 3.554155689727072964e+00 3.626614929327071746e+00
3.755402646797751376e-01 4.966449517502170563e-01 5.758604610058238871e-01 7.165531015127222236e-01 8.916278211831577538e-01 1.002158271582463067e+00 1.065068843238593743e+00 1.124842836822321113e+00 1.204564816241692427e+00 1.272630100179675150e+00 1.347825774323333947e+00 1.400701183802505856e+00 1.608262020388090185e+00 1.720646225508372540e+00 1.745816598241097584e+00 1.789363684525419940e+00 1.847803454753207619e+00 1.935231032471181001e+00 1.963845000203864544e+00 2.008462341341961555e+00 2.026786282607881962e+00 2.062268744894964811e+00 2.355572090267428198e+00 2.453525142905528256e+00 2.485319427545464865e+00 2.612798423081762689e+00 3.364907358077117827e+00 3.419134595651071251e+00 3.566659954490061679e+00 3.627242767413968227e+00
3.616773695053221993e-01 5.282010932523562019e-01 5.374572384307603201e-01 6.712561778081707065e-01 9.280296732034846174e-01 1.011013848895572886e+00 1.064774127800373060e+00 1.141429351490629740e+00 1.225458369868768660e+00 1.257396514572023394e+00 1.367737157027813177e+00 1.410224537764642294e+00 1.587518007288795774e+00 1.715502036250308171e+00 1.741253551541327660e+00 1.778128545348772960e+00 1.829714183674062689e+00 1.924295121374886675e+00 1.965703330608750798e+00 2.015748324376620992e+00 2.022700471018509027e+00 2.067064461150304400e+00 2.357330592805356950e+00 2.453999259485736051e+00 2.483423604237225746e+00 2.624765778279875672e+00 3.353867199389881204e+00 3.405518118416961837e+00 3.577271101387057062e+00 3.628057315236003610e+00
3.475164411010228660e-01 4.879499876367914823e-01 5.734441661296680870e-01 6.231942474373047824e-01 9.608188720697889984e-01 1.028493141816749334e+00 1.063941203247800837e+00 1.158102753084070180e+00 1.239053699196301261e+00 1.249211183384327351e+00 1.386518537327024791e+00 1.418422883255490374e+00 1.565466091148016936e+00 1.710107410322547539e+00 1.736148185456181769e+00 1.767097537373861549e+00 1.808229337869946995e+00 1.909486133546114628e+00 1.967545209162097297e+00 2.009625491874015513e+00 2.033710265181744248e+00 2.071336688006621962e+00 2.359559358201326784e+00 2.455143953288276837e+00 2.480667251974373322e+00 2.637581538497044242e+00 3.344299800707855930e+00 3.391286921819690381e+00 3.586094797589278294e+00 3.629051516781754305e+00
3.330499272007372280e-01 4.452151601112624424e-01 5.717708550368981735e-01 6.176642320776482009e-01 9.838740267334642464e-01 1.057626329058922066e+00 1.063344515633828813e+00 1.170163887795072633e+00 1.227912441017144252e+00 1.269683783905292573e+00 1.403565317550548475e+00 1.425141073612186116e+00 1.541963810267020341e+00 1.704326470560264095e+00 1.730688516155416856e+00 1.756598527218223182e+00 1.785099189711957912e+00 1.891446805937910369e+00 1.969411721090902123e+00 2.002688583482617357e+00 2.046169244826566036e+00 2.075094179577865017e+00 2.362131382588523731e+00 2.456684686525411720e+00 2.477362579351868543e+00 2.650638340875298926e+00 3.336218866679589112e+00 3.377036794696266941e+00 3.593262047873841958e+00 3.630194049256200817e+00
3.178497014225166173e-01 4.061201292116094486e-01 5.234274060081655078e-01 6.603532829800872195e-01 9.981460089454831097e-01 1.059199560706056475e+00 1.099098417549897011e+00 1.168315012465272140e+00 1.228738919033490751e+00 1.291101373594856883e+00 1.418355678663601793e+00 1.430161792450991287e+00 1.517006744483825997e+00 1.697990569006296191e+00 1.724593962498394140e+00 1.747031618498198435e+00 1.762318612656055938e+00 1.871654794607605199e+00 1.971298802522533977e+00 1.996327666593542993e+00 2.057731752825228355e+00 2.078342973588917175e+00 2.364860184011284172e+00 2.458365386947158449e+00 2.473851574132272191e+00 2.663247480750080332e+00 3.329625457445086312e+00 3.363430330856580053e+00 3.598915411613069271e+00 3.631423421677617558e+00
3.010776619434848422e-01 3.740429507249612429e-01 4.770478928389244588e-01 7.026530671197890321e-01 1.007870678965005817e+00 1.054699737862683229e+00 1.142807078662090969e+00 1.154487947737424580e+00 1.241761811764789059e+00 1.311604867701567256e+00 1.429986866103977183e+00 1.433242772356258188e+00 1.491175773407038330e+00 1.691062634602766401e+00 1.716248331360534785e+00 1.738774372543738123e+00 1.743216623400674514e+00 1.852052429239499531e+00 1.973134822946731814e+00 1.990539650645129166e+00 2.067717599055609146e+00 2.081076753801220480e+00 2.367525189398969054e+00 2.459974347947526674e+00 2.470471128023628449e+00 2.674700060245052136e+00 3.324544555845946991e+00 3.351091675699210626e+00 3.603210893933310732e+00 3.632647854953070965e+00
2.825508449477476258e-01 3.522188698642905180e-01 4.348022027620176422e-01 7.421278723634422425e-01 1.014991194311901435e+00 1.047565029036620077e+00 1.137271737429255358e+00 1.188372143469419884e+00 1.257748645371038254e+00 1.330093339987138634e+00 1.429281288173936737e+00 1.440224735058905470e+00 1.467617271242277255e+00 1.683903305937085371e+00 1.703251876618309124e+00 1.731257437559325929e+00 1.732813337954255184e+00 1.834626626039808750e+00 1.974794416665167862e+00 1.985428162488607873e+00 2.075742855172122869e+00 2.083271333671098180e+00 2.369898239354909730e+00 2.461353156978055345e+00 2.467522527932428655e+00 2.684337756308583955e+00 3.321050477667240930e+00 3.340507439299767345e+00 3.606315949367734586e+00 3.633755914207008164e+00
2.648709323905761304e-01 3.415362747135434751e-01 3.985491194240038948e-01 7.759114494232687287e-01 1.020044667377679737e+00 1.037856884203840702e+00 1.124172285183212550e+00 1.231159920843592825e+00 1.271976373013529615e+00 1.345178399763211186e+00 1.413127849843112571e+00 1.446346112786445648e+00 1.454948227431053231e+00 1.677460917186171185e+00 1.688882934539721159e+00 1.726203020792715925e+00 1.728037127858605970e+00 1.821060339165958109e+00 1.976127626371411816e+00 1.981304963869174651e+00 2.081586322014397084e+00 2.084887123815134302e+00 2.371768521377321637e+00 2.462391444979913135e+00 2.465252096344441757e+00 2.691614888276845807e+00 3.319267755128128439e+00 3.331974905011781729e+00 3.608394031286169312e+00 3.634637036268202337e+00
2.523030853543519192e-01 3.411650848940632752e-01 3.700581716498406171e-01 7.998020331705292252e-01 1.023105828178027865e+00 1.028300306975239886e+00 1.116361486085800214e+00 1.267813241979990790e+00 1.281761790912262500e+00 1.355244757709192616e+00 1.388245800021926879e+00 1.449757341737515581e+00 1.451790925607944427e+00 1.673151553837808558e+00 1.678178777195246552e+00 1.723885112843333678e+00 1.725253972184861873e+00 1.812514521979148974e+00 1.976994191699216197e+00 1.978589933524883104e+00 2.085128610120357440e+00 2.085880184042372409e+00 2.372965288155232777e+00 2.462995094878567937e+00 2.463862869692064805e+00 2.696136447265240044e+00 3.319345098624551404e+00 3.325615769546244049e+00 3.609581308919297182e+00 3.635202412771064928e+00
2.478025795029480394e-01 3.506920473233559044e-01 3.507269953894058823e-01 8.086617046111413964e-01 1.024083582822897798e+00 1.024173444363557728e+00 1.113853945734811557e+00 1.285010301013274514e+00 1.285555145656572584e+00 1.358847088099931044e+00 1.374164487656671430e+00 1.450997841585770498e+00 1.451066028168392030e+00 1.672111343828576402e+00 1.673788957337084993e+00 1.723214567136326814e+00 1.724313720144321938e+00 1.809605149639558208e+00 1.977295245131606816e+00 1.977638405828387791e+00 2.086211195738826518e+00 2.086318970904307957e+00 2.373377124915585945e+00 2.463065110672196134e+00 2.463523116804955837e+00 2.697669100570039724e+00 3.321300983944767360e+00 3.321551964081323138e+00 3.609966810995100417e+00 3.635396979474327495e+00
3.339454090547072096e-01 4.699981400689154931e-01 8.164105700607969807e-01 8.209158246479880683e-01 8.445406209238454087e-01 8.815288729272012791e-01 9.713273582546565477e-01 1.070443467695661122e+00 1.237234850532013652e+00 1.272899310889866076e+00 1.343008167355019156e+00 1.422480627351718985e+00 1.583137380709111364e+00 1.713902697101408634e+00 1.787113809684376831e+00 1.821462998298386537e+00 1.868339806201783526e+00 1.952487471734924984e+00 1.956159538959660660e+00 1.967415064602551444e+00 2.051980438376790783e+00 2.059056536790712766e+00 2.349833491881679670e+00 2.441889348435992702e+00 2.494055233100556546e+00 2.598341415197140236e+00 3.341889427032810556e+00 3.504413409273465785e+00 3.536701429827048937e+00 3.625569261336943683e+00
3.384680799069142432e-01 4.683377210295514015e-01 8.137501892790897084e-01 8.196826679543641747e-01 8.437732786499259063e-01 8.824397438381011982e-01 9.759431665530375888e-01 1.056867595969064988e+00 1.237746202711950128e+00 1.279680378132902918e+00 1.343310440056345811e+00 1.422771769672081188e+00 1.582859435970205508e+00 1.713488812285122842e+00 1.781295418623378479e+00 1.826597766614588947e+00 1.868164429304617125e+00 1.947971929636305610e+00 1.955687900809059521e+00 1.972022947779694668e+00 2.050629800921845547e+00 2.061521809898694269e+00 2.349031580530473118e+00 2.440142410973118903e+00 2.491698268658464777e+00 2.599811636996937292e+00 3.344305842678040097e+00 3.485348982337440837e+00 3.539401416612682372e+00 3.639578930520742883e+00
3.515223127587316365e-01 4.634077359025604581e-01 8.051348702248917188e-01 8.172212460646038901e-01 8.423598435443931942e-01 8.850647748143178895e-01 9.824844099541167886e-01 1.027376231134594864e+00 1.239174796423452074e+00 1.295193686574709346e+00 1.344300226378160490e+00 1.423938268928174100e+00 1.582029951161165959e+00 1.712039938498146618e+00 1.769127221126333804e+00 1.836273602233887692e+00 1.867564498788338856e+00 1.939752623955634636e+00 1.954485306179064130e+00 1.980937186360167024e+00 2.046279463162556489e+00 2.068819419012339456e+00 2.346869678495485445e+00 2.435165459688069411e+00 2.484802395841471778e+00 2.604267854586242770e+00 3.351201829782554764e+00 3.441767379946777616e+00 3.547408876625273155e+00 3.667989801417539830e+00
3.717196693361998205e-01 4.553526395022915452e-01 7.916011871224886143e-01 8.142965075821932963e-01 8.408199637551142525e-01 8.889850292247545305e-01 9.530778520359203254e-01 1.026550914640724121e+00 1.241377482634249185e+00 1.312018871996400549e+00 1.346230986028480681e+00 1.426761338006744539e+00 1.580648600134521908e+00 1.709067856210866099e+00 1.755026077859601408e+00 1.844808418662293281e+00 1.866400757553994705e+00 1.930794353782055328e+00 1.953713614887994554e+00 1.991743250830157352e+00 2.038972472558779891e+00 2.079856692831684839e+00 2.344003486828976968e+00 2.427670179475748480e+00 2.473907154907967421e+00 2.611791695831986893e+00 3.360627178305569007e+00 3.388013338868653523e+00 3.559875122774478484e+00 3.698060187457585801e+00
3.971041053628101003e-01 4.444116761433875573e-01 7.734214514654881301e-01 8.111983273247347359e-01 8.382923115966657290e-01 8.904973328960379408e-01 9.036660069115505234e-01 1.048385536270300511e+00 1.244141309238141702e+00 1.326038413338738398e+00 1.349523594755594580e+00 1.432182043194921928e+00 1.578669226740959886e+00 1.704088880077859747e+00 1.740097395471967845e+00 1.849459164412292633e+00 1.864614709739512710e+00 1.921935529130807341e+00 1.954774697174522347e+00 2.004306262481885259e+00 2.029104662798210335e+00 2.092932987122274380e+00 2.341300196539632950e+00 2.418616092880247592e+00 2.459887672348736842e+00 2.622417503263710703e+00 3.322880161460402437e+00 3.377490363773144821e+00 3.575522358802751377e+00 3.725838950508109537e+00
4.237832959389831178e-01 4.325442461142149364e-01 7.461188480509739485e-01 8.082236765799246658e-01 8.308754344640588707e-01 8.532810502514023288e-01 9.014108329295164035e-01 1.074161164669972912e+00 1.247096337288833512e+00 1.335878561831165046e+00 1.354714687908727733e+00 1.440741628296285048e+00 1.575933166643462613e+00 1.696863970003562150e+00 1.724619700984115767e+00 1.849331206573910480e+00 1.862064784386008975e+00 1.913803754798317769e+00 1.958316156828594501e+00 2.016836503643623768e+00 2.019160675633583146e+00 2.106246734544736654e+00 2.339572569022263515e+00 2.408984345801782112e+00 2.443833706334672673e+00 2.636097885936761642e+00 3.257484674516558432e+00 3.392020187840974810e+00 3.592885787466232106e+00 3.750089323527832530e+00
4.131669065474335434e-01 4.563130192541712260e-01 7.035775997972050222e-01 8.053222573539681184e-01 8.102430547361784141e-01 8.380741110172665875e-01 9.070266325886717773e-01 1.100380790742700121e+00 1.249770960961767763e+00 1.341738713184650544e+00 1.362335584402062372e+00 1.452132906709270754e+00 1.572100127000998659e+00 1.687521753605239150e+00 1.708932239072702641e+00 1.845477602826910868e+00 1.858639174865348354e+00 1.906854353725252471e+00 1.963158774923465133e+00 2.005561078251077767e+00 2.034053657514940383e+00 2.118279828124626896e+00 2.339315253218490653e+00 2.399615775998442224e+00 2.426918118022042048e+00 2.652675089721177049e+00 3.190088118586970722e+00 3.407139137500729831e+00 3.610475330389928850e+00 3.770372828016508304e+00
3.940496201136100551e-01 4.849259629466767252e-01 6.527127897415083702e-01 7.940702920678075483e-01 8.040981350096813030e-01 8.318492521925339167e-01 9.125391431076875781e-01 1.125289775490735167e+00 1.251767601203292557e+00 1.344507230875062964e+00 1.372625514286829773e+00 1.465298780012807001e+00 1.566659460862542597e+00 1.676620855478048844e+00 1.693820400256052627e+00 1.839382116492966901e+00 1.855138261317829773e+00 1.901269687428793320e+00 1.965578403565402255e+00 1.997102956279008801e+00 2.049743608762712999e+00 2.128086394947960258e+00 2.340532420545185843e+00 2.391150918515537072e+00 2.410335373281316418e+00 2.671793754229136564e+00 3.123914243650722788e+00 3.421286733435482841e+00 3.626904202581473946e+00 3.786586523633167722e+00
3.727898753446444169e-01 5.105471354281863050e-01 6.059734843486964673e-01 7.855379061673660734e-01 8.029128254386119767e-01 8.259881566391887864e-01 9.173446562529883330e-01 1.147360408516839847e+00 1.252943712378502994e+00 1.345185910457603828e+00 1.385075755809782816e+00 1.478789062413293776e+00 1.559217741166054161e+00 1.665200428969607849e+00 1.680532395871241258e+00 1.832467151844244135e+00 1.852530635731180375e+00 1.897039714487068762e+00 1.961369838769426055e+00 1.995983069613180172e+00 2.064475418756002600e+00 2.135353337322071443e+00 2.342750130277460485e+00 2.384044598946674309e+00 2.395320397690739789e+00 2.692681448578632786e+00 3.062458525665341380e+00 3.433389175719544717e+00 3.640973820719641818e+00 3.798824876833670317e+00
3.517615083060330883e-01 5.309246953768639310e-01 5.706680320662315120e-01 7.807191886572955042e-01 8.026961350066412759e-01 8.203071283860399188e-01 9.210561990915301367e-01 1.164992323957833475e+00 1.253443163611709155e+00 1.344686569624147454e+00 1.398073097706715950e+00 1.490875427363868910e+00 1.550274409441705803e+00 1.654760624747775744e+00 1.670385398057484538e+00 1.826237414935220515e+00 1.851072754629502493e+00 1.894095421863813078e+00 1.953705559526289992e+00 1.999220761236811139e+00 2.076735152590446720e+00 2.140216348023289861e+00 2.345215365416292830e+00 2.378553826248299696e+00 2.383243631996280421e+00 2.713607197837323515e+00 3.010114042661443001e+00 3.442621958846970642e+00 3.651723071221117500e+00 3.807299276239854091e+00
3.355624284800702295e-01 5.432558754874274864e-01 5.503230955167522920e-01 7.782234000787935368e-01 8.032913258315369509e-01 8.156622418712976552e-01 9.233967929405948460e-01 1.176522891799113513e+00 1.253562408835724229e+00 1.343872490471261782e+00 1.408631787903050325e+00 1.499515896612220178e+00 1.542168399078376773e+00 1.647171939141630848e+00 1.664206318924636330e+00 1.821959536639932375e+00 1.850488788180969069e+00 1.892367483904658698e+00 1.947573619706406411e+00 2.002321206190444514e+00 2.084950337676666710e+00 2.142973208436235844e+00 2.347144636264554496e+00 2.374033005842159483e+00 2.376318138391771306e+00 2.730770284256096581e+00 2.973008318812477846e+00 3.448396759297994052e+00 3.658454141518186375e+00 3.812254342389536976e+00
3.293849625771170797e-01 5.412596876219349928e-01 5.499171307880088566e-01 7.774471160115928869e-01 8.038327589603938561e-01 8.136660767950985029e-01 9.241962219185158034e-01 1.180555803215065813e+00 1.253567538420695682e+00 1.343494220689052776e+00 1.412848987997179950e+00 1.502700581018846959e+00 1.538744417001006726e+00 1.644344772653413500e+00 1.662162998765931876e+00 1.820441594891111459e+00 1.850360102492976999e+00 1.891799506853305113e+00 1.945302266352961329e+00 2.003500758709597207e+00 2.087854546872681460e+00 2.143863518315955119e+00 2.347886218094548560e+00 2.371549603045961518e+00 2.374794882283369102e+00 2.737818078757131346e+00 2.959117340879822589e+00 3.450360856287739697e+00 3.660744894787832049e+00 3.813881910028775746e+00
5.362389091005069774e-01 5.391189853093720785e-01 5.393752631466245395e-01 6.850217120230891465e-01 7.698560783363770366e-01 7.703064035028324152e-01 1.063414492886769924e+00 1.137242860446792125e+00 1.137587270622693714e+00 1.412206646417869971e+00 1.452823266116775036e+00 1.453013462966031621e+00 1.584546854476624800e+00 1.584758014863856701e+00 1.707573439487407585e+00 1.816899043241217315e+00 1.817393826109821031e+00 1.931753597589171978e+00 1.931985638553480822e+00 2.047953397133824183e+00 2.048670698328608264e+00 2.119847896754391225e+00 2.374611285418986473e+00 2.374639409717241190e+00 2.377020387056301587e+00 2.699233550955640659e+00 2.957158407265950917e+00 3.570124022185703350e+00 3.570383919373566695e+00 3.814867468865191125e+00
5.175408092194458964e-01 5.178373716716525577e-01 5.426768352579874888e-01 6.794377414299885842e-01 7.887590851546439907e-01 7.891808720833390911e-01 1.068746445455735605e+00 1.130140174908688566e+00 1.130485409853070777e+00 1.407012168198689128e+00 1.481969953502719095e+00 1.482204792594871146e+00 1.554829175805681141e+00 1.555096367416251679e+00 1.706497725009010313e+00 1.825166018294665404e+00 1.825637512299497445e+00 1.928574423873657961e+00 1.928801669733370083e+00 2.039904273406329516e+00 2.040606198976398389e+00 2.138304373114180201e+00 2.363051722682755873e+00 2.381638287081472960e+00 2.381681672914791381e+00 2.694899985192047875e+00 2.966149747993959807e+00 3.570101922186360355e+00 3.570362325414108806e+00 3.814690506429220473e+00
4.938089260753398824e-01 4.941466190906499967e-01 5.685338516588460678e-01 6.747339739170737927e-01 8.071414832239589554e-01 8.075406148711963272e-01 1.074091680767553347e+00 1.120601446251803690e+00 1.120951049950442924e+00 1.398436841800177799e+00 1.508047093386610804e+00 1.508336389385392495e+00 1.529057302067192925e+00 1.529413678014485578e+00 1.705099847534851998e+00 1.835073188987830894e+00 1.835514994861318083e+00 1.928483734207397937e+00 1.928705098839253562e+00 2.029356044807343551e+00 2.030034542322960434e+00 2.156507819232813095e+00 2.345677496979394761e+00 2.391237370197640821e+00 2.391298361507097958e+00 2.681450901071021686e+00 2.997419477315919956e+00 3.565769908383237041e+00 3.566031780175795252e+00 3.811035665702029007e+00
4.692349851433257890e-01 4.696273277906530819e-01 6.112195929733442723e-01 6.712614085065975456e-01 8.241244371987744843e-01 8.245084875558228443e-01 1.079061705108518066e+00 1.109219691266420282e+00 1.109579246482689907e+00 1.387102061714532208e+00 1.492750982514543745e+00 1.492990297482150952e+00 1.545625171245524010e+00 1.545875571396453374e+00 1.703487541938403460e+00 1.845726607227348159e+00 1.846131794355746480e+00 1.931954428919626432e+00 1.932172749325413497e+00 2.016914136860413098e+00 2.017566643327774578e+00 2.173374999466374913e+00 2.325870603970126904e+00 2.402604794209664441e+00 2.402693479282526745e+00 2.663585846734989993e+00 3.044826995961401828e+00 3.557388006213022980e+00 3.557652234222795862e+00 3.803701604838574557e+00
4.452801185941381301e-01 4.457372774831798168e-01 6.664644394479216638e-01 6.698294740806125525e-01 8.387934184370886559e-01 8.391712895223825130e-01 1.083293687493428026e+00 1.096918889064786296e+00 1.097306984029864596e+00 1.373623650366416760e+00 1.465747694927434397e+00 1.466055478626761666e+00 1.574481534294809526e+00 1.574779151146556533e+00 1.701788589123757411e+00 1.856285037339326038e+00 1.856648329227688299e+00 1.938776616948229004e+00 1.939004556664429613e+00 2.003421035939764394e+00 2.004048391362550863e+00 2.186622612476901928e+00 2.306020394613470970e+00 2.415015804209386552e+00 2.415140087332608765e+00 2.644964842956136764e+00 3.102589698751033520e+00 3.545479939602392161e+00 3.545747287655429236e+00 3.792427631659189835e+00
4.235675568148105086e-01 4.240958845474863681e-01 6.687164640839212693e-01 7.320345811981161521e-01 8.500816503562101945e-01 8.504627402055412455e-01 1.084821334298861073e+00 1.085041337302238507e+00 1.086994750498961215e+00 1.358443567289105092e+00 1.439905503103346529e+00 1.440253683053772216e+00 1.602814219997044765e+00 1.603144934184272286e+00 1.700141472089940153e+00 1.866202859849983797e+00 1.866522807098275116e+00 1.947392823235362114e+00 1.947645137619917977e+00 1.990436913032812338e+00 1.991030498984559971e+00 2.191220877637232611e+00 2.291522032075299808e+00 2.427814551604908555e+00 2.427978266472058166e+00 2.627588841750849724e+00 3.166186202548795237e+00 3.530828182804762516e+00 3.531099237834596227e+00 3.776979719666615054e+00
4.058122486346570357e-01 4.064126457551773819e-01 6.698443155213961164e-01 8.019468917054064505e-01 8.567926254816496945e-01 8.571846379142045169e-01 1.074869555749533356e+00 1.075196633682523828e+00 1.088628347982748767e+00 1.341753714465357517e+00 1.415966812629415372e+00 1.416344106772564171e+00 1.629812889627049621e+00 1.630167411349732642e+00 1.698684020416113549e+00 1.874992548242053525e+00 1.875267414545239486e+00 1.953004630286880206e+00 1.953221586651382013e+00 1.982525274722028552e+00 1.982965862815679214e+00 2.181082379611039901e+00 2.289115476910646763e+00 2.440354518783194759e+00 2.440557960775849189e+00 2.612411578381091726e+00 3.232000767211049563e+00 3.514460023528837684e+00 3.514735139331459202e+00 3.757238306607804557e+00
3.936461347128008548e-01 3.943123330823409822e-01 6.724322311032785437e-01 8.578651005176382016e-01 8.582726723186592244e-01 8.729204057072211809e-01 1.068145827324023855e+00 1.068501775799335585e+00 1.089187636832020578e+00 1.323559320663602490e+00 1.394203328783899742e+00 1.394601876092451453e+00 1.655233519401483333e+00 1.655603739530530527e+00 1.697540915045807841e+00 1.881429975963987200e+00 1.881645413731427574e+00 1.949217151588085617e+00 1.949425333407220906e+00 1.986296138866037841e+00 1.986431534528214637e+00 2.158103232584454911e+00 2.297819087812812189e+00 2.451926025504857165e+00 2.452166689912965936e+00 2.599835931840105641e+00 3.297034354526150235e+00 3.497616021566189115e+00 3.497895267632681993e+00 3.733284021911986716e+00
3.883536940505509238e-01 3.890716628674631972e-01 6.762909148129252479e-01 8.528801488066494185e-01 8.532987144609406327e-01 9.409333728501086958e-01 1.065685403379680318e+00 1.066056740150211679e+00 1.088278772282087470e+00 1.303960540663246181e+00 1.374781864120301789e+00 1.375195253153409292e+00 1.679036093950056596e+00 1.679415429914291602e+00 1.696811475423359417e+00 1.882712760764677418e+00 1.882832911496438166e+00 1.943465323991280913e+00 1.943668623918950233e+00 1.995914818764986665e+00 1.995961458822452350e+00 2.129430319430885898e+00 2.311593663125303788e+00 2.461710223784185469e+00 2.461983478452790308e+00 2.590002364015764780e+00 3.358699086385983357e+00 3.481688332985887868e+00 3.481971479971367245e+00 3.705529575011165644e+00
3.905935066148218393e-01 3.913430701016172297e-01 6.811452279391101428e-01 8.424000560480392474e-01 8.428252257599643249e-01 1.001351893798924531e+00 1.067444347260421145e+00 1.067820767823724148e+00 1.085924102282675996e+00 1.283892696483950324e+00 1.357849995355030925e+00 1.358272675338419999e+00 1.696558293458538147e+00 1.701262589069380438e+00 1.701648211139290767e+00 1.876095407836553042e+00 1.876155607550388460e+00 1.943181528930211899e+00 1.943312244051731419e+00 2.005783181892267120e+00 2.005871131549759490e+00 2.100171938363746271e+00 2.326552705130041421e+00 2.468798219820386830e+00 2.469097938638057155e+00 2.582954309633610723e+00 3.414373096038237687e+00 3.468115435714095973e+00 3.468402172566353858e+00 3.675101876196818385e+00
4.002358937896935420e-01 4.009944280360437374e-01 6.866531832244263667e-01 8.277736773513600932e-01 8.282017221966113674e-01 1.047393103398126080e+00 1.072605529327805618e+00 1.072962399121510257e+00 1.082280059789447746e+00 1.266877433676589781e+00 1.343579039735303127e+00 1.344005871833535481e+00 1.696804687142214219e+00 1.721921787534342219e+00 1.722313942689105204e+00 1.862851184134350913e+00 1.862971037992350087e+00 1.947801906434802444e+00 1.947892341140733841e+00 2.014434451702603379e+00 2.014536597995959966e+00 2.073483153488234532e+00 2.340800035623592734e+00 2.472298478347604078e+00 2.472617569572518548e+00 2.578718156783842197e+00 3.458227357825542470e+00 3.458477506505503563e+00 3.459940159475639820e+00 3.645240832760531902e+00
4.164086797211838942e-01 4.171552284440234737e-01 6.924210009777109764e-01 8.105902482268337872e-01 8.110202225165000778e-01 1.068362017799785235e+00 1.077283977472679677e+00 1.080122309714515838e+00 1.080722393265960868e+00 1.261075387053276042e+00 1.332185024941661800e+00 1.332610762380482594e+00 1.697525763264824405e+00 1.740885234795709779e+00 1.741291933050450602e+00 1.846084179345022669e+00 1.846248492161411070e+00 1.954139707001638193e+00 1.954238213846796635e+00 2.021568392414440751e+00 2.021658280908363636e+00 2.051484966903775575e+00 2.353413836771947043e+00 2.471520594890090905e+00 2.471851293437378860e+00 2.577316529602796891e+00 3.453057458572740490e+00 3.453344168275723547e+00 3.485091133910569017e+00 3.625675021940073961e+00
