-1.942394340865948865e-01
-1.737268154925735164e-01
-1.532141968985521741e-01
-1.327015783045308317e-01
-1.121889597105094616e-01
-9.167634111648810535e-02
-7.116372252246676300e-02
-5.065110392844541370e-02
-3.013848533442405747e-02
-9.625866740402699503e-03
1.088675185361865673e-02
3.139937044764001123e-02
5.191198904166133971e-02
7.242460763568273063e-02
9.293722622970405911e-02
1.134498448237254431e-01
1.339624634177467577e-01
1.544750820117681001e-01
1.749877006057894702e-01
1.955003191998108125e-01
2.160129377938321826e-01
2.365255563878535250e-01
2.570381749818749229e-01
2.775507935758962375e-01
2.980634121699175521e-01
3.185760307639389222e-01
3.390886493579603478e-01
3.596012679519816624e-01
3.801138865460029770e-01
4.006265051400243471e-01
4.211391237340457727e-01
4.416517423280670873e-01
4.621643609220884019e-01
4.826769795161097720e-01
5.031895981101309756e-01
5.237022167041525122e-01
5.442148352981739379e-01
5.647274538921951414e-01
5.852400724862165671e-01
6.057526910802379927e-01
6.262653096742591963e-01
6.467779282682806219e-01
6.672905468623018255e-01
6.878031654563233621e-01
7.083157840503447877e-01
7.288284026443659913e-01
7.493410212383874169e-01
7.698536398324088426e-01
7.903662584264300461e-01
8.108788770204514718e-01
8.313914956144726753e-01
8.519041142084942120e-01
8.724167328025156376e-01
8.929293513965368412e-01
9.134419699905582668e-01
9.339545885845796924e-01
9.544672071786008960e-01
9.749798257726223216e-01
9.954924443666435252e-01
1.016005062960664951e+00
1.036517681554686376e+00
1.057030300148707580e+00
1.077542918742729006e+00
1.098055537336750431e+00
1.118568155930771857e+00
1.139080774524793283e+00
1.159593393118814486e+00
1.180106011712835912e+00
1.200618630306857115e+00
1.221131248900878541e+00
1.241643867494899967e+00
1.262156486088921170e+00
1.282669104682942596e+00
1.303181723276963799e+00
1.323694341870985225e+00
1.344206960465006651e+00
1.364719579059027854e+00
1.385232197653049280e+00
1.405744816247070705e+00
1.426257434841092131e+00
1.446770053435113557e+00
1.467282672029134760e+00
1.487795290623156186e+00
1.508307909217177611e+00
1.528820527811198815e+00
1.549333146405220241e+00
1.569845764999241444e+00
1.590358383593262870e+00
1.610871002187284295e+00
1.631383620781305499e+00
1.651896239375326925e+00
1.672408857969348128e+00
1.692921476563369554e+00
1.713434095157390757e+00
1.733946713751412405e+00
1.754459332345433831e+00
1.774971950939455034e+00
1.795484569533476682e+00
1.815997188127497886e+00
1.836509806721519089e+00
1.857022425315540293e+00
1.877535043909561940e+00
1.898047662503583144e+00
1.918560281097604348e+00
1.939072899691625995e+00
1.959585518285647199e+00
1.980098136879668402e+00
2.000610755473690272e+00
2.021123374067711254e+00
2.041635992661732679e+00
2.062148611255754105e+00
2.082661229849775530e+00
2.103173848443796512e+00
2.123686467037817938e+00
2.144199085631839363e+00
2.164711704225860789e+00
2.185224322819881770e+00
2.205736941413903640e+00
2.226249560007924622e+00
2.246762178601946047e+00
2.267274797195967917e+00
2.287787415789988898e+00
2.308300034384010324e+00
2.328812652978031306e+00
2.349325271572053175e+00
2.369837890166074157e+00
2.390350508760095583e+00
2.410863127354117008e+00
2.431375745948138434e+00
2.451888364542159415e+00
2.472400983136181285e+00
2.492913601730202267e+00
2.513426220324223692e+00
2.533938838918245118e+00
2.554451457512266543e+00
2.574964076106287969e+00
2.595476694700308951e+00
2.615989313294330820e+00
2.636501931888351802e+00
2.657014550482373227e+00
2.677527169076394653e+00
2.698039787670416079e+00
2.718552406264437060e+00
2.739065024858458930e+00
2.759577643452479911e+00
2.780090262046501337e+00
2.800602880640522319e+00
2.821115499234544188e+00
2.841628117828565170e+00
2.862140736422586595e+00
2.882653355016608021e+00
2.903165973610629447e+00
2.923678592204650872e+00
2.944191210798672298e+00
2.964703829392693724e+00
2.985216447986714705e+00
3.005729066580736575e+00
3.026241685174757556e+00
3.046754303768778982e+00
3.067266922362799964e+00
3.087779540956821833e+00
3.108292159550842815e+00
3.128804778144864240e+00
3.149317396738885666e+00
3.169830015332907092e+00
3.190342633926928517e+00
3.210855252520949943e+00
3.231367871114971368e+00
3.251880489708992350e+00
3.272393108303013776e+00
3.292905726897035201e+00
3.313418345491056627e+00
3.333930964085077608e+00
3.354443582679099478e+00
3.374956201273120460e+00
3.395468819867141885e+00
3.415981438461163311e+00
3.436494057055184737e+00
3.457006675649205718e+00
3.477519294243227588e+00
3.498031912837248569e+00
3.518544531431269995e+00
3.539057150025291421e+00
3.559569768619312846e+00
3.580082387213334272e+00
3.600595005807355253e+00
3.621107624401376679e+00
3.641620242995397660e+00
3.662132861589419974e+00
3.682645480183440956e+00
3.703158098777462381e+00
3.723670717371483363e+00
3.744183335965504789e+00
3.764695954559525770e+00
3.785208573153547640e+00
3.805721191747568621e+00
3.826233810341590047e+00
3.846746428935611473e+00
3.867259047529632454e+00
3.887771666123653880e+00
