0.000000000000000000e+00
3.546404038356341243e-02
7.092808076712682486e-02
1.063921211506902442e-01
1.418561615342536497e-01
1.773202019178170552e-01
2.127842423013804884e-01
2.482482826849438939e-01
2.837123230685072994e-01
3.191763634520707327e-01
3.546404038356341104e-01
3.901044442191975437e-01
4.276422618662014119e-01
4.651800795132052802e-01
5.027178971602090929e-01
5.402557148072130166e-01
5.777935324542168294e-01
6.153313501012207531e-01
6.499816433138396743e-01
6.846319365264585954e-01
7.192822297390775166e-01
7.539325229516964377e-01
7.885828161643153589e-01
8.232331093769342800e-01
8.578834025895532012e-01
8.925336958021721223e-01
9.271839890147910435e-01
9.618342822274099646e-01
9.964845754400288858e-01
1.031134868652647807e+00
1.065785161865266728e+00
1.098135269243500023e+00
1.130485376621733096e+00
1.162835483999966391e+00
1.195185591378199463e+00
1.227535698756432758e+00
1.259885806134665831e+00
1.292235913512899126e+00
1.324586020891132199e+00
1.356936128269365494e+00
1.389286235647598566e+00
1.421636343025831861e+00
1.454145046710765055e+00
1.486653750395698026e+00
1.519162454080631219e+00
1.551671157765564413e+00
1.584179861450497606e+00
1.616688565135430578e+00
1.649197268820363771e+00
1.681705972505296964e+00
1.714214676190230158e+00
1.746723379875163129e+00
1.779232083560096322e+00
1.811740787245029516e+00
1.843916059513889927e+00
1.876091331782750338e+00
1.908266604051610971e+00
1.940441876320471382e+00
1.972617148589331793e+00
2.004792420858192425e+00
2.036967693127052836e+00
2.066997947244655798e+00
2.097028201362258759e+00
2.127058455479862165e+00
2.157088709597465126e+00
2.187118963715068087e+00
2.217149217832671049e+00
2.247179471950274454e+00
2.277209726067877416e+00
2.307239980185480377e+00
2.337270234303083338e+00
2.367300488420686744e+00
2.397330742538289705e+00
2.427360996655892666e+00
2.457391250773495628e+00
2.487421504891099033e+00
2.487421504891099033e+00
2.519771612269332106e+00
2.552121719647565623e+00
2.584471827025798696e+00
2.616821934404031769e+00
2.649172041782264841e+00
2.681522149160498358e+00
2.713872256538731431e+00
2.746222363916964504e+00
2.778572471295197577e+00
2.810922578673431094e+00
2.843272686051664166e+00
2.843272686051664166e+00
2.875622793429897239e+00
2.907972900808130756e+00
2.940323008186363829e+00
2.972673115564596902e+00
3.005023222942829975e+00
3.037373330321063492e+00
3.069723437699296564e+00
3.102073545077529637e+00
3.134423652455762710e+00
3.166773759833996227e+00
3.199123867212229300e+00
